   3.7930977e-01   3.1034587e-01   3.1034436e-01
   1.0344408e-01   4.4828797e-01   4.4826796e-01
   1.9230591e-01   8.0769409e-01   0.0000000e+00
   1.7241319e-01   5.1724307e-01   3.1034374e-01
   6.1362826e-01   1.3636706e-01   2.5000469e-01
   2.8740225e-01   1.0180073e-01   6.1079702e-01
   2.6922989e-01   7.3077011e-01   0.0000000e+00
   9.3332828e-01   6.6671725e-02   0.0000000e+00
   8.6207340e-01   1.3792660e-01   0.0000000e+00
   4.9994869e-01   9.9959948e-05   4.9995135e-01
   2.4138119e-01   2.0689211e-01   5.5172670e-01
   9.6666749e-01   3.3332506e-02   0.0000000e+00
   4.4827463e-01   1.3793134e-01   4.1379403e-01
   4.1379470e-01   2.4137640e-01   3.4482890e-01
   3.5714210e-01   6.4285790e-01   0.0000000e+00
   7.3332945e-01   2.6667055e-01   0.0000000e+00
   4.6666684e-01   5.3333316e-01   0.0000000e+00
   1.0000178e-01   8.9999822e-01   0.0000000e+00
   5.8614602e-01   1.0339952e-04   4.1375058e-01
   6.0000145e-01   3.9999855e-01   0.0000000e+00
   4.3333166e-01   5.6666834e-01   0.0000000e+00
   2.3333250e-01   7.6666750e-01   0.0000000e+00
   5.5171350e-01   1.0345073e-01   3.4483577e-01
   1.0338336e-04   2.4135304e-01   7.5854357e-01
   3.7931235e-01   2.0689236e-01   4.1379529e-01
   2.7586250e-01   4.1379286e-01   3.1034464e-01
   4.3329727e-01   9.9983644e-05   5.6660274e-01
   1.3792779e-01   4.8276044e-01   3.7931177e-01
   2.0689758e-01   4.4827314e-01   3.4482928e-01
   1.6666806e-01   6.6666899e-02   7.6666505e-01
   2.8571818e-01   4.6427713e-01   2.5000469e-01
   3.1034496e-01   6.8965504e-01   0.0000000e+00
   8.1481582e-01   1.8518418e-01   0.0000000e+00
   4.0908611e-01   3.4090920e-01   2.5000469e-01
   9.9990008e-01   9.9924757e-05   0.0000000e+00
   6.9230918e-01   3.0769082e-01   0.0000000e+00
   5.1851994e-01   4.8148006e-01   0.0000000e+00
   1.0337088e-04   4.4822879e-01   5.5166784e-01
   7.4989311e-01   1.0220709e-04   2.5000469e-01
   1.0344449e-01   5.8620937e-01   3.1034614e-01
   2.4137928e-01   4.8275869e-01   2.7586203e-01
   1.0226442e-01   6.4773090e-01   2.5000469e-01
   5.5172119e-01   1.7241493e-01   2.7586388e-01
   1.7045470e-01   5.7954062e-01   2.5000469e-01
   7.6923323e-01   2.3076677e-01   0.0000000e+00
   3.4482584e-02   4.8275936e-01   4.8275805e-01
   3.3330926e-02   9.6666907e-01   0.0000000e+00
   1.0037926e-04   5.3565986e-01   4.6423976e-01
   6.6666255e-02   9.3333374e-01   0.0000000e+00
   4.0000052e-01   5.9999948e-01   0.0000000e+00
   1.0341731e-04   3.7927135e-01   6.2062523e-01
   6.8963513e-02   1.3792706e-01   7.9310942e-01
   1.3333335e-01   1.3333295e-01   7.3333370e-01
   5.6666270e-01   4.3333730e-01   0.0000000e+00
   1.0344335e-01   3.1037760e-01   5.8617904e-01
   1.0342274e-04   6.2062540e-01   3.7927118e-01
   1.0214965e-04   7.4989317e-01   2.5000469e-01
   6.5510455e-01   1.0338043e-04   3.4479207e-01
   2.0689705e-01   3.1034490e-01   4.8275805e-01
   3.4482810e-01   2.7586099e-01   3.7931091e-01
   2.4137777e-01   3.7931112e-01   3.7931112e-01
   9.9951305e-05   1.6665047e-01   8.3324958e-01
   4.1379466e-01   6.8962166e-02   5.1724318e-01
   1.0344798e-01   2.0689602e-01   6.8965599e-01
   6.4285707e-01   3.5714293e-01   0.0000000e+00
   6.8962717e-02   2.7586299e-01   6.5517429e-01
   3.4474365e-02   6.5517812e-01   3.1034751e-01
   1.7241289e-01   4.1379356e-01   4.1379355e-01
   5.1724037e-01   6.8965662e-02   4.1379397e-01
   3.6109626e-01   1.3450573e-01   5.0439801e-01
   3.1034487e-01   3.4482751e-01   3.4482762e-01
   1.7241374e-01   1.7241323e-01   6.5517303e-01
   3.7931163e-01   3.4480681e-02   5.8620769e-01
   1.3792975e-01   3.4482929e-01   5.1724096e-01
   9.9890726e-05   9.9990011e-01   0.0000000e+00
   4.4827713e-01   2.7586142e-01   2.7586145e-01
   6.8963595e-02   5.5172528e-01   3.7931113e-01
   5.1133570e-01   2.3865961e-01   2.5000469e-01
   2.7586010e-01   6.8965686e-02   6.5517421e-01
   8.9999924e-01   1.0000076e-01   0.0000000e+00
   1.3333494e-01   3.3334054e-02   8.3333101e-01
   3.4482611e-01   3.7931301e-01   2.7586089e-01
   3.1031274e-01   1.0334587e-04   6.8958391e-01
   2.0689675e-01   1.0344726e-01   6.8965599e-01
   2.7586378e-01   3.1034059e-01   4.1379563e-01
   6.8965616e-01   3.4482078e-02   2.7586176e-01
   1.0339677e-04   3.1031269e-01   6.8958391e-01
   1.9998281e-01   8.4005501e-05   7.9993318e-01
   6.8964694e-02   4.1379340e-01   5.1724190e-01
   3.3327755e-02   9.9998580e-02   8.6667367e-01
   2.7586227e-01   2.4137968e-01   4.8275805e-01
   1.4285559e-01   8.5714441e-01   0.0000000e+00
   2.7048456e-05   6.6663987e-02   9.3330896e-01
   2.3333346e-01   3.3332830e-02   7.3333371e-01
   3.1034464e-01   1.7241374e-01   5.1724162e-01
   6.2068767e-01   6.8965879e-02   3.1034645e-01
   4.8275852e-01   1.7241386e-01   3.4482762e-01
   1.7241361e-01   2.4137888e-01   5.8620751e-01
   9.9988977e-02   9.9323510e-05   8.9991170e-01
   9.8622205e-05   8.0546017e-05   9.9982083e-01
