   7.4989771e-01   1.0224817e-04   2.5000004e-01
   4.4827916e-01   2.7586042e-01   2.7586042e-01
   9.9990010e-01   9.9900610e-05   0.0000000e+00
   4.0000028e-01   5.9999972e-01   0.0000000e+00
   2.7585863e-01   3.1034630e-01   4.1379507e-01
   1.0080609e-04   5.7137755e-01   4.2852165e-01
   1.0329857e-04   6.5510472e-01   3.4479198e-01
   2.0689681e-01   2.4137721e-01   5.5172598e-01
   6.6668161e-02   1.6667793e-01   7.6665391e-01
   7.3333053e-01   2.6666947e-01   0.0000000e+00
   5.1852046e-01   4.8147954e-01   0.0000000e+00
   6.1363198e-01   1.3636798e-01   2.5000004e-01
   1.7241434e-01   4.8275697e-01   3.4482869e-01
   4.4822986e-01   1.0325036e-04   5.5166689e-01
   6.4285633e-01   3.5714367e-01   0.0000000e+00
   8.5715083e-01   1.4284917e-01   0.0000000e+00
   3.1034320e-01   6.8965680e-01   0.0000000e+00
   9.3333347e-01   6.6666530e-02   0.0000000e+00
   3.4483324e-01   1.7241231e-01   4.8275446e-01
   5.6666536e-01   4.3333464e-01   0.0000000e+00
   6.8958407e-01   1.0340780e-04   3.1031252e-01
   3.3412688e-02   5.0118767e-01   4.6539965e-01
   1.3333926e-01   1.6667872e-01   6.9998202e-01
   1.3793132e-01   4.4827473e-01   4.1379396e-01
   7.6667140e-01   2.3332860e-01   0.0000000e+00
   4.9995493e-01   9.9970755e-05   4.9994510e-01
   1.0227228e-01   6.4772769e-01   2.5000004e-01
   6.8965248e-02   3.4483014e-01   5.8620461e-01
   2.6923757e-01   7.3076243e-01   0.0000000e+00
   9.0000036e-01   9.9999639e-02   0.0000000e+00
   2.7272864e-01   4.7727132e-01   2.5000004e-01
   3.4481408e-02   2.4137251e-01   7.2414608e-01
   1.4285752e-01   8.5714248e-01   0.0000000e+00
   5.0000414e-01   2.4999582e-01   2.5000004e-01
   1.7240887e-01   1.0344505e-01   7.2414608e-01
   3.1034472e-01   2.4137937e-01   4.4827591e-01
   9.6666936e-01   3.3330640e-02   0.0000000e+00
   9.9904563e-05   1.9998029e-01   7.9991980e-01
   6.9230609e-01   3.0769391e-01   0.0000000e+00
   1.0321930e-04   3.1031185e-01   6.8958494e-01
   4.3333433e-01   5.6666567e-01   0.0000000e+00
   6.2062547e-01   1.0320176e-04   3.7927133e-01
   1.0000255e-01   8.9999745e-01   0.0000000e+00
   1.9230679e-01   8.0769321e-01   0.0000000e+00
   2.0455018e-01   5.4544978e-01   2.5000004e-01
   5.5172805e-01   1.3792983e-01   3.1034212e-01
   6.8965506e-02   5.8620690e-01   3.4482759e-01
   2.7586141e-01   6.8964261e-02   6.5517433e-01
   1.0224449e-04   7.4989772e-01   2.5000004e-01
   6.0000000e-01   4.0000000e-01   0.0000000e+00
   1.7241011e-01   2.0689733e-01   6.2069256e-01
   2.4137697e-01   1.7241432e-01   5.8620871e-01
   3.9456236e-01   6.7273866e-02   5.3816377e-01
   1.0344723e-01   5.1724199e-01   3.7931079e-01
   3.1031165e-01   1.0341475e-04   6.8958494e-01
   1.0038703e-04   4.6424366e-01   5.3565595e-01
   3.4481699e-02   6.8965593e-01   2.7586237e-01
   6.6665893e-02   9.3333411e-01   0.0000000e+00
   3.7930955e-01   2.0689686e-01   4.1379359e-01
   6.5518186e-01   6.8952103e-02   2.7586604e-01
   2.7586057e-01   3.7931372e-01   3.4482571e-01
   4.6666674e-01   5.3333326e-01   0.0000000e+00
   2.7586276e-01   2.0689474e-01   5.1724249e-01
   1.7241380e-01   3.1034491e-01   5.1724130e-01
   3.7927091e-01   1.0343299e-04   6.2062566e-01
   2.4135189e-01   1.0338006e-04   7.5854473e-01
   1.0344767e-01   2.4137799e-01   6.5517433e-01
   5.1723114e-01   2.0690096e-01   2.7586791e-01
   1.0342080e-04   3.7927092e-01   6.2062566e-01
   8.0769324e-01   1.9230676e-01   0.0000000e+00
   1.3793105e-01   2.7586198e-01   5.8620696e-01
   1.0344788e-01   3.7931255e-01   5.1723956e-01
   1.3793107e-01   5.8620679e-01   2.7586214e-01
   1.3331984e-01   9.9943915e-05   8.6658022e-01
   5.3932513e-01   1.0112274e-01   3.5955212e-01
   9.9788420e-05   1.3331999e-01   8.6658022e-01
   9.9941587e-05   9.9990006e-01   0.0000000e+00
   3.3330153e-02   9.6666985e-01   0.0000000e+00
   2.0689540e-01   1.3793027e-01   6.5517433e-01
   4.4827668e-01   1.0344739e-01   4.4827593e-01
   3.1034963e-01   1.0344755e-01   5.8620282e-01
   3.9285848e-01   3.5714149e-01   2.5000004e-01
   3.7931078e-01   3.1034434e-01   3.1034488e-01
   2.4137933e-01   4.4827584e-01   3.1034483e-01
   2.0689659e-01   4.1379300e-01   3.7931041e-01
   3.1034567e-01   3.4482585e-01   3.4482848e-01
   5.5171943e-01   3.4483130e-02   4.1379744e-01
   2.3333252e-01   7.6666748e-01   0.0000000e+00
   6.6662488e-02   6.2652696e-05   9.3327486e-01
   4.1379423e-01   2.4137776e-01   3.4482800e-01
   2.4137936e-01   2.7586204e-01   4.8275860e-01
   3.3323436e-02   6.6646894e-02   9.0002967e-01
   1.6666952e-01   3.3334055e-02   7.9999642e-01
   1.7241377e-01   3.7931036e-01   4.4827587e-01
   3.4482389e-01   2.7586364e-01   3.7931248e-01
   3.5714280e-01   6.4285720e-01   0.0000000e+00
   3.1034684e-01   4.1378926e-01   2.7586390e-01
   9.9999803e-02   1.0000378e-01   7.9999642e-01
   4.4827914e-01   1.7240838e-01   3.7931248e-01
   8.7955219e-05   9.0370839e-05   9.9982167e-01
