   3.2000026e-01   6.7999974e-01   0.0000000e+00
   6.1363681e-01   1.3636319e-01   2.5000000e-01
   6.8965713e-01   3.4480011e-02   2.7586285e-01
   5.1136385e-01   2.3863615e-01   2.5000000e-01
   2.0689512e-01   4.4827668e-01   3.4482819e-01
   6.6666139e-02   9.3333386e-01   0.0000000e+00
   1.6667359e-01   1.3333520e-01   6.9999121e-01
   4.3333612e-01   5.6666388e-01   0.0000000e+00
   5.5172012e-01   1.7241538e-01   2.7586450e-01
   1.6667023e-01   6.6662468e-02   7.6666730e-01
   7.3333008e-01   2.6666992e-01   0.0000000e+00
   2.4137780e-01   1.0344785e-01   6.5517436e-01
   3.7931041e-01   2.7586195e-01   3.4482764e-01
   9.6667856e-01   3.3321438e-02   0.0000000e+00
   5.5171312e-01   6.8967078e-02   3.7931981e-01
   6.0000023e-01   3.9999977e-01   0.0000000e+00
   5.6666113e-01   4.3333887e-01   0.0000000e+00
   3.1034240e-01   3.4482881e-01   3.4482880e-01
   2.3333416e-01   7.6666584e-01   0.0000000e+00
   2.6923711e-01   7.3076289e-01   0.0000000e+00
   3.0681886e-01   4.4318114e-01   2.5000000e-01
   8.6206867e-01   1.3793133e-01   0.0000000e+00
   6.4285737e-01   3.5714263e-01   0.0000000e+00
   2.4137994e-01   3.7930896e-01   3.7931110e-01
   4.9994833e-01   9.9288602e-05   4.9995238e-01
   1.4285766e-01   8.5714234e-01   0.0000000e+00
   9.3333390e-01   6.6666096e-02   0.0000000e+00
   5.8614630e-01   1.0331126e-04   4.1375039e-01
   1.0343867e-01   5.5173013e-01   3.4483120e-01
   9.9936557e-05   2.3331121e-01   7.6658886e-01
   1.9998010e-01   9.8844877e-05   7.9992106e-01
   1.0334938e-04   3.1031239e-01   6.8958426e-01
   1.3332027e-01   9.6567500e-05   8.6658316e-01
   1.7241362e-01   4.1379320e-01   4.1379318e-01
   4.6668207e-01   6.6668188e-02   4.6664974e-01
   2.4137990e-01   3.4482491e-02   7.2413761e-01
   7.6923018e-01   2.3076982e-01   0.0000000e+00
   4.4828116e-01   2.4137696e-01   3.1034187e-01
   2.7586544e-01   2.4138224e-01   4.8275232e-01
   1.0035953e-04   4.6424971e-01   5.3564993e-01
   9.9990023e-01   9.9774101e-05   0.0000000e+00
   1.0340414e-04   3.7927088e-01   6.2062572e-01
   1.9230565e-01   8.0769435e-01   0.0000000e+00
   7.4989817e-01   1.0182545e-04   2.5000000e-01
   1.3792072e-01   3.4487691e-01   5.1720237e-01
   1.0344597e-01   4.4827756e-01   4.4827647e-01
   1.0333998e-04   5.5166703e-01   4.4822963e-01
   3.1031235e-01   1.0339607e-04   6.8958426e-01
   9.9587321e-05   9.9990041e-01   0.0000000e+00
   4.6666823e-01   5.3333177e-01   0.0000000e+00
   6.8964396e-02   5.1724207e-01   4.1379353e-01
   3.6666699e-01   6.3333301e-01   0.0000000e+00
   8.1481479e-01   1.8518521e-01   0.0000000e+00
   1.3793026e-01   2.0689539e-01   6.5517436e-01
   6.8965514e-02   2.4137973e-01   6.8965476e-01
   2.0689728e-01   1.7241148e-01   6.2069124e-01
   2.0689657e-01   3.4482761e-01   4.4827582e-01
   1.0334045e-04   6.8958413e-01   3.1031253e-01
   3.3333695e-02   1.6666792e-01   7.9999839e-01
   1.0000478e-01   8.9999522e-01   0.0000000e+00
   1.0222942e-04   7.4989777e-01   2.5000000e-01
   5.8622068e-01   1.0342930e-01   3.1035002e-01
   1.0330199e-04   6.2062550e-01   3.7927120e-01
   4.8275745e-01   1.7241443e-01   3.4482812e-01
   5.1851856e-01   4.8148144e-01   0.0000000e+00
   3.4483379e-01   3.7930296e-01   2.7586325e-01
   1.3793071e-01   4.8275828e-01   3.7931102e-01
   3.7927108e-01   1.0320145e-04   6.2062572e-01
   6.9230863e-01   3.0769137e-01   0.0000000e+00
   3.7931136e-01   1.0344602e-01   5.1724262e-01
   1.3636403e-01   6.1363597e-01   2.5000000e-01
   6.8964823e-02   3.7930631e-01   5.5172887e-01
   4.1379311e-01   2.0689653e-01   3.7931035e-01
   2.7586208e-01   1.3793102e-01   5.8620690e-01
   6.6668901e-02   1.0000335e-01   8.3332775e-01
   6.8965879e-02   6.5517065e-01   2.7586347e-01
   4.2856973e-01   3.2143027e-01   2.5000000e-01
   3.3328969e-02   9.6667103e-01   0.0000000e+00
   2.0689644e-01   2.7586201e-01   5.1724155e-01
   3.7930859e-01   1.7241495e-01   4.4827647e-01
   4.1378884e-01   3.4482293e-02   5.5172887e-01
   8.9999462e-01   1.0000538e-01   0.0000000e+00
   1.0344825e-01   1.3793105e-01   7.5862070e-01
   6.9297540e-05   6.6656681e-02   9.3327402e-01
   6.6660111e-02   3.3331190e-02   9.0000870e-01
   1.7242220e-01   5.5170192e-01   2.7587588e-01
   9.6490725e-05   1.3332038e-01   8.6658312e-01
   2.7586235e-01   3.1034414e-01   4.1379351e-01
   3.1034483e-01   1.7241362e-01   5.1724155e-01
   4.4827466e-01   1.3793094e-01   4.1379439e-01
   2.4491222e-01   5.0508778e-01   2.5000000e-01
   2.7586203e-01   4.1379305e-01   3.1034492e-01
   3.4483198e-01   2.4137776e-01   4.1379026e-01
   6.8965613e-02   3.1034424e-01   6.2069014e-01
   1.7241484e-01   2.4137662e-01   5.8620853e-01
   6.5510471e-01   1.0286823e-04   3.4479242e-01
   2.4138132e-01   2.0688981e-01   5.5172887e-01
   4.0000000e-01   6.0000000e-01   0.0000000e+00
   3.4483152e-01   6.8959941e-02   5.8620853e-01
   9.4940111e-05   9.7335893e-05   9.9980772e-01
