   1.7241172e-01   1.0344853e-01   7.2413974e-01
   5.1851837e-01   4.8148163e-01   0.0000000e+00
   3.9999999e-01   6.0000001e-01   0.0000000e+00
   2.8571319e-01   4.6428661e-01   2.5000020e-01
   1.3793035e-01   8.6206965e-01   0.0000000e+00
   4.1375034e-01   1.0338648e-04   5.8614627e-01
   9.9999975e-02   9.0000002e-01   0.0000000e+00
   6.6662980e-02   9.3333702e-01   0.0000000e+00
   7.3075731e-01   2.6924269e-01   0.0000000e+00
   4.4827618e-01   1.7241320e-01   3.7931061e-01
   2.6666431e-01   7.3333569e-01   0.0000000e+00
   7.4989754e-01   1.0225641e-04   2.5000020e-01
   6.3333383e-01   3.6666617e-01   0.0000000e+00
   9.3333370e-01   6.6666297e-02   0.0000000e+00
   3.7930689e-01   2.0689770e-01   4.1379541e-01
   8.5714430e-01   1.4285570e-01   0.0000000e+00
   2.7586206e-01   4.1379312e-01   3.1034482e-01
   3.5714484e-01   6.4285516e-01   0.0000000e+00
   1.0222095e-04   7.4989758e-01   2.5000020e-01
   1.8518269e-01   8.1481731e-01   0.0000000e+00
   8.0769195e-01   1.9230805e-01   0.0000000e+00
   4.3332748e-01   9.9999505e-02   4.6667301e-01
   3.1034567e-01   2.0689630e-01   4.8275803e-01
   3.1034641e-01   1.3792663e-01   5.5172696e-01
   2.0689630e-01   4.1379324e-01   3.7931046e-01
   3.0769247e-01   6.9230753e-01   0.0000000e+00
   3.4483207e-01   3.7930775e-01   2.7586018e-01
   9.9990013e-01   9.9868198e-05   0.0000000e+00
   3.1035033e-01   3.4481602e-01   3.4483366e-01
   1.3792324e-01   5.5174940e-01   3.1032736e-01
   1.0344823e-01   4.1379312e-01   4.8275864e-01
   6.8965500e-02   6.2068967e-01   3.1034483e-01
   5.6666581e-01   4.3333419e-01   0.0000000e+00
   1.0341320e-04   3.7927146e-01   6.2062513e-01
   6.0000095e-01   3.9999905e-01   0.0000000e+00
   9.9729906e-05   9.9990027e-01   0.0000000e+00
   3.3332643e-02   9.6666736e-01   0.0000000e+00
   2.4137836e-01   3.4483017e-01   4.1379147e-01
   4.6666682e-01   5.3333318e-01   0.0000000e+00
   5.8620729e-01   1.0344768e-01   3.1034503e-01
   4.1379642e-01   2.4137323e-01   3.4483035e-01
   6.6667593e-02   1.3333539e-01   7.9999702e-01
   6.7999875e-01   3.2000125e-01   0.0000000e+00
   6.8965918e-01   3.4477574e-02   2.7586324e-01
   4.0908708e-01   3.4091271e-01   2.5000020e-01
   2.3076918e-01   7.6923082e-01   0.0000000e+00
   3.7931262e-01   6.8959936e-02   5.5172744e-01
   1.3636676e-01   6.1363303e-01   2.5000020e-01
   6.5510465e-01   1.0339768e-04   3.4479195e-01
   5.7954691e-01   1.7045289e-01   2.5000020e-01
   9.6666594e-01   3.3334056e-02   0.0000000e+00
   4.3333488e-01   5.6666512e-01   0.0000000e+00
   4.6423984e-01   1.0039140e-04   5.3565977e-01
   1.0081528e-04   5.7137656e-01   4.2852262e-01
   1.7241365e-01   1.7241382e-01   6.5517253e-01
   1.0043030e-04   4.6423980e-01   5.3565977e-01
   3.3333116e-02   6.6666334e-02   9.0000055e-01
   6.4772985e-01   1.0226995e-01   2.5000020e-01
   1.7241280e-01   2.4138333e-01   5.8620386e-01
   1.7241518e-01   4.8275446e-01   3.4483036e-01
   1.0344431e-01   5.1724368e-01   3.7931200e-01
   3.7931080e-01   3.1034460e-01   3.1034460e-01
   2.0689654e-01   3.1034483e-01   4.8275863e-01
   1.0341094e-04   6.5510464e-01   3.4479195e-01
   3.4482749e-02   3.1034483e-01   6.5517242e-01
   2.4138321e-01   6.8964556e-02   6.8965224e-01
   4.6429017e-01   2.8570962e-01   2.5000020e-01
   2.7586041e-01   1.0344584e-01   6.2069374e-01
   5.1722339e-01   2.0690425e-01   2.7587236e-01
   2.4137865e-01   2.0689871e-01   5.5172264e-01
   1.0000101e-01   6.6667076e-02   8.3333192e-01
   2.7583353e-01   1.0343024e-04   7.2406304e-01
   3.3401373e-02   5.0118900e-01   4.6540962e-01
   3.4479218e-01   1.0343267e-04   6.5510439e-01
   1.3792612e-01   4.4827842e-01   4.1379546e-01
   3.4479747e-02   6.8965732e-01   2.7586293e-01
   1.0344807e-01   3.1034442e-01   5.8620751e-01
   5.8621423e-01   3.4470676e-02   3.7931509e-01
   5.5166739e-01   1.0339853e-04   4.4822921e-01
   1.3792944e-01   3.4482332e-01   5.1724724e-01
   1.0340311e-04   2.0687516e-01   7.9302144e-01
   1.0344797e-01   2.4137939e-01   6.5517264e-01
   4.8275872e-01   3.4482561e-02   4.8275872e-01
   5.1724176e-01   6.8964825e-02   4.1379341e-01
   2.0687513e-01   1.0343328e-04   7.9302144e-01
   1.0344833e-01   1.7241318e-01   7.2413848e-01
   8.9999981e-01   1.0000019e-01   0.0000000e+00
   7.6666747e-01   2.3333253e-01   0.0000000e+00
   9.9991594e-02   7.8524120e-05   8.9992988e-01
   5.1723944e-01   1.3793159e-01   3.4482896e-01
   3.4482671e-01   2.7586245e-01   3.7931084e-01
   6.8965183e-02   3.7931043e-01   5.5172439e-01
   1.7241037e-01   3.7931203e-01   4.4827759e-01
   1.0325591e-04   2.7583359e-01   7.2406316e-01
   3.7931236e-01   1.3792646e-01   4.8276118e-01
   2.7586199e-01   2.7586227e-01   4.4827574e-01
   9.5628369e-05   1.3331935e-01   8.6658503e-01
   2.0689666e-01   5.1724122e-01   2.7586212e-01
   2.3503971e-05   3.3330879e-02   9.6664562e-01
   8.9410747e-05   9.8945427e-05   9.9981164e-01
