   1.0344816e-01   3.1034487e-01   5.8620698e-01
   9.9880249e-05   1.3332020e-01   8.6657992e-01
   8.9999977e-01   1.0000023e-01   0.0000000e+00
   6.8000074e-01   3.1999926e-01   0.0000000e+00
   5.6666688e-01   4.3333312e-01   0.0000000e+00
   9.9990008e-01   9.9918466e-05   0.0000000e+00
   5.9999948e-01   4.0000052e-01   0.0000000e+00
   3.5714126e-01   6.4285874e-01   0.0000000e+00
   3.1034481e-01   6.8965519e-01   0.0000000e+00
   5.3327988e-01   9.9985843e-05   4.6662014e-01
   7.3076739e-01   2.6923261e-01   0.0000000e+00
   7.4989764e-01   1.0225056e-04   2.5000011e-01
   1.0344755e-01   1.7241392e-01   7.2413853e-01
   6.6666112e-02   9.3333389e-01   0.0000000e+00
   1.0225189e-04   7.4989764e-01   2.5000011e-01
   1.0081395e-04   5.7136645e-01   4.2853274e-01
   8.5714246e-01   1.4285754e-01   0.0000000e+00
   4.8275807e-01   2.0689677e-01   3.1034516e-01
   6.3333320e-01   3.6666680e-01   0.0000000e+00
   4.6786810e-01   1.0026005e-01   4.3187185e-01
   2.6923444e-01   7.3076556e-01   0.0000000e+00
   1.6666586e-01   6.6664055e-02   7.6667008e-01
   1.0000009e-01   8.9999991e-01   0.0000000e+00
   6.5510469e-01   1.0339888e-04   3.4479191e-01
   3.4482877e-01   3.4479364e-02   6.2069187e-01
   1.3792944e-01   3.4482822e-01   5.1724233e-01
   3.2142732e-01   4.2857256e-01   2.5000011e-01
   3.4478548e-02   5.1724363e-01   4.4827782e-01
   2.3333262e-01   7.6666738e-01   0.0000000e+00
   3.9999995e-01   6.0000005e-01   0.0000000e+00
   5.4545565e-01   2.0454424e-01   2.5000011e-01
   3.1031278e-01   1.0342161e-04   6.8958380e-01
   4.1379546e-01   2.0689203e-01   3.7931251e-01
   1.7241035e-01   2.7586321e-01   5.5172644e-01
   1.9230400e-01   8.0769600e-01   0.0000000e+00
   1.7241416e-01   1.3792898e-01   6.8965687e-01
   1.0338567e-04   2.0686747e-01   7.9302914e-01
   3.4482759e-01   3.4482759e-01   3.1034483e-01
   2.0689653e-01   3.1034487e-01   4.8275859e-01
   5.5172463e-01   6.8964694e-02   3.7931068e-01
   9.3333424e-01   6.6665761e-02   0.0000000e+00
   9.6666825e-01   3.3331753e-02   0.0000000e+00
   6.8963391e-02   2.4137974e-01   6.8965687e-01
   2.1428364e-01   5.3571625e-01   2.5000011e-01
   4.2852503e-01   1.0081008e-04   5.7137416e-01
   1.3792258e-01   5.8621265e-01   2.7586478e-01
   9.9928254e-05   9.9990007e-01   0.0000000e+00
   5.8621030e-01   1.0344307e-01   3.1034663e-01
   1.3332013e-01   9.9944304e-05   8.6657992e-01
   3.3331461e-02   9.6666854e-01   0.0000000e+00
   6.8965560e-02   6.2068942e-01   3.1034502e-01
   4.8148132e-01   5.1851868e-01   0.0000000e+00
   2.0689655e-01   2.0689655e-01   5.8620690e-01
   3.1034437e-01   2.0689669e-01   4.8275894e-01
   1.0340453e-04   6.8958384e-01   3.1031275e-01
   2.0689739e-01   4.1379072e-01   3.7931188e-01
   5.3333195e-01   4.6666805e-01   0.0000000e+00
   2.4137636e-01   4.4828259e-01   3.1034105e-01
   2.4137931e-01   2.4137931e-01   5.1724138e-01
   5.1724152e-01   1.3793081e-01   3.4482768e-01
   4.4827632e-01   2.7586183e-01   2.7586184e-01
   8.0769327e-01   1.9230673e-01   0.0000000e+00
   1.0339987e-04   3.4479211e-01   6.5510449e-01
   4.4827652e-01   3.4481346e-02   5.1724213e-01
   6.8963310e-02   3.7931125e-01   5.5172544e-01
   6.1363754e-01   1.3636235e-01   2.5000011e-01
   3.7931264e-01   1.7240880e-01   4.4827856e-01
   2.4137954e-01   3.4479810e-02   7.2414065e-01
   3.4487628e-01   1.0344057e-01   5.5168315e-01
   1.0343437e-04   4.8270859e-01   5.1718798e-01
   3.3325240e-02   3.3325240e-02   9.3334952e-01
   1.3793110e-01   2.4137894e-01   6.2068996e-01
   2.4138043e-01   1.3792703e-01   6.2069254e-01
   3.1034483e-01   3.1034483e-01   3.7931035e-01
   1.4285242e-01   8.5714758e-01   0.0000000e+00
   4.3333535e-01   5.6666465e-01   0.0000000e+00
   7.6667076e-01   2.3332924e-01   0.0000000e+00
   1.0343012e-04   2.7583331e-01   7.2406326e-01
   1.0343657e-04   4.1375072e-01   5.8614585e-01
   1.9998165e-01   9.9914722e-05   7.9991844e-01
   4.2857365e-01   3.2142624e-01   2.5000011e-01
   3.4478074e-02   5.8620974e-01   3.7931219e-01
   1.0000078e-01   1.0000078e-01   7.9999843e-01
   2.4138286e-01   3.4481850e-01   4.1379864e-01
   2.7586207e-01   2.7586207e-01   4.4827586e-01
   1.3793088e-01   4.1379318e-01   4.4827594e-01
   2.7586092e-01   3.7931095e-01   3.4482813e-01
   1.0227241e-01   6.4772748e-01   2.5000011e-01
   1.0344635e-01   4.8275979e-01   4.1379387e-01
   6.6666605e-02   6.6666605e-02   8.6666679e-01
   3.4482759e-01   2.4137929e-01   4.1379311e-01
   6.8961378e-02   4.4827787e-01   4.8276075e-01
   1.3793140e-01   5.1724011e-01   3.4482849e-01
   2.7586223e-01   1.7241328e-01   5.5172449e-01
   6.8965785e-01   3.4477504e-02   2.7586465e-01
   4.1379393e-01   1.0344648e-01   4.8275960e-01
   3.7930843e-01   2.7586304e-01   3.4482853e-01
   2.7586316e-01   6.8964453e-02   6.5517239e-01
   5.8614632e-01   1.0342840e-04   4.1375026e-01
   9.7299215e-05   9.8830219e-05   9.9980387e-01
