   1.8518356e-01   8.1481644e-01   0.0000000e+00
   5.1724176e-01   1.0344762e-01   3.7931062e-01
   4.3333224e-01   5.6666776e-01   0.0000000e+00
   6.0000007e-01   3.9999993e-01   0.0000000e+00
   3.4481982e-02   6.8965573e-01   2.7586229e-01
   3.3549808e-02   5.3691692e-01   4.2953327e-01
   2.7585693e-01   1.7241120e-01   5.5173186e-01
   9.9998431e-02   9.0000157e-01   0.0000000e+00
   3.1034542e-01   1.0344748e-01   5.8620711e-01
   9.9990005e-01   9.9952342e-05   0.0000000e+00
   2.6666666e-01   7.3333334e-01   0.0000000e+00
   1.7045362e-01   5.7954638e-01   2.5000000e-01
   2.4137858e-01   4.4827629e-01   3.1034513e-01
   8.5714373e-01   1.4285627e-01   0.0000000e+00
   6.4285907e-01   3.5714093e-01   0.0000000e+00
   7.6667122e-01   2.3332878e-01   0.0000000e+00
   3.7499999e-01   3.7500001e-01   2.5000000e-01
   3.4482705e-01   3.4482787e-02   6.2069017e-01
   5.6666255e-01   4.3333745e-01   0.0000000e+00
   2.0687118e-01   1.0342539e-04   7.9302540e-01
   3.1031282e-01   1.0337499e-04   6.8958381e-01
   6.2069011e-01   1.0344762e-01   2.7586227e-01
   1.3792321e-01   5.1724607e-01   3.4483072e-01
   3.1034456e-01   2.0689631e-01   4.8275912e-01
   3.3332939e-02   9.6666706e-01   0.0000000e+00
   2.7586206e-01   2.7586208e-01   4.4827586e-01
   1.0227253e-01   6.4772747e-01   2.5000000e-01
   1.0220144e-04   7.4989779e-01   2.5000000e-01
   9.0000040e-01   9.9999597e-02   0.0000000e+00
   9.9989304e-05   9.9990001e-01   0.0000000e+00
   2.7272695e-01   4.7727305e-01   2.5000000e-01
   2.4137930e-01   2.4137932e-01   5.1724138e-01
   5.7954284e-01   1.7045716e-01   2.5000000e-01
   1.3793090e-01   3.7930998e-01   4.8275912e-01
   9.9932717e-05   4.9994899e-01   4.9995108e-01
   1.0344626e-01   3.4482187e-01   5.5173186e-01
   4.4827728e-01   2.4137869e-01   3.1034403e-01
   1.0115619e-04   6.0707722e-01   3.9282162e-01
   8.0769186e-01   1.9230814e-01   0.0000000e+00
   6.8181803e-01   6.8181967e-02   2.5000000e-01
   4.6539692e-01   3.3411089e-02   5.0119199e-01
   3.7931291e-01   1.0344222e-01   5.1724487e-01
   1.3792982e-01   8.6207018e-01   0.0000000e+00
   3.1034476e-01   4.1379324e-01   2.7586201e-01
   6.9230796e-01   3.0769204e-01   0.0000000e+00
   5.1728399e-01   2.0687828e-01   2.7583773e-01
   1.0000130e-01   3.3333445e-02   8.6666526e-01
   4.0000013e-01   5.9999987e-01   0.0000000e+00
   1.0341151e-04   2.7583278e-01   7.2406381e-01
   4.8147930e-01   5.1852070e-01   0.0000000e+00
   6.2062548e-01   1.0338056e-04   3.7927114e-01
   2.3076872e-01   7.6923128e-01   0.0000000e+00
   2.4137861e-01   3.4482782e-02   7.2413860e-01
   2.0687766e-01   5.1728532e-01   2.7583702e-01
   1.3793102e-01   1.3793103e-01   7.2413796e-01
   2.7586131e-01   3.7931075e-01   3.4482794e-01
   1.7241159e-01   4.4827706e-01   3.7931136e-01
   2.1428463e-01   3.5714038e-01   4.2857499e-01
   6.6668052e-02   9.3333195e-01   0.0000000e+00
   9.3333306e-01   6.6666937e-02   0.0000000e+00
   5.3566067e-01   1.0041810e-04   4.6423891e-01
   1.0340870e-04   6.5510472e-01   3.4479187e-01
   4.4827880e-01   1.3792542e-01   4.1379579e-01
   3.4482757e-01   3.4482760e-01   3.1034483e-01
   2.4137847e-01   1.3793119e-01   6.2069034e-01
   4.7727193e-01   2.7272807e-01   2.5000000e-01
   1.0342975e-04   2.0687117e-01   7.9302540e-01
   6.8964066e-02   4.1379375e-01   5.1724219e-01
   3.1034481e-01   3.1034483e-01   3.7931035e-01
   4.1379295e-01   3.1034508e-01   2.7586197e-01
   7.4989777e-01   1.0222352e-04   2.5000000e-01
   5.8620556e-01   6.8965739e-02   3.4482870e-01
   1.0341690e-04   4.1375043e-01   5.8614615e-01
   3.0769356e-01   6.9230644e-01   0.0000000e+00
   7.3333037e-01   2.6666963e-01   0.0000000e+00
   5.3332954e-01   4.6667046e-01   0.0000000e+00
   1.7241281e-01   3.1034520e-01   5.1724200e-01
   3.3336020e-02   6.6672164e-02   8.9999182e-01
   6.8958391e-01   1.0333734e-04   3.1031275e-01
   9.9644895e-05   1.3331999e-01   8.6658036e-01
   3.4482981e-01   2.4137441e-01   4.1379578e-01
   2.0689611e-01   1.0344805e-01   6.8965584e-01
   6.8965307e-02   3.1034492e-01   6.2068977e-01
   3.7930933e-01   1.7241420e-01   4.4827648e-01
   1.0344707e-01   5.8620773e-01   3.1034520e-01
   4.1379311e-01   2.0689654e-01   3.7931035e-01
   9.6666728e-01   3.3332715e-02   0.0000000e+00
   1.0344653e-01   4.4827696e-01   4.4827651e-01
   6.6669620e-02   1.3333949e-01   7.9999089e-01
   6.6651969e-02   9.2546834e-05   9.3325548e-01
   3.7931567e-01   2.7585223e-01   3.4483210e-01
   1.3793079e-01   2.7586210e-01   5.8620711e-01
   1.0338910e-04   3.4479432e-01   6.5510229e-01
   1.7241412e-01   2.0689550e-01   6.2069038e-01
   1.3333941e-01   6.6669698e-02   7.9999089e-01
   3.5714267e-01   6.4285733e-01   0.0000000e+00
   4.2853208e-01   1.0082921e-04   5.7136709e-01
   4.8275862e-01   1.7241367e-01   3.4482771e-01
   1.0344792e-01   2.0689623e-01   6.8965584e-01
   9.9254240e-05   8.8827341e-05   9.9981192e-01
