   2.7586176e-01   4.4827644e-01   2.7586180e-01
   9.9738868e-05   9.9990026e-01   0.0000000e+00
   9.6667019e-01   3.3329809e-02   0.0000000e+00
   6.4286044e-01   3.5713956e-01   0.0000000e+00
   1.3793045e-01   8.6206955e-01   0.0000000e+00
   6.9230661e-01   3.0769339e-01   0.0000000e+00
   4.6666718e-01   5.3333282e-01   0.0000000e+00
   7.3333253e-01   2.6666747e-01   0.0000000e+00
   3.4090935e-01   4.0909064e-01   2.5000000e-01
   5.8620972e-01   1.0344396e-01   3.1034632e-01
   1.8518261e-01   8.1481739e-01   0.0000000e+00
   3.4481151e-02   2.0689094e-01   7.5862791e-01
   9.3333340e-01   6.6666597e-02   0.0000000e+00
   4.4827522e-01   1.3793120e-01   4.1379358e-01
   9.9990010e-01   9.9898800e-05   0.0000000e+00
   3.0769206e-01   6.9230794e-01   0.0000000e+00
   5.1851731e-01   4.8148269e-01   0.0000000e+00
   3.3414180e-02   4.6540452e-01   5.0118130e-01
   4.3333475e-01   5.6666525e-01   0.0000000e+00
   1.0227409e-01   6.4772591e-01   2.5000000e-01
   7.4989793e-01   1.0206934e-04   2.5000000e-01
   5.6667119e-01   4.3332881e-01   0.0000000e+00
   5.5172336e-01   1.7241410e-01   2.7586254e-01
   5.0258357e-01   2.4741642e-01   2.5000000e-01
   5.8620835e-01   3.4480388e-02   3.7931126e-01
   3.5714493e-01   6.4285507e-01   0.0000000e+00
   8.1482036e-01   1.8517964e-01   0.0000000e+00
   9.9180078e-05   1.3332140e-01   8.6657942e-01
   6.1363578e-01   1.3636422e-01   2.5000000e-01
   1.9999935e-01   6.6665766e-02   7.3333488e-01
   3.3332418e-02   9.6666758e-01   0.0000000e+00
   7.6922847e-01   2.3077153e-01   0.0000000e+00
   2.6667315e-01   7.3332685e-01   0.0000000e+00
   2.4137941e-01   1.0344786e-01   6.5517273e-01
   2.4138038e-01   4.1379094e-01   3.4482867e-01
   1.7241225e-01   1.7241223e-01   6.5517552e-01
   1.0070211e-04   4.2852862e-01   5.7137068e-01
   1.0342445e-04   6.8958378e-01   3.1031279e-01
   3.1034484e-01   3.1034481e-01   3.7931035e-01
   1.0342980e-04   3.1031260e-01   6.8958397e-01
   8.6207155e-01   1.3792845e-01   0.0000000e+00
   8.9999853e-01   1.0000147e-01   0.0000000e+00
   1.3792971e-01   1.3792970e-01   7.2414060e-01
   1.0223939e-04   7.4989776e-01   2.5000000e-01
   3.4479035e-01   1.0319651e-04   6.5510645e-01
   2.3076932e-01   7.6923068e-01   0.0000000e+00
   1.0000768e-01   6.6670793e-02   8.3332153e-01
   6.8963720e-02   5.5172521e-01   3.7931107e-01
   2.7583395e-01   1.0342724e-04   7.2406262e-01
   3.1034434e-01   3.7931107e-01   3.1034459e-01
   6.6666252e-02   9.3333375e-01   0.0000000e+00
   6.6667534e-02   3.3333766e-02   8.9999870e-01
   4.4826222e-01   2.7586890e-01   2.7586888e-01
   3.4501449e-01   1.0341858e-01   5.5156693e-01
   2.0689515e-01   3.1034260e-01   4.8276225e-01
   3.9285909e-01   3.5714090e-01   2.5000000e-01
   4.4827957e-01   3.4474591e-02   5.1724584e-01
   1.0041376e-04   5.3566053e-01   4.6423905e-01
   2.4137911e-01   3.4482752e-01   4.1379337e-01
   1.0344334e-01   4.8276284e-01   4.1379382e-01
   6.8965760e-01   3.4479625e-02   2.7586277e-01
   6.8965378e-02   2.4137772e-01   6.8965690e-01
   4.8276018e-01   6.8963516e-02   4.4827630e-01
   3.7929318e-01   2.7587274e-01   3.4483409e-01
   3.4482064e-02   3.4482820e-01   6.2068973e-01
   9.9999990e-02   9.0000001e-01   0.0000000e+00
   1.7240764e-01   5.5173972e-01   2.7585264e-01
   1.3793095e-01   3.1034499e-01   5.5172406e-01
   1.0343084e-04   6.2062502e-01   3.7927155e-01
   1.0344951e-01   2.7585314e-01   6.2069735e-01
   4.1379626e-01   1.0344145e-01   4.8276229e-01
   6.0000357e-01   3.9999643e-01   0.0000000e+00
   2.7586207e-01   2.7586205e-01   4.4827587e-01
   4.8275435e-01   1.7241520e-01   3.4483045e-01
   1.7241492e-01   2.4137914e-01   5.8620594e-01
   1.7240970e-01   3.4481247e-02   7.9310905e-01
   2.4139182e-01   2.0689072e-01   5.5171746e-01
   3.1034367e-01   6.8965618e-02   6.2069072e-01
   3.7931056e-01   1.7241378e-01   4.4827566e-01
   4.0000009e-01   5.9999991e-01   0.0000000e+00
   4.2852862e-01   1.0070647e-04   5.7137068e-01
   1.3332291e-01   6.1614853e-05   8.6661548e-01
   2.0687463e-01   4.8279967e-01   3.1032570e-01
   1.7241405e-01   4.4827560e-01   3.7931035e-01
   2.3864949e-01   5.1135050e-01   2.5000000e-01
   4.1379310e-01   2.0689655e-01   3.7931035e-01
   6.5510465e-01   1.0338245e-04   3.4479197e-01
   5.3330641e-01   9.9875770e-05   4.6659371e-01
   1.3793053e-01   5.1724166e-01   3.4482782e-01
   5.1724259e-01   1.0344621e-01   3.7931121e-01
   3.4482843e-01   2.4137770e-01   4.1379387e-01
   2.7586271e-01   1.3793135e-01   5.8620594e-01
   1.7239955e-01   3.7936143e-01   4.4823902e-01
   1.0344390e-01   3.7931129e-01   5.1724481e-01
   3.1034454e-01   2.0689328e-01   4.8276217e-01
   6.8965504e-02   6.2068961e-01   3.1034489e-01
   4.0951542e-05   2.3332021e-01   7.6663883e-01
   6.6666881e-02   1.3332831e-01   8.0000480e-01
   4.9613456e-05   6.6662417e-02   9.3328797e-01
   9.2392818e-05   6.8344810e-05   9.9983926e-01
