   9.6666907e-01   3.3330927e-02   0.0000000e+00
   3.6666486e-01   6.3333514e-01   0.0000000e+00
   3.1034491e-01   3.4482741e-01   3.4482768e-01
   9.0000031e-01   9.9999695e-02   0.0000000e+00
   3.3332645e-02   9.6666735e-01   0.0000000e+00
   1.3792802e-01   4.8276031e-01   3.7931167e-01
   1.3792901e-01   8.6207099e-01   0.0000000e+00
   9.9954981e-05   4.9995247e-01   4.9994757e-01
   5.3565784e-01   1.0042693e-04   4.6424174e-01
   9.9963200e-05   2.3331002e-01   7.6659002e-01
   6.0000000e-01   4.0000000e-01   0.0000000e+00
   1.0227264e-01   6.4772736e-01   2.5000000e-01
   3.4479190e-01   1.0336997e-04   6.5510473e-01
   7.6666781e-01   2.3333219e-01   0.0000000e+00
   1.0000501e-01   8.9999499e-01   0.0000000e+00
   3.4482890e-01   2.0689613e-01   4.4827497e-01
   6.5510466e-01   1.0334421e-04   3.4479199e-01
   3.4484573e-01   1.0344536e-01   5.5170891e-01
   2.6923084e-01   7.3076916e-01   0.0000000e+00
   1.0000025e-01   6.6666834e-02   8.3333291e-01
   2.3076918e-01   7.6923082e-01   0.0000000e+00
   6.4285930e-01   3.5714070e-01   0.0000000e+00
   2.0454077e-01   5.4545923e-01   2.5000000e-01
   3.2000288e-01   6.7999712e-01   0.0000000e+00
   8.0769325e-01   1.9230675e-01   0.0000000e+00
   2.4137632e-01   6.8965796e-02   6.8965788e-01
   6.6668231e-02   9.3333177e-01   0.0000000e+00
   9.9990004e-01   9.9962402e-05   0.0000000e+00
   1.8518484e-01   8.1481516e-01   0.0000000e+00
   3.9285871e-01   3.5714129e-01   2.5000000e-01
   9.3333387e-01   6.6666130e-02   0.0000000e+00
   5.8621067e-01   3.4476542e-02   3.7931279e-01
   3.1034597e-01   4.1379094e-01   2.7586309e-01
   1.0343201e-04   5.5166713e-01   4.4822944e-01
   1.0340570e-04   3.1031269e-01   6.8958390e-01
   1.0224107e-04   7.4989776e-01   2.5000000e-01
   2.7583358e-01   1.0339382e-04   7.2406303e-01
   5.1851833e-01   4.8148167e-01   0.0000000e+00
   1.0341586e-04   3.7927123e-01   6.2062536e-01
   7.4989788e-01   1.0211665e-04   2.5000000e-01
   3.9999856e-01   6.0000144e-01   0.0000000e+00
   2.4137761e-01   4.1379403e-01   3.4482836e-01
   1.3793149e-01   3.7930827e-01   4.8276024e-01
   1.0000128e-01   1.3333385e-01   7.6666487e-01
   2.4138180e-01   2.4138183e-01   5.1723636e-01
   4.6667466e-01   5.3332534e-01   0.0000000e+00
   5.1723992e-01   2.0689718e-01   2.7586290e-01
   3.7931303e-01   3.1034347e-01   3.1034350e-01
   2.4137836e-01   4.8276065e-01   2.7586100e-01
   5.6666732e-01   4.3333268e-01   0.0000000e+00
   1.0343187e-04   6.8958391e-01   3.1031265e-01
   5.7954369e-01   1.7045631e-01   2.5000000e-01
   2.0686938e-01   1.0343269e-04   7.9302719e-01
   1.0341955e-04   6.2062558e-01   3.7927100e-01
   1.6667006e-01   1.0000145e-01   7.3332849e-01
   2.7586206e-01   2.7586209e-01   4.4827585e-01
   3.3559572e-02   4.2950333e-01   5.3693710e-01
   9.9910309e-05   1.6665014e-01   8.3324995e-01
   4.3333331e-01   5.6666669e-01   0.0000000e+00
   9.9987416e-05   9.9990001e-01   0.0000000e+00
   6.8181739e-01   6.8182614e-02   2.5000000e-01
   2.8571329e-01   4.6428671e-01   2.5000000e-01
   2.0689616e-01   3.1034610e-01   4.8275774e-01
   4.4822957e-01   1.0340660e-04   5.5166702e-01
   4.1379293e-01   1.7241384e-01   4.1379322e-01
   6.9230606e-01   3.0769394e-01   0.0000000e+00
   1.3793104e-01   1.7241369e-01   6.8965526e-01
   1.0344788e-01   4.4827606e-01   4.4827606e-01
   3.1034515e-01   6.8964526e-02   6.2069032e-01
   6.2068975e-01   1.0344815e-01   2.7586210e-01
   6.8965460e-02   5.8620693e-01   3.4482761e-01
   7.3333340e-01   2.6666660e-01   0.0000000e+00
   8.5714303e-01   1.4285697e-01   0.0000000e+00
   2.0689722e-01   2.0689725e-01   5.8620553e-01
   2.0689658e-01   1.3793105e-01   6.5517237e-01
   1.0344825e-01   3.4482760e-01   5.5172415e-01
   1.7240627e-01   4.1379687e-01   4.1379686e-01
   4.8275884e-01   1.7241341e-01   3.4482775e-01
   3.7931370e-01   3.4480769e-02   5.8620553e-01
   4.1379233e-01   2.4137963e-01   3.4482804e-01
   1.3790634e-01   5.8628092e-01   2.7581274e-01
   4.4827779e-01   6.8965260e-02   4.8275695e-01
   2.4137619e-01   3.4483589e-01   4.1378791e-01
   2.7586294e-01   1.7241275e-01   5.5172431e-01
   1.3793085e-01   2.4137935e-01   6.2068981e-01
   4.6428826e-01   2.8571174e-01   2.5000000e-01
   6.8965172e-02   2.7586219e-01   6.5517264e-01
   5.5172560e-01   1.0344590e-01   3.4482850e-01
   1.7241334e-01   5.1724169e-01   3.1034496e-01
   6.8963076e-02   5.1724276e-01   4.1379417e-01
   4.8275884e-01   1.0344794e-01   4.1379322e-01
   3.4482825e-01   2.7586177e-01   3.7930998e-01
   1.7241385e-01   2.7586184e-01   5.5172431e-01
   6.8964931e-02   2.0689546e-01   7.2413961e-01
   6.6629261e-02   6.9796765e-05   9.3330094e-01
   3.3333215e-02   9.9999964e-02   8.6666682e-01
   3.7930994e-01   1.3793084e-01   4.8275923e-01
   1.3331624e-01   9.6976018e-05   8.6658678e-01
   8.1855534e-05   6.6619405e-02   9.3329874e-01
   9.5032784e-05   9.5382212e-05   9.9980959e-01
