   1.0333245e-04   5.8614615e-01   4.1375052e-01
   3.7931080e-01   2.7586120e-01   3.4482800e-01
   4.4827912e-01   2.4137788e-01   3.1034301e-01
   5.6666698e-01   4.3333302e-01   0.0000000e+00
   1.0220120e-04   7.4989780e-01   2.5000000e-01
   9.9990008e-01   9.9920568e-05   0.0000000e+00
   8.0769299e-01   1.9230701e-01   0.0000000e+00
   4.7727287e-01   2.7272713e-01   2.5000000e-01
   5.3332476e-01   4.6667524e-01   0.0000000e+00
   6.5510471e-01   1.0334609e-04   3.4479195e-01
   6.1363790e-01   1.3636210e-01   2.5000000e-01
   2.7586113e-01   2.0689913e-01   5.1723973e-01
   1.3792984e-01   2.7586252e-01   5.8620764e-01
   4.3333408e-01   5.6666592e-01   0.0000000e+00
   1.0000004e-01   8.9999996e-01   0.0000000e+00
   4.6660359e-01   9.9971640e-05   5.3329644e-01
   6.9999942e-01   3.0000058e-01   0.0000000e+00
   1.3333859e-01   1.6667179e-01   6.9998962e-01
   3.3333410e-02   9.6666659e-01   0.0000000e+00
   1.3636323e-01   6.1363677e-01   2.5000000e-01
   2.7273680e-01   4.7726320e-01   2.5000000e-01
   2.0689665e-01   1.0344839e-01   6.8965496e-01
   6.6666732e-02   1.3333484e-01   7.9999843e-01
   3.4466684e-02   5.1724999e-01   4.4828333e-01
   2.3333444e-01   7.6666556e-01   0.0000000e+00
   1.0339211e-04   3.1031255e-01   6.8958406e-01
   1.0038554e-04   4.6425079e-01   5.3564883e-01
   6.5517149e-01   3.4482851e-01   0.0000000e+00
   3.1034158e-01   6.8965842e-01   0.0000000e+00
   3.1031260e-01   1.0334371e-04   6.8958406e-01
   7.3332875e-01   2.6667125e-01   0.0000000e+00
   3.8011059e-01   1.0331481e-01   5.1657461e-01
   2.0454623e-01   5.4545377e-01   2.5000000e-01
   9.3333383e-01   6.6666174e-02   0.0000000e+00
   5.5172312e-01   1.0344851e-01   3.4482837e-01
   4.8148204e-01   5.1851796e-01   0.0000000e+00
   5.5166706e-01   1.0341095e-04   4.4822953e-01
   1.4285657e-01   8.5714343e-01   0.0000000e+00
   7.6667149e-01   2.3332851e-01   0.0000000e+00
   2.6923045e-01   7.3076955e-01   0.0000000e+00
   3.4482758e-01   3.4482759e-01   3.1034482e-01
   4.0000005e-01   5.9999995e-01   0.0000000e+00
   9.0000014e-01   9.9999855e-02   0.0000000e+00
   4.1379106e-01   3.1034822e-01   2.7586071e-01
   7.4989781e-01   1.0218707e-04   2.5000000e-01
   9.6666840e-01   3.3331601e-02   0.0000000e+00
   6.8965076e-02   5.5172440e-01   3.7931052e-01
   3.1034482e-01   3.1034483e-01   3.7931035e-01
   3.5714571e-01   6.4285429e-01   0.0000000e+00
   2.0684571e-01   1.0339425e-04   7.9305090e-01
   1.0324068e-04   3.7927115e-01   6.2062561e-01
   2.4137934e-01   1.3793094e-01   6.2068972e-01
   9.9959397e-05   2.3331115e-01   7.6658889e-01
   9.9999588e-02   6.6666307e-02   8.3333411e-01
   5.1723459e-01   1.7241622e-01   3.1034919e-01
   6.6666827e-02   9.3333317e-01   0.0000000e+00
   4.1379294e-01   2.0689661e-01   3.7931045e-01
   3.3333391e-02   1.0000017e-01   8.6666644e-01
   1.9230821e-01   8.0769179e-01   0.0000000e+00
   2.7586210e-01   4.1379305e-01   3.1034486e-01
   8.5714744e-01   1.4285256e-01   0.0000000e+00
   3.7927099e-01   1.0340286e-04   6.2062561e-01
   9.9910295e-05   9.9990009e-01   0.0000000e+00
   3.4482824e-01   2.4137789e-01   4.1379388e-01
   1.0338317e-04   6.5510467e-01   3.4479195e-01
   2.4137786e-01   3.7931107e-01   3.7931107e-01
   4.1379434e-01   3.4479866e-02   5.5172579e-01
   5.8620824e-01   3.4480547e-02   3.7931121e-01
   3.1034688e-01   1.3792542e-01   5.5172770e-01
   1.3793103e-01   4.1379310e-01   4.4827586e-01
   6.0714262e-01   3.9285738e-01   0.0000000e+00
   7.6041445e-05   6.6659017e-02   9.3326494e-01
   1.7241448e-01   3.1034221e-01   5.1724331e-01
   6.8965509e-02   2.0689653e-01   7.2413796e-01
   3.1034512e-01   6.8964634e-02   6.2069025e-01
   4.4827525e-01   1.3793119e-01   4.1379357e-01
   5.4545246e-01   2.0454754e-01   2.5000000e-01
   9.9985767e-05   1.6665041e-01   8.3324960e-01
   3.5714312e-01   3.9285688e-01   2.5000000e-01
   4.8275993e-01   6.8963001e-02   4.4827707e-01
   2.7586206e-01   2.7586207e-01   4.4827586e-01
   1.0344798e-01   4.8275919e-01   4.1379283e-01
   1.7241444e-01   2.0689238e-01   6.2069317e-01
   6.6647866e-02   8.7246648e-05   9.3326489e-01
   6.8963469e-02   3.4483777e-01   5.8619877e-01
   2.0689581e-01   2.4137867e-01   5.5172552e-01
   6.5517554e-01   6.8961084e-02   2.7586338e-01
   1.3333339e-01   1.0000163e-01   7.6666499e-01
   1.0344604e-01   2.4137396e-01   6.5518000e-01
   1.0344492e-01   3.7933107e-01   5.1722401e-01
   1.3792924e-01   5.1724246e-01   3.4482830e-01
   3.4481172e-02   6.8965603e-01   2.7586280e-01
   1.0344868e-01   5.8620526e-01   3.1034606e-01
   3.7930849e-01   1.7241444e-01   4.4827707e-01
   2.4137978e-01   3.4481474e-02   7.2413875e-01
   1.3332017e-01   9.8129313e-05   8.6658170e-01
   2.0689651e-01   4.8275826e-01   3.1034523e-01
   2.0689602e-01   3.4482929e-01   4.4827469e-01
   1.7241760e-01   4.4827119e-01   3.7931121e-01
   7.9268610e-05   7.1300808e-05   9.9984943e-01
