   9.6666891e-01   3.3331091e-02   0.0000000e+00
   2.6666619e-01   7.3333381e-01   0.0000000e+00
   3.4482892e-01   1.0344481e-01   5.5172627e-01
   1.0344804e-01   3.1034592e-01   5.8620604e-01
   5.1724086e-01   1.0344839e-01   3.7931075e-01
   1.0000073e-01   8.9999927e-01   0.0000000e+00
   3.9999995e-01   6.0000005e-01   0.0000000e+00
   6.4285715e-01   3.5714285e-01   0.0000000e+00
   6.0000001e-01   3.9999999e-01   0.0000000e+00
   1.3793115e-01   8.6206885e-01   0.0000000e+00
   2.7272727e-01   4.7727273e-01   2.5000000e-01
   2.0001274e-01   3.3335399e-02   7.6665186e-01
   4.8148308e-01   5.1851692e-01   0.0000000e+00
   5.7954107e-01   1.7045893e-01   2.5000000e-01
   1.0343662e-04   3.7927115e-01   6.2062541e-01
   7.6666682e-01   2.3333318e-01   0.0000000e+00
   4.3333523e-01   5.6666477e-01   0.0000000e+00
   6.8181825e-01   6.8181747e-02   2.5000000e-01
   2.3076942e-01   7.6923058e-01   0.0000000e+00
   5.6666581e-01   4.3333419e-01   0.0000000e+00
   9.0000079e-01   9.9999212e-02   0.0000000e+00
   1.0344815e-01   2.0689657e-01   6.8965528e-01
   7.3076975e-01   2.6923025e-01   0.0000000e+00
   9.9999992e-02   6.6666660e-02   8.3333335e-01
   6.2068977e-01   1.0344811e-01   2.7586212e-01
   3.3333257e-02   6.6666602e-02   9.0000014e-01
   1.7045643e-01   5.7954357e-01   2.5000000e-01
   3.4479274e-01   1.0340975e-04   6.5510385e-01
   8.0769485e-01   1.9230515e-01   0.0000000e+00
   2.7586343e-01   1.0344391e-01   6.2069266e-01
   1.0227241e-01   6.4772759e-01   2.5000000e-01
   9.9981000e-05   1.3332959e-01   8.6657043e-01
   3.3331443e-02   9.6666856e-01   0.0000000e+00
   1.6666437e-01   1.3333406e-01   7.0000157e-01
   9.9928635e-05   9.9990007e-01   0.0000000e+00
   5.3327953e-01   9.9951024e-05   4.6662052e-01
   6.6985473e-02   4.3061890e-01   5.0239563e-01
   1.3793103e-01   2.4137931e-01   6.2068966e-01
   1.7241297e-01   2.7586234e-01   5.5172469e-01
   1.8518508e-01   8.1481492e-01   0.0000000e+00
   5.3333325e-01   4.6666675e-01   0.0000000e+00
   6.5510465e-01   1.0342896e-04   3.4479192e-01
   2.4138031e-01   6.8961772e-02   6.8965792e-01
   3.7931243e-01   3.4481530e-02   5.8620604e-01
   7.4989787e-01   1.0212737e-04   2.5000000e-01
   2.4137891e-01   2.0689666e-01   5.5172443e-01
   3.9285702e-01   3.5714298e-01   2.5000000e-01
   1.7241169e-01   3.7931131e-01   4.4827700e-01
   1.3792610e-01   4.4827843e-01   4.1379547e-01
   9.9928003e-05   5.3327955e-01   4.6662052e-01
   4.8275763e-01   1.7241412e-01   3.4482825e-01
   5.1724047e-01   2.0689694e-01   2.7586259e-01
   2.4137885e-01   3.4482883e-01   4.1379232e-01
   5.8620655e-01   6.8965575e-02   3.4482788e-01
   4.8275919e-01   6.8964424e-02   4.4827639e-01
   1.0216932e-04   7.4989783e-01   2.5000000e-01
   4.1379311e-01   2.7586207e-01   3.1034482e-01
   8.5714307e-01   1.4285693e-01   0.0000000e+00
   3.4476696e-02   1.7238438e-01   7.9313893e-01
   1.0340729e-04   3.1031272e-01   6.8958388e-01
   9.9990147e-02   9.9926772e-05   8.9990993e-01
   3.5714376e-01   6.4285624e-01   0.0000000e+00
   2.7586217e-01   3.7931011e-01   3.4482772e-01
   3.4483448e-02   6.8964899e-01   2.7586756e-01
   4.6423425e-01   1.0043196e-04   5.3566532e-01
   3.0769330e-01   6.9230670e-01   0.0000000e+00
   2.4137880e-01   4.4827702e-01   3.1034418e-01
   9.9990023e-01   9.9769324e-05   0.0000000e+00
   9.3333310e-01   6.6666901e-02   0.0000000e+00
   1.6665028e-01   9.9970788e-05   8.3324975e-01
   1.0340552e-04   4.4822977e-01   5.5166682e-01
   1.0344779e-01   5.1724166e-01   3.7931055e-01
   2.0689633e-01   4.1379322e-01   3.7931045e-01
   3.4482791e-01   2.0689581e-01   4.4827628e-01
   3.7931039e-01   2.4137921e-01   3.7931039e-01
   6.8961797e-02   5.8620925e-01   3.4482895e-01
   3.1034483e-01   1.7241379e-01   5.1724138e-01
   1.7241677e-01   4.8274971e-01   3.4483352e-01
   2.0689269e-01   5.1725037e-01   2.7585694e-01
   5.5172670e-01   3.4478306e-02   4.1379500e-01
   3.4482800e-01   3.1034400e-01   3.4482800e-01
   1.0342988e-04   6.5510465e-01   3.4479192e-01
   2.0689667e-01   1.7241335e-01   6.2068998e-01
   4.7727273e-01   2.7272727e-01   2.5000000e-01
   4.1379686e-01   1.0344743e-01   4.8275571e-01
   1.3793091e-01   5.5172454e-01   3.1034455e-01
   3.1034315e-01   2.7586274e-01   4.1379410e-01
   6.6668298e-02   9.3333170e-01   0.0000000e+00
   6.8965536e-01   3.1034464e-01   0.0000000e+00
   1.3793082e-01   1.0344807e-01   7.5862111e-01
   2.7583418e-01   1.0338604e-04   7.2406244e-01
   1.3792809e-01   3.4482798e-01   5.1724393e-01
   1.0338195e-04   2.4135395e-01   7.5854267e-01
   6.8965501e-02   2.7586222e-01   6.5517228e-01
   3.4481368e-02   5.5172495e-01   4.1379368e-01
   4.1379010e-01   1.7241467e-01   4.1379522e-01
   2.7586249e-01   2.4137976e-01   4.8275774e-01
   3.1034473e-01   4.1379316e-01   2.7586211e-01
   2.0689688e-01   3.1034538e-01   4.8275774e-01
   9.4745879e-05   9.9147598e-05   9.9980611e-01
