   8.9999403e-01   1.0000597e-01   0.0000000e+00
   7.3076633e-01   2.6923367e-01   0.0000000e+00
   6.4772481e-01   1.0227519e-01   2.5000000e-01
   6.8966130e-01   3.1033870e-01   0.0000000e+00
   9.9746141e-05   9.9990025e-01   0.0000000e+00
   8.5716343e-01   1.4283657e-01   0.0000000e+00
   4.3333391e-01   5.6666609e-01   0.0000000e+00
   9.3334098e-01   6.6659023e-02   0.0000000e+00
   3.3333046e-02   9.6666695e-01   0.0000000e+00
   5.5166671e-01   1.0339601e-04   4.4822989e-01
   2.6666517e-01   7.3333483e-01   0.0000000e+00
   1.0320334e-04   3.7927119e-01   6.2062561e-01
   5.6666231e-01   4.3333769e-01   0.0000000e+00
   8.0769360e-01   1.9230640e-01   0.0000000e+00
   1.0000269e-01   8.9999731e-01   0.0000000e+00
   4.6662190e-01   9.9613084e-05   5.3327849e-01
   3.7931135e-01   2.4137730e-01   3.7931135e-01
   2.7586006e-01   4.4827992e-01   2.7586002e-01
   6.8965088e-02   3.4482777e-01   5.8620715e-01
   6.4285600e-01   3.5714400e-01   0.0000000e+00
   1.3513159e-01   5.4054132e-01   3.2432708e-01
   1.3792505e-01   8.6207495e-01   0.0000000e+00
   2.7586146e-01   3.4482788e-01   3.7931066e-01
   2.3076841e-01   7.6923159e-01   0.0000000e+00
   1.0332575e-04   5.8614623e-01   4.1375044e-01
   4.8146875e-01   5.1853125e-01   0.0000000e+00
   7.6666819e-01   2.3333181e-01   0.0000000e+00
   1.8518590e-01   8.1481410e-01   0.0000000e+00
   9.6667028e-01   3.3329721e-02   0.0000000e+00
   9.9950449e-05   4.9996258e-01   4.9993747e-01
   6.2062551e-01   1.0319924e-04   3.7927129e-01
   1.0338756e-04   4.4822866e-01   5.5166795e-01
   1.3792231e-01   4.1379735e-01   4.4828035e-01
   4.1379762e-01   2.7585935e-01   3.1034303e-01
   1.6666797e-01   6.6667276e-02   7.6666475e-01
   4.1375082e-01   1.0341560e-04   5.8614576e-01
   4.8276528e-01   2.4137616e-01   2.7585856e-01
   3.1031295e-01   1.0340569e-04   6.8958364e-01
   5.8620685e-01   1.3793105e-01   2.7586210e-01
   5.5173243e-01   1.0343482e-01   3.4483275e-01
   1.3792398e-01   3.4483059e-01   5.1724543e-01
   3.4482899e-01   3.1034296e-01   3.4482806e-01
   3.4090848e-01   4.0909152e-01   2.5000000e-01
   3.4482649e-01   2.0689688e-01   4.4827664e-01
   6.5517709e-01   3.4475888e-02   3.1034702e-01
   5.1728009e-01   1.7239971e-01   3.1032020e-01
   2.0690089e-01   4.4826434e-01   3.4483477e-01
   1.0217216e-04   7.4989783e-01   2.5000000e-01
   6.8965620e-02   5.8620630e-01   3.4482808e-01
   3.4482776e-01   3.4482718e-02   6.2068953e-01
   6.6666086e-02   9.3333391e-01   0.0000000e+00
   4.4318158e-01   3.0681842e-01   2.5000000e-01
   1.0333744e-04   6.5510470e-01   3.4479196e-01
   4.4827889e-01   1.0344400e-01   4.4827711e-01
   1.7241269e-01   1.3793053e-01   6.8965678e-01
   6.8965690e-02   4.1378960e-01   5.1724471e-01
   1.0344612e-01   2.0689709e-01   6.8965679e-01
   3.1043857e-01   1.3791245e-01   5.5164898e-01
   1.7241308e-01   2.4137995e-01   5.8620698e-01
   6.6666529e-02   1.0000006e-01   8.3333341e-01
   1.9998115e-01   9.9816292e-05   7.9991904e-01
   7.4989790e-01   1.0210071e-04   2.5000000e-01
   1.3333218e-01   3.3333347e-02   8.3333447e-01
   1.0227406e-01   6.4772594e-01   2.5000000e-01
   3.1034205e-01   3.7931490e-01   3.1034305e-01
   1.0000260e-01   1.3333241e-01   7.6666499e-01
   5.4545631e-01   2.0454369e-01   2.5000000e-01
   2.0689270e-01   3.7931219e-01   4.1379511e-01
   1.0344829e-01   2.7586190e-01   6.2068981e-01
   2.0689723e-01   1.7241066e-01   6.2069211e-01
   1.7236238e-01   5.5185681e-01   2.7578081e-01
   3.5714464e-01   6.4285536e-01   0.0000000e+00
   4.8275749e-01   1.3793134e-01   3.7931116e-01
   1.0339376e-04   3.1031296e-01   6.8958364e-01
   1.0337372e-04   2.0685626e-01   7.9304036e-01
   6.8965475e-02   5.1723946e-01   4.1379506e-01
   3.0768979e-01   6.9231021e-01   0.0000000e+00
   9.9990114e-01   9.8862459e-05   0.0000000e+00
   2.0689617e-01   3.1034510e-01   4.8275872e-01
   6.0000499e-01   3.9999501e-01   0.0000000e+00
   5.3333371e-01   4.6666629e-01   0.0000000e+00
   3.9999935e-01   6.0000065e-01   0.0000000e+00
   2.4135782e-01   3.4474817e-02   7.2416737e-01
   4.4827424e-01   2.0689769e-01   3.4482807e-01
   3.4480608e-02   6.8965689e-01   2.7586250e-01
   5.1724081e-01   6.8964142e-02   4.1379505e-01
   2.7586261e-01   1.0344726e-01   6.2069013e-01
   9.1647229e-05   1.3332020e-01   8.6658815e-01
   1.3793390e-01   4.8274742e-01   3.7931868e-01
   4.1379534e-01   1.7240951e-01   4.1379515e-01
   3.1034407e-01   2.7586083e-01   4.1379510e-01
   2.4138400e-01   2.0688400e-01   5.5173199e-01
   3.7931213e-01   3.4482642e-01   2.7586145e-01
   2.7586226e-01   2.4137914e-01   4.8275861e-01
   3.8316042e-01   1.0280216e-01   5.1403742e-01
   9.9987295e-02   9.9501770e-05   8.9991320e-01
   3.4478611e-02   2.4135402e-01   7.2416737e-01
   7.4503841e-05   6.6650593e-02   9.3327490e-01
   2.4693674e-01   5.0306326e-01   2.5000000e-01
   9.3389055e-05   6.6739144e-05   9.9983987e-01
