   3.1035253e-01   1.3792950e-01   5.5171798e-01
   1.3792929e-01   3.4482251e-01   5.1724820e-01
   6.2062514e-01   1.0341984e-04   3.7927144e-01
   1.0000035e-01   8.9999965e-01   0.0000000e+00
   9.9971684e-05   9.9990003e-01   0.0000000e+00
   4.8147999e-01   5.1852001e-01   0.0000000e+00
   3.9999510e-01   2.0000983e-01   3.9999507e-01
   9.0000000e-01   1.0000000e-01   0.0000000e+00
   6.5517375e-01   3.4480783e-02   3.1034546e-01
   3.5714315e-01   6.4285685e-01   0.0000000e+00
   2.0689413e-01   3.1034577e-01   4.8276010e-01
   2.7586213e-01   2.4137928e-01   4.8275859e-01
   3.0769368e-01   6.9230632e-01   0.0000000e+00
   4.8275899e-01   6.8963161e-02   4.4827784e-01
   4.3333393e-01   5.6666607e-01   0.0000000e+00
   2.0000018e-01   3.3333334e-02   7.6666649e-01
   5.8621128e-01   1.0344157e-01   3.1034715e-01
   3.9999646e-01   6.0000354e-01   0.0000000e+00
   1.0344638e-01   1.0344653e-01   7.9310710e-01
   6.8965612e-01   3.1034388e-01   0.0000000e+00
   9.9955198e-05   2.3331059e-01   7.6658945e-01
   5.6666592e-01   4.3333408e-01   0.0000000e+00
   2.7586120e-01   3.7931080e-01   3.4482800e-01
   3.7927118e-01   1.0336995e-04   6.2062545e-01
   6.8965492e-02   2.0689644e-01   7.2413806e-01
   6.4285679e-01   3.5714321e-01   0.0000000e+00
   1.0344843e-01   5.8620628e-01   3.1034529e-01
   1.7241358e-01   1.7241384e-01   6.5517258e-01
   3.3334362e-02   1.6667540e-01   7.9999023e-01
   6.6665282e-02   9.3333472e-01   0.0000000e+00
   3.4482675e-01   2.0689540e-01   4.4827784e-01
   3.7933872e-01   1.3792470e-01   4.8273658e-01
   4.6423616e-01   1.0043386e-04   5.3566341e-01
   1.3792966e-01   8.6207034e-01   0.0000000e+00
   9.9990007e-01   9.9929783e-05   0.0000000e+00
   1.0342667e-04   4.4822961e-01   5.5166697e-01
   7.6666713e-01   2.3333287e-01   0.0000000e+00
   1.7241155e-01   2.7586282e-01   5.5172563e-01
   6.4772764e-01   1.0227143e-01   2.5000093e-01
   5.3333342e-01   4.6666658e-01   0.0000000e+00
   9.3333313e-01   6.6666868e-02   0.0000000e+00
   1.8518399e-01   8.1481601e-01   0.0000000e+00
   5.9999904e-01   4.0000096e-01   0.0000000e+00
   1.0227121e-01   6.4772786e-01   2.5000093e-01
   1.0081221e-04   5.7137548e-01   4.2852371e-01
   1.3333553e-01   1.3333573e-01   7.3332875e-01
   1.0344628e-01   5.1724255e-01   3.7931117e-01
   2.4137824e-01   3.4482808e-01   4.1379368e-01
   3.1034292e-01   4.1379671e-01   2.7586037e-01
   1.0339235e-04   3.1031355e-01   6.8958306e-01
   7.3076717e-01   2.6923283e-01   0.0000000e+00
   2.6666730e-01   7.3333270e-01   0.0000000e+00
   2.3076997e-01   7.6923003e-01   0.0000000e+00
   8.5714296e-01   1.4285704e-01   0.0000000e+00
   2.7272673e-01   4.7727234e-01   2.5000093e-01
   2.1428577e-01   5.3571330e-01   2.5000093e-01
   1.7241158e-01   3.7931057e-01   4.4827784e-01
   9.6666744e-01   3.3332560e-02   0.0000000e+00
   1.0344782e-01   3.1034342e-01   5.8620876e-01
   3.4443899e-02   3.8000721e-01   5.8554889e-01
   4.6429311e-01   2.8570596e-01   2.5000093e-01
   3.3333325e-02   9.6666667e-01   0.0000000e+00
   1.6665658e-01   9.9992332e-05   8.3324343e-01
   2.4138071e-01   2.0689196e-01   5.5172734e-01
   4.8275972e-01   1.7241191e-01   3.4482837e-01
   6.6666776e-02   6.6666875e-02   8.6666635e-01
   4.1379043e-01   3.1034624e-01   2.7586333e-01
   5.1724251e-01   1.0344631e-01   3.7931117e-01
   5.1718788e-01   1.0342878e-04   4.8270869e-01
   1.7241152e-01   5.5173001e-01   2.7585847e-01
   1.3793140e-01   4.4827439e-01   4.1379421e-01
   7.4989681e-01   1.0225709e-04   2.5000093e-01
   2.0689484e-01   1.0344741e-01   6.8965775e-01
   5.7954539e-01   1.7045368e-01   2.5000093e-01
   1.0339744e-04   6.8958386e-01   3.1031274e-01
   3.3329582e-02   4.9999292e-01   4.6667750e-01
   3.1034618e-01   2.7586153e-01   4.1379229e-01
   3.4483056e-01   3.1033890e-01   3.4483054e-01
   4.1379314e-01   2.4137924e-01   3.4482762e-01
   3.5714191e-01   3.9285716e-01   2.5000093e-01
   2.7586358e-01   1.0344668e-01   6.2068973e-01
   3.7931281e-01   6.8959463e-02   5.5172773e-01
   2.7583351e-01   1.0339801e-04   7.2406309e-01
   3.1034483e-01   3.4482759e-02   6.5517241e-01
   1.0222534e-04   7.4989685e-01   2.5000093e-01
   2.0689843e-01   4.1378782e-01   3.7931374e-01
   9.9897832e-05   1.3331988e-01   8.6658023e-01
   1.0344600e-01   4.1379420e-01   4.8275980e-01
   6.8963934e-02   2.7586253e-01   6.5517353e-01
   3.4481823e-02   6.2069026e-01   3.4482792e-01
   5.5172549e-01   3.4480387e-02   4.1379412e-01
   1.3793089e-01   2.4137934e-01   6.2068977e-01
   2.4137906e-01   4.4827632e-01   3.1034463e-01
   8.0769530e-01   1.9230470e-01   0.0000000e+00
   1.7240536e-01   4.8276374e-01   3.4483090e-01
   5.1723896e-01   2.0689761e-01   2.7586342e-01
   9.9983920e-02   9.7378003e-05   8.9991870e-01
   4.4827676e-01   1.3792931e-01   4.1379393e-01
   8.0918570e-05   6.6640956e-02   9.3327813e-01
   9.9062956e-05   9.5275613e-05   9.9980566e-01
