   9.9990011e-01   9.9891003e-05   0.0000000e+00
   1.0000088e-01   8.9999912e-01   0.0000000e+00
   5.6666709e-01   4.3333291e-01   0.0000000e+00
   4.8148127e-01   5.1851873e-01   0.0000000e+00
   9.6666870e-01   3.3331295e-02   0.0000000e+00
   6.4285621e-01   3.5714379e-01   0.0000000e+00
   3.2000035e-01   6.7999965e-01   0.0000000e+00
   3.4479208e-01   1.0342627e-04   6.5510449e-01
   9.8718151e-05   1.3331788e-01   8.6658340e-01
   1.0338538e-04   5.8614625e-01   4.1375036e-01
   8.5714326e-01   1.4285674e-01   0.0000000e+00
   3.3331732e-02   9.6666827e-01   0.0000000e+00
   9.3333398e-01   6.6666022e-02   0.0000000e+00
   2.4137743e-01   2.7586272e-01   4.8275984e-01
   9.9979350e-05   9.9990002e-01   0.0000000e+00
   4.3333222e-01   5.6666778e-01   0.0000000e+00
   2.0000453e-01   1.0000226e-01   6.9999321e-01
   6.5510463e-01   1.0341555e-04   3.4479195e-01
   1.0344949e-01   5.5171886e-01   3.4483164e-01
   1.0343055e-04   3.1031310e-01   6.8958347e-01
   3.6666292e-01   6.3333708e-01   0.0000000e+00
   6.6667109e-02   9.3333289e-01   0.0000000e+00
   1.0342876e-04   6.8958403e-01   3.1031254e-01
   5.3333130e-01   4.6666870e-01   0.0000000e+00
   3.7930735e-01   1.7241462e-01   4.4827802e-01
   1.7241412e-01   5.5172330e-01   2.7586259e-01
   4.3328918e-01   9.9981044e-05   5.6661084e-01
   6.8966179e-02   5.1723675e-01   4.1379707e-01
   3.4482030e-02   6.2069012e-01   3.4482785e-01
   1.0000001e-01   1.3333238e-01   7.6666760e-01
   6.8965524e-01   3.1034476e-01   0.0000000e+00
   3.3331445e-02   1.6666671e-01   8.0000184e-01
   2.4137904e-01   3.7931048e-01   3.7931048e-01
   1.0344707e-01   3.1035272e-01   5.8620021e-01
   3.1034378e-01   2.4138187e-01   4.4827435e-01
   1.7241124e-01   4.1379438e-01   4.1379438e-01
   2.4137898e-01   2.0689765e-01   5.5172337e-01
   5.1725911e-01   2.0688896e-01   2.7585194e-01
   1.7241254e-01   6.8965016e-02   7.5862244e-01
   7.6667044e-01   2.3332956e-01   0.0000000e+00
   1.9998114e-01   9.9841623e-05   7.9991902e-01
   8.9999812e-01   1.0000188e-01   0.0000000e+00
   1.0344766e-01   2.4137944e-01   6.5517291e-01
   1.0344469e-01   4.4827765e-01   4.4827766e-01
   1.4285713e-01   8.5714287e-01   0.0000000e+00
   9.9713288e-05   4.9995638e-01   4.9994391e-01
   1.3792683e-01   1.7241418e-01   6.8965899e-01
   8.0769211e-01   1.9230789e-01   0.0000000e+00
   3.7930970e-01   6.8965607e-02   5.5172469e-01
   1.7241026e-01   2.7586806e-01   5.5172168e-01
   5.1718772e-01   1.0342311e-04   4.8270886e-01
   2.6923124e-01   7.3076876e-01   0.0000000e+00
   4.8276015e-01   1.7241118e-01   3.4482868e-01
   9.9975409e-05   2.3330997e-01   7.6659006e-01
   3.1034433e-01   3.4482784e-01   3.4482784e-01
   6.8964965e-02   2.0689489e-01   7.2414014e-01
   2.0688854e-01   3.4483108e-01   4.4828038e-01
   4.6667167e-01   6.6662623e-02   4.6666570e-01
   1.3331807e-01   9.8524449e-05   8.6658340e-01
   6.2068987e-01   1.0344797e-01   2.7586216e-01
   6.6667207e-02   3.3333603e-02   8.9999919e-01
   3.7931008e-01   2.7586219e-01   3.4482774e-01
   5.7138871e-01   1.0080705e-04   4.2851048e-01
   1.9230798e-01   8.0769202e-01   0.0000000e+00
   2.3333320e-01   7.6666680e-01   0.0000000e+00
   2.7586179e-01   3.1034555e-01   4.1379266e-01
   2.4137822e-01   1.3793041e-01   6.2069136e-01
   6.0000261e-01   3.9999739e-01   0.0000000e+00
   6.8965530e-02   4.1379321e-01   5.1724126e-01
   1.7241386e-01   4.8275841e-01   3.4482772e-01
   1.3793120e-01   3.7930988e-01   4.8275892e-01
   7.3076830e-01   2.6923170e-01   0.0000000e+00
   7.4989774e-01   1.0222715e-04   2.5000003e-01
   5.1724294e-01   1.0344559e-01   3.7931147e-01
   2.7583316e-01   1.0335613e-04   7.2406348e-01
   5.8620766e-01   6.8964329e-02   3.4482801e-01
   3.1034748e-01   1.0344012e-01   5.8621241e-01
   2.7586293e-01   6.8962479e-02   6.5517459e-01
   4.1379310e-01   2.0689655e-01   3.7931034e-01
   6.8965989e-02   6.5517016e-01   2.7586385e-01
   4.4827541e-01   2.4137982e-01   3.1034477e-01
   1.0343666e-04   4.1375025e-01   5.8614632e-01
   3.9999873e-01   6.0000127e-01   0.0000000e+00
   4.1379245e-01   3.1034400e-01   2.7586355e-01
   1.7241165e-01   2.0689699e-01   6.2069136e-01
   3.4482767e-01   1.3793107e-01   5.1724126e-01
   6.6668376e-02   1.0000311e-01   8.3332851e-01
   2.4138545e-01   4.4826828e-01   3.1034627e-01
   4.4827704e-01   1.3793030e-01   4.1379266e-01
   6.8182025e-01   6.8179709e-02   2.5000004e-01
   9.9665238e-05   8.9435669e-05   9.9981090e-01
   3.1034564e-01   4.1379291e-01   2.7586145e-01
   2.4853651e-01   5.0146345e-01   2.5000004e-01
   1.3636502e-01   6.1363498e-01   2.5000000e-01
   5.7954462e-01   1.7045528e-01   2.5000010e-01
   3.4480928e-02   3.4482771e-01   6.2069136e-01
   3.5714389e-01   3.9285608e-01   2.5000003e-01
   8.3017409e-05   6.6653474e-02   9.3326351e-01
   4.7727271e-01   2.7272726e-01   2.5000003e-01
   1.0224072e-04   7.4989772e-01   2.5000004e-01
