   5.6666615e-01   4.3333385e-01   0.0000000e+00
   1.8518108e-01   8.1481892e-01   0.0000000e+00
   3.5864338e-01   6.7510321e-02   5.7384630e-01
   2.0689793e-01   4.8275518e-01   3.1034689e-01
   1.0344748e-01   4.4827628e-01   4.4827625e-01
   6.8965659e-01   3.4480775e-02   2.7586263e-01
   9.3333425e-01   6.6665750e-02   0.0000000e+00
   2.0689326e-01   3.4482902e-01   4.4827772e-01
   2.7586405e-01   1.7241304e-01   5.5172291e-01
   8.5714340e-01   1.4285660e-01   0.0000000e+00
   9.9924252e-05   9.9990008e-01   0.0000000e+00
   4.0908936e-01   3.4091058e-01   2.5000006e-01
   7.3076745e-01   2.6923255e-01   0.0000000e+00
   6.6665819e-02   9.3333418e-01   0.0000000e+00
   9.9961455e-05   4.6662246e-01   5.3327758e-01
   9.9990001e-01   9.9989831e-05   0.0000000e+00
   3.1034488e-01   2.0689654e-01   4.8275859e-01
   3.9999998e-01   6.0000002e-01   0.0000000e+00
   6.2068743e-01   6.8965923e-02   3.1034664e-01
   2.0689480e-01   2.0689478e-01   5.8621042e-01
   7.6666658e-01   2.3333342e-01   0.0000000e+00
   2.6666667e-01   7.3333333e-01   0.0000000e+00
   3.5714160e-01   6.4285840e-01   0.0000000e+00
   4.8276233e-01   1.0344139e-01   4.1379628e-01
   1.3793086e-01   2.4137951e-01   6.2068963e-01
   2.7586208e-01   3.1034480e-01   4.1379311e-01
   3.3332668e-02   9.6666733e-01   0.0000000e+00
   8.9999915e-01   1.0000085e-01   0.0000000e+00
   5.8620160e-01   3.4483199e-02   3.7931521e-01
   6.3333412e-01   3.6666588e-01   0.0000000e+00
   4.4827620e-01   6.8964824e-02   4.8275898e-01
   4.8148102e-01   5.1851898e-01   0.0000000e+00
   6.8965491e-02   2.7586427e-01   6.5517024e-01
   8.0769137e-01   1.9230863e-01   0.0000000e+00
   3.4479006e-02   6.5517496e-01   3.1034603e-01
   5.1136078e-01   2.3863916e-01   2.5000006e-01
   1.0227254e-01   6.4772740e-01   2.5000006e-01
   1.3793103e-01   3.7931034e-01   4.8275862e-01
   3.1034479e-01   1.0344479e-01   5.8621042e-01
   1.3792982e-01   5.8620772e-01   2.7586246e-01
   6.1363800e-01   1.3636194e-01   2.5000006e-01
   9.6666679e-01   3.3333211e-02   0.0000000e+00
   1.0223948e-04   7.4989770e-01   2.5000006e-01
   2.8571394e-01   4.6428601e-01   2.5000006e-01
   4.3333333e-01   5.6666667e-01   0.0000000e+00
   1.0341132e-04   5.5166697e-01   4.4822962e-01
   1.3333521e-01   1.0000058e-01   7.6666421e-01
   2.4138094e-01   1.0344882e-01   6.5517024e-01
   4.4822973e-01   1.0334512e-04   5.5166693e-01
   6.8961185e-02   5.1724379e-01   4.1379503e-01
   5.1724615e-01   1.3792309e-01   3.4483076e-01
   1.0116435e-04   3.9281688e-01   6.0708195e-01
   5.3333279e-01   4.6666721e-01   0.0000000e+00
   4.1379502e-01   1.3792704e-01   4.4827794e-01
   4.4827530e-01   2.7586297e-01   2.7586173e-01
   6.5510466e-01   1.0343329e-04   3.4479191e-01
   6.0000005e-01   3.9999995e-01   0.0000000e+00
   1.0339686e-04   6.2062535e-01   3.7927126e-01
   2.0687164e-01   1.0342998e-04   7.9302493e-01
   3.0769321e-01   6.9230679e-01   0.0000000e+00
   1.0344717e-01   5.5172482e-01   3.4482801e-01
   4.8275898e-01   2.0689641e-01   3.1034461e-01
   3.7931120e-01   2.0689477e-01   4.1379403e-01
   5.5172985e-01   1.7241159e-01   2.7585856e-01
   7.4989774e-01   1.0219821e-04   2.5000006e-01
   9.9999062e-02   9.0000094e-01   0.0000000e+00
   3.1031267e-01   1.0336310e-04   6.8958396e-01
   3.7927095e-01   1.0337887e-04   6.2062568e-01
   1.3793021e-01   8.6206979e-01   0.0000000e+00
   9.9999782e-02   6.6666507e-02   8.3333371e-01
   2.0454207e-01   5.4545787e-01   2.5000006e-01
   2.4137849e-01   3.7931075e-01   3.7931075e-01
   5.3566070e-01   1.0043193e-04   4.6423887e-01
   1.3792827e-01   4.8276022e-01   3.7931151e-01
   1.3333754e-01   9.9990676e-05   8.6656247e-01
   9.9933613e-05   1.6665059e-01   8.3324948e-01
   6.8000341e-01   3.1999659e-01   0.0000000e+00
   1.0343903e-01   1.7240184e-01   7.2415913e-01
   6.6668580e-02   1.3333777e-01   7.9999365e-01
   1.0344586e-01   3.4482848e-01   5.5172566e-01
   2.7586206e-01   4.1379312e-01   3.1034482e-01
   4.4827689e-01   1.7241190e-01   3.7931121e-01
   1.0337820e-04   3.1031266e-01   6.8958396e-01
   3.7931062e-01   3.1034503e-01   3.1034435e-01
   3.7930829e-01   1.0344839e-01   5.1724332e-01
   6.8964853e-02   4.1379182e-01   5.1724332e-01
   3.1034618e-01   3.4482564e-01   3.4482818e-01
   2.4137912e-01   2.7586214e-01   4.8275874e-01
   2.4136741e-01   3.4473466e-02   7.2415913e-01
   1.0343463e-04   2.4135668e-01   7.5853988e-01
   2.3076464e-01   7.6923536e-01   0.0000000e+00
   4.1379397e-01   2.4137778e-01   3.4482825e-01
   1.7241249e-01   3.1034418e-01   5.1724332e-01
   9.5425024e-05   9.7138508e-05   9.9980744e-01
   1.7241401e-01   4.1379257e-01   4.1379342e-01
   3.4483202e-01   3.7930777e-01   2.7586021e-01
   3.4482778e-01   2.7586172e-01   3.7931050e-01
   1.7241361e-01   1.3793059e-01   6.8965580e-01
   6.2300338e-05   9.9990039e-02   8.9994766e-01
   6.6664644e-02   2.9907024e-05   9.3330545e-01
