   3.3329374e-02   9.6667063e-01   0.0000000e+00
   1.0344686e-01   6.2069064e-01   2.7586251e-01
   9.9864008e-05   9.9990014e-01   0.0000000e+00
   6.6664895e-02   9.3333510e-01   0.0000000e+00
   2.4137751e-01   6.8965320e-02   6.8965717e-01
   6.1363306e-01   1.3636692e-01   2.5000002e-01
   1.4285527e-01   8.5714473e-01   0.0000000e+00
   3.7931271e-01   3.4482627e-01   2.7586102e-01
   3.4090955e-01   4.0909043e-01   2.5000002e-01
   2.3333291e-01   7.6666709e-01   0.0000000e+00
   1.7241398e-01   2.0689626e-01   6.2068976e-01
   4.3333302e-01   5.6666698e-01   0.0000000e+00
   6.5516815e-01   3.4483185e-01   0.0000000e+00
   1.0339707e-04   3.7927173e-01   6.2062487e-01
   1.9230634e-01   8.0769366e-01   0.0000000e+00
   2.6666618e-01   7.3333382e-01   0.0000000e+00
   7.3333217e-01   2.6666783e-01   0.0000000e+00
   3.4482892e-01   6.5517108e-01   0.0000000e+00
   1.3333409e-01   3.3333518e-02   8.3333239e-01
   5.5172278e-01   1.7241432e-01   2.7586290e-01
   2.7586830e-01   4.4827201e-01   2.7585969e-01
   4.6666585e-01   5.3333415e-01   0.0000000e+00
   1.0225014e-04   7.4989773e-01   2.5000002e-01
   6.8181892e-02   6.8181809e-01   2.5000002e-01
   6.7636452e-02   3.5746420e-01   5.7489935e-01
   8.1481578e-01   1.8518422e-01   0.0000000e+00
   1.7045686e-01   5.7954312e-01   2.5000002e-01
   5.1136234e-01   2.3863764e-01   2.5000002e-01
   9.9999989e-02   9.0000001e-01   0.0000000e+00
   3.7934159e-01   1.7240510e-01   4.4825332e-01
   8.6207048e-01   1.3792952e-01   0.0000000e+00
   6.9999934e-01   3.0000066e-01   0.0000000e+00
   9.3333189e-01   6.6668110e-02   0.0000000e+00
   5.7137248e-01   1.0070937e-04   4.2852682e-01
   4.8275774e-01   1.7241409e-01   3.4482817e-01
   6.6667144e-02   1.0000047e-01   8.3333239e-01
   6.6664413e-02   1.9999989e-01   7.3333569e-01
   1.7240742e-01   4.4827932e-01   3.7931326e-01
   1.0039073e-04   4.6425086e-01   5.3564875e-01
   4.2857461e-01   3.2142537e-01   2.5000002e-01
   5.1852176e-01   4.8147824e-01   0.0000000e+00
   3.7931096e-01   6.8964015e-02   5.5172503e-01
   2.4137749e-01   3.1034564e-01   4.4827686e-01
   7.4989777e-01   1.0220983e-04   2.5000002e-01
   5.6666734e-01   4.3333266e-01   0.0000000e+00
   7.6923218e-01   2.3076782e-01   0.0000000e+00
   4.6662777e-01   9.9982260e-05   5.3327225e-01
   3.4481582e-02   5.8620760e-01   3.7931082e-01
   1.6666495e-01   9.9999352e-02   7.3333569e-01
   3.9285712e-01   6.0714288e-01   0.0000000e+00
   6.5510465e-01   1.0343480e-04   3.4479192e-01
   3.7931040e-01   2.4137920e-01   3.7931040e-01
   3.1034497e-01   2.7586179e-01   4.1379325e-01
   2.7583347e-01   1.0335922e-04   7.2406317e-01
   9.9988214e-05   1.9998148e-01   7.9991854e-01
   9.6666948e-01   3.3330515e-02   0.0000000e+00
   6.6985073e-02   5.0239238e-01   4.3062254e-01
   3.4482766e-01   3.1034468e-01   3.4482766e-01
   3.4479249e-01   1.0341433e-04   6.5510409e-01
   1.0000067e-01   1.3333555e-01   7.6666377e-01
   3.4482755e-02   3.1034483e-01   6.5517242e-01
   1.0338961e-04   2.7583344e-01   7.2406317e-01
   3.1034516e-01   1.0344726e-01   5.8620758e-01
   4.4827739e-01   2.4137673e-01   3.1034588e-01
   4.4827679e-01   1.3792925e-01   4.1379395e-01
   4.1379311e-01   1.0344826e-01   4.8275863e-01
   4.1375035e-01   1.0336647e-04   5.8614628e-01
   1.3793122e-01   5.1724074e-01   3.4482804e-01
   2.0689869e-01   3.7930391e-01   4.1379741e-01
   1.3793074e-01   3.7931048e-01   4.8275879e-01
   3.4482982e-01   1.3792662e-01   5.1724356e-01
   2.7586243e-01   1.7241254e-01   5.5172503e-01
   2.3863620e-01   5.1136378e-01   2.5000002e-01
   6.0714446e-01   3.9285554e-01   0.0000000e+00
   9.9990011e-01   9.9886669e-05   0.0000000e+00
   2.7586333e-01   2.4137819e-01   4.8275848e-01
   1.0344827e-01   2.4137928e-01   6.5517245e-01
   5.0119329e-01   3.3408315e-02   4.6539839e-01
   6.8965883e-01   3.4478123e-02   2.7586305e-01
   2.0689702e-01   2.4137763e-01   5.5172536e-01
   5.5172416e-01   1.0344823e-01   3.4482761e-01
   1.0019329e-01   4.3223669e-01   4.6757001e-01
   1.3334027e-01   1.6667576e-01   6.9998397e-01
   2.4137974e-01   4.1379206e-01   3.4482820e-01
   2.7586156e-01   3.4482783e-01   3.7931061e-01
   2.0687258e-01   1.0342805e-04   7.9302399e-01
   1.0342883e-04   5.5166708e-01   4.4822949e-01
   3.1034513e-01   3.7931056e-01   3.1034431e-01
   2.0689692e-01   1.3793061e-01   6.5517247e-01
   1.3792662e-01   2.7586338e-01   5.8621000e-01
   6.2068831e-01   6.8965800e-02   3.1034589e-01
   2.0689657e-01   4.8275861e-01   3.1034482e-01
   4.9054048e-05   6.6654511e-02   9.3329643e-01
   3.0000003e-01   6.9999997e-01   0.0000000e+00
   9.3841506e-05   8.8841554e-05   9.9981732e-01
   9.9940194e-02   9.9971363e-05   8.9995983e-01
   1.0331371e-04   6.5510471e-01   3.4479198e-01
   1.7241069e-01   3.1034599e-01   5.1724332e-01
   8.9999996e-01   1.0000004e-01   0.0000000e+00
   9.3262243e-05   1.3331963e-01   8.6658711e-01
