   8.9999855e-01   1.0000145e-01   0.0000000e+00
   1.0075388e-04   5.7137582e-01   4.2852342e-01
   9.6667055e-01   3.3329451e-02   0.0000000e+00
   7.6923075e-01   2.3076925e-01   0.0000000e+00
   2.0689595e-01   2.4137949e-01   5.5172456e-01
   3.9285784e-01   6.0714216e-01   0.0000000e+00
   3.3333652e-02   9.6666635e-01   0.0000000e+00
   4.1375097e-01   1.0343039e-04   5.8614560e-01
   4.3333291e-01   5.6666709e-01   0.0000000e+00
   7.3333462e-01   2.6666538e-01   0.0000000e+00
   2.7586253e-01   3.1034370e-01   4.1379377e-01
   3.4483174e-01   6.5516826e-01   0.0000000e+00
   1.3792968e-01   1.3792661e-01   7.2414371e-01
   1.0343151e-04   6.5510467e-01   3.4479190e-01
   9.9803406e-05   9.9990020e-01   0.0000000e+00
   1.9230704e-01   8.0769296e-01   0.0000000e+00
   2.0689901e-01   4.8275246e-01   3.1034852e-01
   5.7954478e-01   1.7045522e-01   2.5000000e-01
   3.0000518e-01   6.9999482e-01   0.0000000e+00
   2.7586742e-01   4.4826517e-01   2.7586741e-01
   3.1034521e-01   2.4137837e-01   4.4827642e-01
   6.5517407e-01   3.4482593e-01   0.0000000e+00
   1.0000054e-01   8.9999946e-01   0.0000000e+00
   1.0342120e-01   5.1725720e-01   3.7932160e-01
   5.1852008e-01   4.8147992e-01   0.0000000e+00
   2.3331039e-01   9.9989730e-05   7.6658962e-01
   6.0714326e-01   3.9285674e-01   0.0000000e+00
   6.8965774e-02   6.2068825e-01   3.1034598e-01
   4.1379480e-01   2.4137620e-01   3.4482900e-01
   3.7931191e-01   6.8961698e-02   5.5172639e-01
   2.3332766e-01   7.6667234e-01   0.0000000e+00
   2.6666778e-01   7.3333222e-01   0.0000000e+00
   6.9999845e-01   3.0000155e-01   0.0000000e+00
   1.0344814e-01   3.1034532e-01   5.8620654e-01
   4.4827571e-01   2.7586231e-01   2.7586198e-01
   4.9995047e-01   9.9941627e-05   4.9994959e-01
   7.4989775e-01   1.0225362e-04   2.5000000e-01
   5.5166755e-01   1.0333032e-04   4.4822912e-01
   1.0000057e-01   3.3333434e-02   8.6666600e-01
   1.0344882e-01   2.0689232e-01   6.8965886e-01
   2.4137895e-01   6.8965533e-02   6.8965552e-01
   3.7931245e-01   2.0689214e-01   4.1379540e-01
   1.4285454e-01   8.5714546e-01   0.0000000e+00
   6.6666461e-02   1.6666672e-01   7.6666682e-01
   4.3187295e-01   1.0025786e-01   4.6786919e-01
   1.0223816e-04   7.4989776e-01   2.5000000e-01
   6.8958387e-01   1.0341077e-04   3.1031271e-01
   3.4482777e-01   3.4482234e-02   6.2068999e-01
   2.4137874e-01   2.7586110e-01   4.8276016e-01
   1.7240984e-01   3.1034650e-01   5.1724366e-01
   4.6666695e-01   5.3333305e-01   0.0000000e+00
   9.3333527e-01   6.6664727e-02   0.0000000e+00
   6.8965269e-02   3.7931242e-01   5.5172231e-01
   6.8181916e-01   6.8180841e-02   2.5000000e-01
   5.1724162e-01   1.7241341e-01   3.1034497e-01
   2.0689412e-01   3.4482865e-01   4.4827724e-01
   3.2143510e-01   4.2856490e-01   2.5000000e-01
   2.4137640e-01   3.7931181e-01   3.7931179e-01
   3.4481558e-02   5.1724202e-01   4.4827642e-01
   5.8620820e-01   6.8963437e-02   3.4482836e-01
   3.4482636e-01   1.3792998e-01   5.1724366e-01
   8.1481508e-01   1.8518492e-01   0.0000000e+00
   2.0454559e-01   5.4545441e-01   2.5000000e-01
   4.8275819e-01   1.3793115e-01   3.7931066e-01
   1.3793134e-01   2.4137758e-01   6.2069107e-01
   1.0335436e-04   3.7927110e-01   6.2062555e-01
   1.0339956e-04   2.4135219e-01   7.5854441e-01
   6.2069034e-01   1.0344729e-01   2.7586237e-01
   9.9990009e-01   9.9909452e-05   0.0000000e+00
   1.7241339e-01   4.4827608e-01   3.7931053e-01
   3.4480620e-02   6.8965670e-01   2.7586268e-01
   8.6206987e-01   1.3793013e-01   0.0000000e+00
   1.6665001e-01   9.9977539e-05   8.3325001e-01
   3.1034084e-01   3.4482958e-01   3.4482958e-01
   6.6666827e-02   9.3333317e-01   0.0000000e+00
   1.3791973e-01   4.1384019e-01   4.4824008e-01
   1.3636500e-01   6.1363500e-01   2.5000000e-01
   4.0909091e-01   3.4090909e-01   2.5000000e-01
   3.7930972e-01   3.1034595e-01   3.1034433e-01
   1.6666675e-01   6.6666426e-02   7.6666682e-01
   9.9965264e-05   1.6665002e-01   8.3325001e-01
   3.4482707e-01   3.7931127e-01   2.7586166e-01
   6.2062544e-01   1.0343140e-04   3.7927113e-01
   5.1723871e-01   6.8965897e-02   4.1379539e-01
   2.7586092e-01   1.0344844e-01   6.2069064e-01
   3.4482927e-01   2.7585854e-01   3.7931219e-01
   3.1031264e-01   1.0342694e-04   6.8958393e-01
   6.6667840e-02   9.9999277e-02   8.3333288e-01
   2.0689648e-01   1.7241374e-01   6.2068978e-01
   1.3792793e-01   5.5172614e-01   3.1034593e-01
   5.6666500e-01   4.3333500e-01   0.0000000e+00
   9.9424784e-05   4.6659721e-01   5.3330336e-01
   6.8924761e-02   4.4829888e-01   4.8277636e-01
   5.0217512e-01   2.4782488e-01   2.5000000e-01
   1.0343080e-04   3.1031264e-01   6.8958393e-01
   6.6618131e-02   9.9034321e-05   9.3328284e-01
   2.7586210e-01   1.7241396e-01   5.5172394e-01
   5.3842649e-05   9.9991874e-02   8.9995428e-01
   6.8963747e-02   2.7586219e-01   6.5517406e-01
   9.4994653e-05   9.7743853e-05   9.9980726e-01
