   8.0769207e-01   1.9230793e-01   0.0000000e+00
   6.9999964e-01   3.0000036e-01   0.0000000e+00
   8.5714244e-01   1.4285756e-01   0.0000000e+00
   9.9990004e-01   9.9962122e-05   0.0000000e+00
   9.9999961e-02   9.0000004e-01   0.0000000e+00
   2.0689697e-01   3.7930909e-01   4.1379394e-01
   4.4827720e-01   1.7241133e-01   3.7931147e-01
   4.8275863e-01   2.4137931e-01   2.7586207e-01
   3.9999992e-01   6.0000008e-01   0.0000000e+00
   3.0768936e-01   6.9231064e-01   0.0000000e+00
   1.3793125e-01   8.6206875e-01   0.0000000e+00
   3.3333112e-02   9.6666689e-01   0.0000000e+00
   1.7241398e-01   2.4137924e-01   5.8620678e-01
   3.2142846e-01   4.2857154e-01   2.5000000e-01
   6.5510461e-01   1.0342937e-04   3.4479196e-01
   6.8100428e-01   6.8099708e-02   2.5089601e-01
   1.7241170e-01   5.5172554e-01   2.7586277e-01
   3.4479186e-01   1.0342387e-04   6.5510471e-01
   8.9999600e-01   1.0000400e-01   0.0000000e+00
   3.5714271e-01   6.4285729e-01   0.0000000e+00
   1.0224807e-04   7.4989775e-01   2.5000000e-01
   4.6661866e-01   9.9970638e-05   5.3328137e-01
   5.6666642e-01   4.3333358e-01   0.0000000e+00
   4.2857121e-01   3.2142879e-01   2.5000000e-01
   2.6666670e-01   7.3333330e-01   0.0000000e+00
   1.0342669e-04   6.5510461e-01   3.4479196e-01
   5.4545362e-01   2.0454638e-01   2.5000000e-01
   1.3636247e-01   6.1363753e-01   2.5000000e-01
   1.3792581e-01   5.1724451e-01   3.4482968e-01
   3.4476119e-02   6.8965992e-01   2.7586397e-01
   6.2068886e-01   1.0344849e-01   2.7586265e-01
   1.0344324e-01   1.7241451e-01   7.2414224e-01
   9.3333096e-01   6.6669042e-02   0.0000000e+00
   7.3333259e-01   2.6666741e-01   0.0000000e+00
   6.6664435e-02   9.3333557e-01   0.0000000e+00
   6.8963322e-02   5.5172544e-01   3.7931124e-01
   6.6666668e-01   3.3333332e-01   0.0000000e+00
   1.0329380e-04   3.1030988e-01   6.8958683e-01
   9.9889348e-05   9.9990011e-01   0.0000000e+00
   4.3333332e-01   5.6666668e-01   0.0000000e+00
   1.0343475e-04   5.8614630e-01   4.1375027e-01
   9.6666660e-01   3.3333399e-02   0.0000000e+00
   5.1851823e-01   4.8148177e-01   0.0000000e+00
   1.7241371e-01   3.1034487e-01   5.1724142e-01
   4.3187341e-01   1.0025747e-01   4.6786912e-01
   1.0025786e-01   4.3187302e-01   4.6786912e-01
   2.0689531e-01   1.7241407e-01   6.2069062e-01
   2.3076934e-01   7.6923066e-01   0.0000000e+00
   7.6666700e-01   2.3333300e-01   0.0000000e+00
   5.8621006e-01   3.4477551e-02   3.7931239e-01
   1.3793104e-01   3.7931030e-01   4.8275866e-01
   1.0000003e-01   9.9999832e-02   8.0000014e-01
   2.7583351e-01   1.0340959e-04   7.2406308e-01
   1.7241451e-01   4.4827357e-01   3.7931192e-01
   3.3333163e-02   1.6666670e-01   8.0000014e-01
   3.4482803e-01   3.4482735e-01   3.1034462e-01
   3.1034430e-01   2.4137890e-01   4.4827680e-01
   7.4989779e-01   1.0220817e-04   2.5000000e-01
   1.0344498e-01   4.8276040e-01   4.1379463e-01
   1.3793099e-01   2.0689656e-01   6.5517245e-01
   9.9985185e-05   4.9995103e-01   4.9994899e-01
   2.7586184e-01   2.0689662e-01   5.1724155e-01
   5.1724206e-01   1.7241270e-01   3.1034524e-01
   3.4480720e-02   5.1724248e-01   4.4827680e-01
   5.9999919e-01   4.0000081e-01   0.0000000e+00
   6.8965490e-02   6.2068967e-01   3.1034484e-01
   2.3863616e-01   5.1136384e-01   2.5000000e-01
   6.8963044e-02   2.7586280e-01   6.5517415e-01
   5.5166698e-01   1.0341085e-04   4.4822961e-01
   4.1375013e-01   1.0343650e-04   5.8614643e-01
   3.4482759e-01   1.7241379e-01   4.8275862e-01
   2.4137899e-01   1.0344832e-01   6.5517269e-01
   5.0239251e-01   6.6987087e-02   4.3062040e-01
   3.7931111e-01   6.8963632e-02   5.5172526e-01
   3.3336333e-02   6.6673685e-02   8.9998998e-01
   1.0344861e-01   3.1034259e-01   5.8620879e-01
   4.1379267e-01   2.4137949e-01   3.4482783e-01
   1.9998005e-01   9.9634393e-05   7.9992031e-01
   3.1034556e-01   1.3792898e-01   5.5172545e-01
   1.3331836e-01   9.8709522e-05   8.6658293e-01
   2.7585919e-01   3.7931185e-01   3.4482895e-01
   2.4137966e-01   2.7586194e-01   4.8275840e-01
   3.7931062e-01   2.0689697e-01   4.1379241e-01
   2.4137658e-01   4.4828207e-01   3.1034135e-01
   3.4482864e-02   4.4827421e-01   5.1724293e-01
   1.8518512e-01   8.1481488e-01   0.0000000e+00
   4.6666715e-01   5.3333285e-01   0.0000000e+00
   1.7241285e-01   6.8964769e-02   7.5862238e-01
   3.4482868e-01   2.7585977e-01   3.7931155e-01
   6.3333418e-01   3.6666582e-01   0.0000000e+00
   9.8247274e-05   1.3331883e-01   8.6658293e-01
   2.7586136e-01   3.1034660e-01   4.1379205e-01
   3.1034571e-01   6.8962872e-02   6.2069141e-01
   1.0342679e-04   2.4135440e-01   7.5854218e-01
   1.6666690e-01   1.3333198e-01   7.0000112e-01
   6.6662236e-02   5.5838227e-05   9.3328193e-01
   6.8961472e-02   3.7931197e-01   5.5172656e-01
   5.5172652e-01   1.0344438e-01   3.4482909e-01
   1.0343591e-04   3.7927115e-01   6.2062542e-01
   9.1529769e-05   8.9007513e-05   9.9981946e-01
