   1.4285422e-01   8.5714578e-01   0.0000000e+00
   1.0344723e-01   1.7241115e-01   7.2414163e-01
   9.0000050e-01   9.9999505e-02   0.0000000e+00
   4.6666951e-01   5.3333049e-01   0.0000000e+00
   8.0769359e-01   1.9230641e-01   0.0000000e+00
   3.4482927e-01   6.5517073e-01   0.0000000e+00
   9.9990043e-01   9.9571009e-05   0.0000000e+00
   7.3075572e-01   2.6924428e-01   0.0000000e+00
   4.6539432e-01   3.3412170e-02   5.0119351e-01
   3.1034317e-01   3.7931366e-01   3.1034317e-01
   6.8965498e-01   3.1034502e-01   0.0000000e+00
   9.6667471e-01   3.3325288e-02   0.0000000e+00
   3.7931038e-01   3.1034479e-01   3.1034483e-01
   6.0000366e-01   3.9999634e-01   0.0000000e+00
   9.9999945e-02   6.6665614e-02   8.3333444e-01
   2.6667000e-01   7.3333000e-01   0.0000000e+00
   4.8276414e-01   2.0689427e-01   3.1034159e-01
   6.6666394e-02   9.3333361e-01   0.0000000e+00
   4.2852281e-01   1.0061854e-04   5.7137657e-01
   3.7931060e-01   2.0689605e-01   4.1379336e-01
   1.0025856e-01   4.3187841e-01   4.6786302e-01
   5.3566130e-01   1.0033373e-04   4.6423837e-01
   1.0344794e-01   3.1034490e-01   5.8620716e-01
   2.3333194e-01   7.6666806e-01   0.0000000e+00
   1.7241078e-01   2.7586237e-01   5.5172685e-01
   1.3793075e-01   2.0689662e-01   6.5517263e-01
   3.4482801e-01   1.7241296e-01   4.8275904e-01
   9.9405652e-05   9.9990059e-01   0.0000000e+00
   2.7586031e-01   4.4827935e-01   2.7586033e-01
   3.4482732e-02   2.7586186e-01   6.8965541e-01
   3.3334161e-02   9.6666584e-01   0.0000000e+00
   3.4479179e-01   1.0329923e-04   6.5510491e-01
   6.8963950e-02   3.7931101e-01   5.5172504e-01
   3.3333805e-02   1.0000176e-01   8.6666443e-01
   3.1034353e-01   2.4137847e-01   4.4827799e-01
   4.1379229e-01   2.4137966e-01   3.4482805e-01
   8.5714287e-01   1.4285713e-01   0.0000000e+00
   2.4137223e-01   1.3792704e-01   6.2070073e-01
   1.0340004e-04   5.8614630e-01   4.1375030e-01
   9.3333323e-01   6.6666771e-02   0.0000000e+00
   1.0311965e-04   3.4479197e-01   6.5510491e-01
   2.0689651e-01   4.8275866e-01   3.1034483e-01
   5.1725135e-01   1.3791453e-01   3.4483412e-01
   1.0322843e-04   2.4135343e-01   7.5854334e-01
   1.6665002e-01   9.9942360e-05   8.3325003e-01
   2.4137933e-01   2.4137927e-01   5.1724140e-01
   2.4137693e-01   4.1379457e-01   3.4482850e-01
   9.9999026e-02   9.0000097e-01   0.0000000e+00
   2.0000310e-01   3.3333542e-02   7.6666336e-01
   1.9230753e-01   8.0769247e-01   0.0000000e+00
   1.3333495e-01   1.0000170e-01   7.6666336e-01
   3.9285597e-01   6.0714403e-01   0.0000000e+00
   6.8181768e-01   6.8182321e-02   2.5000000e-01
   5.6666393e-01   4.3333607e-01   0.0000000e+00
   3.4091728e-01   4.0908272e-01   2.5000000e-01
   6.8963134e-02   5.1724270e-01   4.1379416e-01
   1.0288229e-04   4.1375067e-01   5.8614645e-01
   3.7931135e-01   1.0344587e-01   5.1724278e-01
   4.0908963e-01   3.4091037e-01   2.5000000e-01
   6.5510476e-01   1.0306737e-04   3.4479217e-01
   2.7583399e-01   1.0319107e-04   7.2406282e-01
   3.4471371e-02   4.4828154e-01   5.1724709e-01
   4.4827762e-01   1.7241056e-01   3.7931182e-01
   5.1852601e-01   4.8147399e-01   0.0000000e+00
   9.8899938e-05   1.6664995e-01   8.3325115e-01
   9.9817322e-05   4.9996884e-01   4.9993134e-01
   1.7240867e-01   4.4827768e-01   3.7931364e-01
   6.2069029e-01   1.0344742e-01   2.7586229e-01
   2.3863517e-01   5.1136483e-01   2.5000000e-01
   3.1034567e-01   1.3792868e-01   5.5172565e-01
   1.7240923e-01   5.5173418e-01   2.7585658e-01
   3.0000008e-01   6.9999992e-01   0.0000000e+00
   5.7953941e-01   1.7046059e-01   2.5000000e-01
   5.8620986e-01   3.4477868e-02   3.7931227e-01
   5.1135618e-01   2.3864382e-01   2.5000000e-01
   7.6666471e-01   2.3333529e-01   0.0000000e+00
   2.0689645e-01   2.0689639e-01   5.8620716e-01
   2.7586241e-01   3.4482663e-01   3.7931097e-01
   7.4989786e-01   1.0214418e-04   2.5000000e-01
   4.8275936e-01   1.0344691e-01   4.1379372e-01
   1.3791561e-01   5.1725064e-01   3.4483375e-01
   1.0336705e-04   6.5510498e-01   3.4479165e-01
   3.1033675e-01   6.8962529e-02   6.2070073e-01
   4.4827522e-01   2.7586251e-01   2.7586227e-01
   4.3333452e-01   5.6666548e-01   0.0000000e+00
   6.4286419e-01   3.5713581e-01   0.0000000e+00
   6.8965243e-02   5.8620701e-01   3.4482774e-01
   2.4137772e-01   3.1034462e-01   4.4827767e-01
   1.0191222e-04   7.4989809e-01   2.5000000e-01
   3.4482825e-01   2.7586066e-01   3.7931108e-01
   6.8964379e-02   6.5517321e-01   2.7586241e-01
   2.0689002e-01   3.7931232e-01   4.1379766e-01
   1.7241384e-01   3.4482712e-01   4.8275904e-01
   1.3636781e-01   6.1363219e-01   2.5000000e-01
   2.0689728e-01   1.0344731e-01   6.8965541e-01
   9.9988736e-02   9.7079054e-05   8.9991418e-01
   6.6667216e-02   1.3333421e-01   7.9999857e-01
   4.1379108e-01   1.3793093e-01   4.4827799e-01
   9.7824246e-05   6.6611974e-02   9.3329020e-01
   8.7497964e-05   9.0274783e-05   9.9982223e-01
