   6.0714108e-01   3.9285892e-01   0.0000000e+00
   5.6666296e-01   4.3333704e-01   0.0000000e+00
   1.0343201e-04   6.5510403e-01   3.4479254e-01
   2.5000019e-01   4.9999981e-01   2.5000000e-01
   2.0689649e-01   1.0344825e-01   6.8965526e-01
   2.3333392e-01   3.3324907e-02   7.3334117e-01
   3.4479639e-02   2.4137122e-01   7.2414914e-01
   1.0302365e-04   3.1031255e-01   6.8958443e-01
   3.5714572e-01   3.9285428e-01   2.5000000e-01
   4.6428594e-01   2.8571406e-01   2.5000000e-01
   7.3333296e-01   2.6666704e-01   0.0000000e+00
   3.3334120e-02   9.6666588e-01   0.0000000e+00
   1.3793177e-01   8.6206823e-01   0.0000000e+00
   3.5714228e-01   6.4285772e-01   0.0000000e+00
   5.1851991e-01   4.8148009e-01   0.0000000e+00
   3.4482976e-01   3.4482168e-02   6.2068807e-01
   4.3333429e-01   5.6666571e-01   0.0000000e+00
   2.7586375e-01   6.8963816e-02   6.5517243e-01
   6.2073599e-01   6.8957063e-02   3.1030695e-01
   6.8965442e-02   2.7586212e-01   6.5517243e-01
   6.5517086e-01   3.4482914e-01   0.0000000e+00
   3.1031222e-01   1.0335057e-04   6.8958443e-01
   9.9872265e-05   9.9990013e-01   0.0000000e+00
   6.9999999e-01   3.0000001e-01   0.0000000e+00
   6.8965384e-02   6.2068975e-01   3.1034487e-01
   6.4773218e-01   1.0226782e-01   2.5000000e-01
   8.0770347e-01   1.9229653e-01   0.0000000e+00
   1.0013543e-04   4.6423808e-01   5.3566178e-01
   1.0223056e-04   7.4989777e-01   2.5000000e-01
   7.4989788e-01   1.0212162e-04   2.5000000e-01
   1.3793081e-01   2.4137765e-01   6.2069154e-01
   6.6663698e-02   9.3333630e-01   0.0000000e+00
   1.8518820e-01   8.1481180e-01   0.0000000e+00
   2.0689240e-01   4.4827821e-01   3.4482939e-01
   6.8966123e-02   3.7931014e-01   5.5172374e-01
   3.3334585e-02   1.3333810e-01   8.3332732e-01
   6.6666343e-02   1.6666675e-01   7.6666691e-01
   3.7930758e-01   3.1034899e-01   3.1034342e-01
   1.0321413e-04   5.5166724e-01   4.4822955e-01
   1.9997962e-01   9.8885160e-05   7.9992149e-01
   1.3636207e-01   6.1363793e-01   2.5000000e-01
   1.3793040e-01   3.4482784e-01   5.1724175e-01
   5.3327930e-01   9.9979033e-05   4.6662072e-01
   1.6667135e-01   6.6665944e-02   7.6666271e-01
   1.7241415e-01   2.7586211e-01   5.5172374e-01
   4.8275863e-01   2.0689655e-01   3.1034482e-01
   4.6666647e-01   5.3333353e-01   0.0000000e+00
   2.3076539e-01   7.6923461e-01   0.0000000e+00
   8.9999978e-01   1.0000022e-01   0.0000000e+00
   7.6667492e-01   2.3332508e-01   0.0000000e+00
   2.7586173e-01   3.1034388e-01   4.1379439e-01
   3.0768959e-01   6.9231041e-01   0.0000000e+00
   5.0239098e-01   6.6993799e-02   4.3061522e-01
   6.6993364e-02   5.0239141e-01   4.3061522e-01
   9.3334317e-01   6.6656832e-02   0.0000000e+00
   6.8958387e-01   1.0343512e-04   3.1031270e-01
   8.5714352e-01   1.4285648e-01   0.0000000e+00
   9.9990012e-01   9.9877606e-05   0.0000000e+00
   3.4482725e-01   1.7241363e-01   4.8275912e-01
   3.7931127e-01   1.0344677e-01   5.1724197e-01
   6.0708062e-01   1.0090028e-04   3.9281848e-01
   5.4545490e-01   2.0454510e-01   2.5000000e-01
   2.6666448e-01   7.3333552e-01   0.0000000e+00
   4.2851207e-01   1.0080430e-04   5.7138713e-01
   2.7586210e-01   4.1379308e-01   3.1034482e-01
   9.9999552e-02   1.0000034e-01   8.0000010e-01
   4.0000005e-01   5.9999995e-01   0.0000000e+00
   3.4480944e-02   6.8965650e-01   2.7586256e-01
   1.0314858e-04   3.7927162e-01   6.2062523e-01
   3.1034382e-01   3.4482812e-01   3.4482806e-01
   9.6666668e-01   3.3333316e-02   0.0000000e+00
   3.4473903e-02   5.8621227e-01   3.7931383e-01
   2.7585943e-01   1.3792972e-01   5.8621085e-01
   4.4828009e-01   1.7240599e-01   3.7931391e-01
   1.0340411e-01   4.1404081e-01   4.8255508e-01
   3.7931083e-01   2.0689463e-01   4.1379454e-01
   9.9999812e-02   9.0000019e-01   0.0000000e+00
   2.0689375e-01   2.0689539e-01   5.8621085e-01
   1.3792995e-01   5.1724194e-01   3.4482812e-01
   1.7241243e-01   5.5172504e-01   2.7586253e-01
   2.4137897e-01   2.7586191e-01   4.8275912e-01
   5.5172497e-01   1.0344674e-01   3.4482829e-01
   2.4136805e-01   3.7931682e-01   3.7931512e-01
   1.7241317e-01   4.1379227e-01   4.1379456e-01
   4.1379325e-01   1.3793073e-01   4.4827602e-01
   2.0689584e-01   3.4482814e-01   4.4827602e-01
   4.4827633e-01   3.4481754e-02   5.1724192e-01
   1.3331770e-01   9.7123053e-05   8.6658518e-01
   9.8084657e-05   1.9998027e-01   7.9992164e-01
   5.8620664e-01   1.3793083e-01   2.7586253e-01
   2.7586264e-01   2.0689538e-01   5.1724198e-01
   1.0344622e-01   3.1034292e-01   5.8621085e-01
   2.0000078e-01   1.6666693e-01   6.3333229e-01
   1.9438269e-06   9.9999773e-02   8.9999828e-01
   3.4482519e-01   2.7586274e-01   3.7931207e-01
   4.1379453e-01   2.4137742e-01   3.4482805e-01
   1.3792888e-01   1.7241340e-01   6.8965772e-01
   6.6665905e-02   3.3332953e-02   9.0000114e-01
   3.1034537e-01   2.4137878e-01   4.4827585e-01
   8.0939772e-05   9.4746838e-05   9.9982431e-01
