   6.6667009e-02   9.3333299e-01   0.0000000e+00
   1.0335579e-04   6.8958405e-01   3.1031259e-01
   1.4284213e-01   8.5715787e-01   0.0000000e+00
   9.9990010e-01   9.9903404e-05   0.0000000e+00
   5.4544969e-01   2.0454985e-01   2.5000046e-01
   1.3636213e-01   6.1363741e-01   2.5000046e-01
   6.4285988e-01   3.5714012e-01   0.0000000e+00
   3.1034397e-01   3.7931201e-01   3.1034402e-01
   9.9769909e-05   1.9998152e-01   7.9991871e-01
   1.0343698e-01   3.4489755e-01   5.5166547e-01
   8.1481621e-01   1.8518379e-01   0.0000000e+00
   9.6666559e-01   3.3334407e-02   0.0000000e+00
   2.7583203e-01   1.0340448e-04   7.2406456e-01
   5.1851821e-01   4.8148179e-01   0.0000000e+00
   7.6922808e-01   2.3077192e-01   0.0000000e+00
   3.4090924e-01   4.0909030e-01   2.5000046e-01
   2.3333155e-01   7.6666845e-01   0.0000000e+00
   6.0000090e-01   3.9999910e-01   0.0000000e+00
   5.6666977e-01   4.3333023e-01   0.0000000e+00
   6.9230936e-01   3.0769064e-01   0.0000000e+00
   4.2857101e-01   3.2142854e-01   2.5000046e-01
   5.8628197e-01   1.3790592e-01   2.7581211e-01
   2.3864878e-01   5.1135076e-01   2.5000046e-01
   3.0769201e-01   6.9230799e-01   0.0000000e+00
   2.0689305e-01   4.8276721e-01   3.1033974e-01
   3.4482716e-01   3.1034504e-01   3.4482780e-01
   1.0222414e-04   7.4989732e-01   2.5000046e-01
   4.3333355e-01   5.6666645e-01   0.0000000e+00
   9.9973944e-05   9.9990003e-01   0.0000000e+00
   2.7586206e-01   2.0689673e-01   5.1724122e-01
   1.0000162e-01   8.9999838e-01   0.0000000e+00
   8.6207220e-01   1.3792780e-01   0.0000000e+00
   5.5172581e-01   1.0344556e-01   3.4482863e-01
   3.2139285e-01   1.0177293e-04   6.7850538e-01
   3.4490402e-01   2.7582975e-01   3.7926623e-01
   9.0000057e-01   9.9999426e-02   0.0000000e+00
   3.4482760e-01   1.7241380e-01   4.8275860e-01
   2.7585956e-01   3.4482878e-01   3.7931166e-01
   2.4138409e-01   4.1378667e-01   3.4482925e-01
   3.5714365e-01   6.4285635e-01   0.0000000e+00
   1.0115507e-04   6.0708466e-01   3.9281419e-01
   2.0689431e-01   3.7932096e-01   4.1378473e-01
   9.3333124e-01   6.6668756e-02   0.0000000e+00
   1.9230803e-01   8.0769197e-01   0.0000000e+00
   4.2852890e-01   1.0078391e-04   5.7137032e-01
   4.1379229e-01   2.4137965e-01   3.4482806e-01
   6.6671193e-02   1.6667668e-01   7.6665213e-01
   6.8966032e-02   4.4827174e-01   4.8276222e-01
   5.1724051e-01   1.7241414e-01   3.1034535e-01
   6.6986652e-02   5.0239238e-01   4.3062097e-01
   3.7930589e-01   3.4483527e-01   2.7585884e-01
   7.4989732e-01   1.0222444e-04   2.5000046e-01
   1.0332045e-04   5.1718777e-01   4.8270891e-01
   6.4772627e-01   1.0227328e-01   2.5000046e-01
   4.8277028e-01   1.0344499e-01   4.1378473e-01
   4.4827757e-01   1.7241063e-01   3.7931179e-01
   3.3333424e-02   9.6666658e-01   0.0000000e+00
   3.3333581e-02   1.3333493e-01   8.3333149e-01
   1.7241416e-01   2.7586043e-01   5.5172541e-01
   1.3793064e-01   2.4137853e-01   6.2069083e-01
   4.6540811e-01   3.3410040e-02   5.0118186e-01
   4.1379336e-01   1.3793024e-01   4.4827640e-01
   2.0689112e-01   3.4481667e-02   7.5862721e-01
   7.3333072e-01   2.6666928e-01   0.0000000e+00
   5.8620650e-01   3.4481901e-02   3.7931160e-01
   2.4137953e-01   1.0344750e-01   6.5517296e-01
   2.7586216e-01   1.3793108e-01   5.8620676e-01
   1.0344763e-01   5.5172453e-01   3.4482783e-01
   2.0689628e-01   3.1034571e-01   4.8275801e-01
   1.3793081e-01   3.7931132e-01   4.8275786e-01
   3.4482882e-01   3.4479665e-02   6.2069151e-01
   6.8965224e-02   2.7586216e-01   6.5517262e-01
   1.0335525e-04   3.1030145e-01   6.8959519e-01
   3.7930634e-01   1.0344493e-01   5.1724874e-01
   6.5510474e-01   1.0343552e-04   3.4479182e-01
   2.7586207e-01   2.7586207e-01   4.4827586e-01
   2.7586124e-01   4.4827669e-01   2.7586206e-01
   5.3563097e-01   1.0041234e-04   4.6426861e-01
   3.7932045e-01   2.0689482e-01   4.1378473e-01
   3.9999900e-01   6.0000100e-01   0.0000000e+00
   1.7241313e-01   5.5172585e-01   2.7586102e-01
   1.6668869e-01   9.9542617e-05   8.3321177e-01
   2.6666633e-01   7.3333367e-01   0.0000000e+00
   4.6666689e-01   5.3333311e-01   0.0000000e+00
   3.4479738e-02   3.4482867e-01   6.2069159e-01
   1.0065683e-04   4.2852903e-01   5.7137032e-01
   7.8134955e-05   9.9989727e-02   8.9993214e-01
   1.7241482e-01   4.4827315e-01   3.7931203e-01
   6.8965383e-01   3.4483150e-02   2.7586302e-01
   3.4480027e-02   2.4137739e-01   7.2414258e-01
   1.0000064e-01   1.0000064e-01   7.9999872e-01
   4.8275862e-01   2.4137931e-01   2.7586207e-01
   9.9980534e-02   8.7328061e-05   8.9993214e-01
   6.8960751e-02   6.5517581e-01   2.7586344e-01
   1.3793100e-01   1.3793100e-01   7.2413800e-01
   2.0689662e-01   2.0689662e-01   5.8620676e-01
   3.3304201e-02   3.3325608e-02   9.3337019e-01
   1.7241376e-01   1.7241376e-01   6.5517248e-01
   6.6665043e-02   6.6665043e-02   8.6666991e-01
   9.4930492e-05   9.9805176e-05   9.9980526e-01
