   5.4545511e-01   2.0454485e-01   2.5000004e-01
   5.3332722e-01   4.6667278e-01   0.0000000e+00
   9.9871469e-05   9.9990013e-01   0.0000000e+00
   8.9999759e-01   1.0000241e-01   0.0000000e+00
   1.9998000e-01   9.9985772e-05   7.9992002e-01
   7.4989773e-01   1.0223195e-04   2.5000004e-01
   2.6666652e-01   7.3333348e-01   0.0000000e+00
   6.6666265e-02   9.3333373e-01   0.0000000e+00
   6.0000563e-01   3.9999437e-01   0.0000000e+00
   9.3333345e-01   6.6666546e-02   0.0000000e+00
   7.6666947e-01   2.3333053e-01   0.0000000e+00
   7.3333310e-01   2.6666690e-01   0.0000000e+00
   2.4137927e-01   6.8963943e-02   6.8965679e-01
   1.7045277e-01   5.7954719e-01   2.5000004e-01
   6.4285541e-01   3.5714459e-01   0.0000000e+00
   5.5172477e-01   1.0344725e-01   3.4482798e-01
   1.0222914e-04   7.4989773e-01   2.5000004e-01
   2.0689620e-01   3.1034606e-01   4.8275774e-01
   6.9230659e-01   3.0769341e-01   0.0000000e+00
   5.6666596e-01   4.3333404e-01   0.0000000e+00
   4.3333521e-01   5.6666479e-01   0.0000000e+00
   5.3326314e-01   6.6675342e-02   4.0006152e-01
   1.0343257e-04   4.8270883e-01   5.1718774e-01
   4.4827760e-01   1.0344479e-01   4.4827760e-01
   1.0344680e-01   5.1724223e-01   3.7931097e-01
   3.4478981e-01   1.0339556e-04   6.5510679e-01
   6.1363690e-01   1.3636306e-01   2.5000004e-01
   1.0227093e-01   6.4772903e-01   2.5000004e-01
   5.8614626e-01   1.0342527e-04   4.1375032e-01
   6.8961305e-02   5.8620955e-01   3.4482915e-01
   3.3333697e-02   9.6666630e-01   0.0000000e+00
   5.1723940e-01   1.7241451e-01   3.1034610e-01
   3.5714490e-01   3.9285506e-01   2.5000004e-01
   1.0341017e-04   2.7583354e-01   7.2406305e-01
   1.0344774e-01   2.0689548e-01   6.8965679e-01
   3.5714322e-01   6.4285678e-01   0.0000000e+00
   1.3792871e-01   8.6207129e-01   0.0000000e+00
   9.9999837e-02   9.0000016e-01   0.0000000e+00
   3.9999864e-01   6.0000136e-01   0.0000000e+00
   4.9995337e-01   9.9985550e-05   4.9994665e-01
   8.5714283e-01   1.4285717e-01   0.0000000e+00
   1.7241416e-01   4.8275751e-01   3.4482832e-01
   8.0769460e-01   1.9230540e-01   0.0000000e+00
   6.8965001e-02   3.1034500e-01   6.2069000e-01
   4.1379306e-01   6.8965523e-02   5.1724141e-01
   4.6428734e-01   2.8571262e-01   2.5000004e-01
   2.4137865e-01   4.4827733e-01   3.1034402e-01
   6.7009803e-02   4.3041660e-01   5.0257360e-01
   4.8148143e-01   5.1851857e-01   0.0000000e+00
   1.6667154e-01   6.6667707e-02   7.6666075e-01
   1.7241296e-01   3.7931073e-01   4.4827631e-01
   2.7583357e-01   1.0329549e-04   7.2406313e-01
   9.9960202e-05   1.3332346e-01   8.6657658e-01
   3.0769404e-01   6.9230596e-01   0.0000000e+00
   1.0000011e-01   1.0000020e-01   7.9999969e-01
   4.1379338e-01   3.1034468e-01   2.7586194e-01
   4.1379203e-01   1.7241411e-01   4.1379386e-01
   1.0081090e-04   5.7137126e-01   4.2852793e-01
   3.4482795e-01   2.0689644e-01   4.4827561e-01
   6.8963818e-02   4.8275950e-01   4.4827668e-01
   9.9943849e-05   1.9998004e-01   7.9992002e-01
   3.1034150e-01   4.1379927e-01   2.7585923e-01
   3.4478356e-02   6.8965832e-01   2.7586332e-01
   3.7931087e-01   1.3793139e-01   4.8275774e-01
   2.3076923e-01   7.6923077e-01   0.0000000e+00
   2.7586188e-01   3.7931045e-01   3.4482767e-01
   2.4597810e-01   5.0402186e-01   2.5000004e-01
   1.0344828e-01   3.4482759e-01   5.5172414e-01
   4.8276013e-01   1.3792834e-01   3.7931153e-01
   9.9990002e-01   9.9979819e-05   0.0000000e+00
   6.5517343e-01   6.8964072e-02   2.7586250e-01
   1.3793079e-01   1.3793091e-01   7.2413830e-01
   2.7586218e-01   1.0344791e-01   6.2068991e-01
   9.6666670e-01   3.3333299e-02   0.0000000e+00
   1.3793118e-01   5.5172367e-01   3.1034515e-01
   2.4137918e-01   2.4137940e-01   5.1724141e-01
   2.4137946e-01   3.4482718e-01   4.1379336e-01
   3.7931144e-01   2.7586024e-01   3.4482832e-01
   2.0689655e-01   4.1379310e-01   3.7931035e-01
   6.6666107e-02   1.6667314e-01   7.6666075e-01
   2.0689664e-01   1.7241343e-01   6.2068992e-01
   3.3333346e-02   6.6666693e-02   8.9999996e-01
   2.7586189e-01   2.7586214e-01   4.4827596e-01
   3.4489219e-01   6.8958718e-02   5.8614909e-01
   4.4827723e-01   2.0689414e-01   3.4482863e-01
   1.0343251e-04   6.5510465e-01   3.4479192e-01
   1.7241116e-01   2.7586294e-01   5.5172590e-01
   2.7586202e-01   1.7241393e-01   5.5172405e-01
   1.0340828e-04   3.4478980e-01   6.5510679e-01
   1.8518438e-01   8.1481562e-01   0.0000000e+00
   6.5510464e-01   1.0342905e-04   3.4479193e-01
   1.0339728e-04   4.1375035e-01   5.8614625e-01
   1.3792995e-01   2.4137961e-01   6.2069044e-01
   3.1034465e-01   3.1034493e-01   3.7931042e-01
   1.3792981e-01   4.4827674e-01   4.1379345e-01
   3.4482748e-01   3.4482779e-01   3.1034474e-01
   4.1375033e-01   1.0341192e-04   5.8614626e-01
   9.9990398e-02   9.5252710e-05   8.9991435e-01
   1.3333390e-01   3.3326353e-02   8.3333975e-01
   9.7401815e-05   9.1529576e-05   9.9981107e-01
