   9.9990002e-01   9.9984731e-05   0.0000000e+00
   1.0225396e-04   7.4989772e-01   2.5000003e-01
   3.3332878e-02   9.6666712e-01   0.0000000e+00
   4.4318119e-01   3.0681878e-01   2.5000003e-01
   8.9999785e-01   1.0000215e-01   0.0000000e+00
   6.6667003e-02   9.3333300e-01   0.0000000e+00
   2.6923775e-01   7.3076225e-01   0.0000000e+00
   7.3333273e-01   2.6666727e-01   0.0000000e+00
   5.1136199e-01   2.3863799e-01   2.5000003e-01
   3.4483315e-01   6.8964775e-02   5.8620207e-01
   6.0000000e-01   4.0000000e-01   0.0000000e+00
   9.6666831e-01   3.3331689e-02   0.0000000e+00
   2.4137681e-01   2.0689235e-01   5.5173084e-01
   9.3333313e-01   6.6666868e-02   0.0000000e+00
   1.0344425e-01   4.1378948e-01   4.8276627e-01
   4.6662018e-01   9.9975685e-05   5.3327984e-01
   3.7499981e-01   3.7500016e-01   2.5000003e-01
   2.4137578e-01   4.4828384e-01   3.1034037e-01
   1.9230635e-01   8.0769365e-01   0.0000000e+00
   6.1363604e-01   1.3636393e-01   2.5000003e-01
   8.6207650e-01   1.3792350e-01   0.0000000e+00
   3.6666709e-01   6.3333291e-01   0.0000000e+00
   3.4481340e-02   6.2069058e-01   3.4482808e-01
   3.3404074e-02   5.0119370e-01   4.6540223e-01
   1.7241410e-01   2.4138383e-01   5.8620207e-01
   1.0342828e-04   3.7927073e-01   6.2062584e-01
   6.9230771e-01   3.0769229e-01   0.0000000e+00
   3.1999951e-01   6.8000049e-01   0.0000000e+00
   5.6666481e-01   4.3333519e-01   0.0000000e+00
   4.1379310e-01   2.7586207e-01   3.1034483e-01
   9.9792541e-05   9.9990021e-01   0.0000000e+00
   2.0687205e-01   1.0341049e-04   7.9302454e-01
   5.1724151e-01   6.8965294e-02   4.1379320e-01
   6.8093438e-02   6.8100851e-01   2.5089805e-01
   6.4285864e-01   3.5714136e-01   0.0000000e+00
   2.3332983e-01   7.6667017e-01   0.0000000e+00
   5.1851838e-01   4.8148162e-01   0.0000000e+00
   2.7583355e-01   1.0338303e-04   7.2406307e-01
   8.1481592e-01   1.8518408e-01   0.0000000e+00
   1.3331939e-01   9.7204438e-05   8.6658341e-01
   1.0027642e-04   4.6423926e-01   5.3566046e-01
   1.7045810e-01   5.7954188e-01   2.5000003e-01
   2.0689693e-01   4.1379203e-01   3.7931104e-01
   2.7273295e-01   4.7726703e-01   2.5000003e-01
   4.3333417e-01   5.6666583e-01   0.0000000e+00
   6.8960012e-02   3.7930915e-01   5.5173084e-01
   3.7932050e-01   1.7241095e-01   4.4826855e-01
   2.0689661e-01   2.7586205e-01   5.1724134e-01
   2.4138115e-01   6.8965112e-02   6.8965373e-01
   6.5517259e-01   6.8965383e-02   2.7586203e-01
   1.3333644e-01   1.0000068e-01   7.6666288e-01
   6.8958384e-01   1.0342580e-04   3.1031273e-01
   6.2062512e-01   1.0334680e-04   3.7927153e-01
   4.6666912e-01   5.3333088e-01   0.0000000e+00
   1.0344826e-01   2.7586204e-01   6.2068971e-01
   3.1034520e-01   1.7241287e-01   5.1724193e-01
   3.3333840e-02   2.0000328e-01   7.6666288e-01
   4.8275953e-01   1.3792943e-01   3.7931104e-01
   1.0344880e-01   5.8620481e-01   3.1034639e-01
   1.0069426e-04   5.7136858e-01   4.2853072e-01
   1.0000000e-01   9.0000000e-01   0.0000000e+00
   7.4989773e-01   1.0224636e-04   2.5000003e-01
   1.4285700e-01   8.5714300e-01   0.0000000e+00
   1.7240927e-01   4.8276127e-01   3.4482946e-01
   9.9999709e-02   6.6666472e-02   8.3333382e-01
   1.6666872e-01   1.3333504e-01   6.9999623e-01
   7.6922920e-01   2.3077080e-01   0.0000000e+00
   9.9721018e-05   1.6665277e-01   8.3324751e-01
   1.0341135e-04   6.8958386e-01   3.1031273e-01
   3.4482747e-01   3.4482780e-01   3.1034473e-01
   3.4479208e-01   1.0326816e-04   6.5510465e-01
   2.4999933e-01   3.2142737e-01   4.2857330e-01
   2.7586210e-01   1.0344818e-01   6.2068972e-01
   4.1379236e-01   3.4476796e-02   5.5173084e-01
   3.4482674e-02   3.1034407e-01   6.5517326e-01
   5.5166677e-01   1.0337944e-04   4.4822985e-01
   1.3793047e-01   2.0689627e-01   6.5517326e-01
   1.0342369e-04   2.7583351e-01   7.2406307e-01
   2.0689627e-01   5.1724203e-01   2.7586170e-01
   2.7586277e-01   3.7930878e-01   3.4482845e-01
   1.0344774e-01   5.1724169e-01   3.7931057e-01
   3.9999934e-01   6.0000066e-01   0.0000000e+00
   3.7930869e-01   1.0344966e-01   5.1724166e-01
   1.0344338e-01   1.7241357e-01   7.2414304e-01
   1.7241310e-01   3.7931070e-01   4.4827619e-01
   6.6635850e-02   6.0180290e-05   9.3330397e-01
   4.8275239e-01   2.0689907e-01   3.1034854e-01
   1.3792771e-01   4.4827830e-01   4.1379399e-01
   5.5172553e-01   1.0344627e-01   3.4482820e-01
   2.0689655e-01   1.7241375e-01   6.2068971e-01
   4.4827629e-01   1.0344751e-01   4.4827619e-01
   3.1034436e-01   2.4137948e-01   4.4827616e-01
   4.1379284e-01   2.0689665e-01   3.7931052e-01
   6.6674889e-02   1.3334919e-01   7.9997592e-01
   3.4482746e-01   2.7586212e-01   3.7931042e-01
   1.3793072e-01   3.4482771e-01   5.1724158e-01
   3.1034491e-01   4.1379307e-01   2.7586202e-01
   7.9178226e-05   8.5807704e-05   9.9983501e-01
   5.5174283e-01   1.7240312e-01   2.7585405e-01
   9.5008917e-05   9.9978264e-02   8.9992673e-01
