   6.6665388e-02   2.0000028e-01   7.3333433e-01
   5.9999978e-01   4.0000022e-01   0.0000000e+00
   1.0344544e-01   1.0344544e-01   7.9310913e-01
   5.3566097e-01   1.0043587e-04   4.6423859e-01
   4.0000001e-01   5.9999999e-01   0.0000000e+00
   3.5714370e-01   6.4285630e-01   0.0000000e+00
   2.0689531e-01   4.1379375e-01   3.7931094e-01
   2.0689654e-01   2.0689654e-01   5.8620692e-01
   1.0225156e-04   7.4989754e-01   2.5000021e-01
   3.7931005e-01   2.7586220e-01   3.4482775e-01
   6.1362874e-01   1.3637106e-01   2.5000021e-01
   7.3332899e-01   2.6667101e-01   0.0000000e+00
   1.3792892e-01   5.1724265e-01   3.4482843e-01
   1.0342825e-04   6.2062545e-01   3.7927112e-01
   8.0769442e-01   1.9230558e-01   0.0000000e+00
   1.9230754e-01   8.0769246e-01   0.0000000e+00
   2.7583305e-01   1.0342246e-04   7.2406353e-01
   6.6667691e-02   9.3333231e-01   0.0000000e+00
   2.3333535e-01   7.6666465e-01   0.0000000e+00
   4.8275975e-01   1.7241185e-01   3.4482839e-01
   2.6923632e-01   7.3076368e-01   0.0000000e+00
   6.4285741e-01   3.5714259e-01   0.0000000e+00
   7.4989755e-01   1.0224561e-04   2.5000021e-01
   6.6666666e-02   6.6666666e-02   8.6666667e-01
   3.4481181e-02   2.7585994e-01   6.8965888e-01
   6.8899786e-02   3.7990209e-01   5.5119812e-01
   4.1379985e-01   3.1034124e-01   2.7585891e-01
   2.7586414e-01   1.7240758e-01   5.5172828e-01
   5.6666636e-01   4.3333364e-01   0.0000000e+00
   3.4482843e-01   1.3792893e-01   5.1724264e-01
   2.0689640e-01   1.3793106e-01   6.5517254e-01
   6.9230469e-01   3.0769531e-01   0.0000000e+00
   7.6666798e-01   2.3333202e-01   0.0000000e+00
   9.3333528e-01   6.6664719e-02   0.0000000e+00
   3.3326295e-02   1.6666610e-01   8.0000761e-01
   1.3793152e-01   5.8620544e-01   2.7586304e-01
   9.9990002e-01   9.9983417e-05   0.0000000e+00
   3.1034463e-01   2.0689661e-01   4.8275876e-01
   1.6666768e-01   9.9994665e-02   7.3333765e-01
   8.9999823e-01   1.0000177e-01   0.0000000e+00
   2.8571090e-01   4.6428889e-01   2.5000021e-01
   1.0025456e-01   4.6786833e-01   4.3187711e-01
   4.1380309e-01   1.0344651e-01   4.8275040e-01
   1.0227617e-01   6.4772362e-01   2.5000021e-01
   1.0340056e-04   6.8958385e-01   3.1031275e-01
   3.4479193e-01   1.0343287e-04   6.5510464e-01
   2.0689720e-01   4.8275701e-01   3.1034579e-01
   1.0331271e-04   3.4479205e-01   6.5510464e-01
   4.4827496e-01   2.4138084e-01   3.1034420e-01
   2.0454491e-01   5.4545489e-01   2.5000021e-01
   1.0344844e-01   2.4137813e-01   6.5517343e-01
   3.9285698e-01   3.5714281e-01   2.5000021e-01
   4.8148162e-01   5.1851838e-01   0.0000000e+00
   3.1034509e-01   6.8965491e-01   0.0000000e+00
   5.3333221e-01   4.6666779e-01   0.0000000e+00
   3.4482759e-01   3.4482759e-01   3.1034483e-01
   1.0344637e-01   3.1034549e-01   5.8620814e-01
   9.9999706e-02   9.0000029e-01   0.0000000e+00
   1.3792793e-01   1.7241319e-01   6.8965888e-01
   2.4137924e-01   6.8961879e-02   6.8965888e-01
   4.1379360e-01   2.0689563e-01   3.7931078e-01
   2.4137931e-01   2.4137931e-01   5.1724138e-01
   3.4480889e-02   5.5172520e-01   4.1379391e-01
   1.3792501e-01   3.7933748e-01   4.8273751e-01
   5.8620595e-01   3.4482837e-02   3.7931121e-01
   4.1375030e-01   1.0342863e-04   5.8614627e-01
   3.7931192e-01   6.8961619e-02   5.5172646e-01
   6.5517277e-01   6.8965006e-02   2.7586222e-01
   1.7241390e-01   2.7586164e-01   5.5172446e-01
   4.3333325e-01   5.6666675e-01   0.0000000e+00
   4.4827608e-01   1.3793061e-01   4.1379331e-01
   9.6666816e-01   3.3331840e-02   0.0000000e+00
   3.1033826e-01   1.0344925e-01   5.8621249e-01
   6.8963873e-02   5.8620793e-01   3.4482820e-01
   5.5171832e-01   1.7241604e-01   2.7586564e-01
   5.5171741e-01   1.0344981e-01   3.4483278e-01
   3.1034526e-01   4.1379284e-01   2.7586190e-01
   2.4137947e-01   3.4482718e-01   4.1379335e-01
   8.5714259e-01   1.4285741e-01   0.0000000e+00
   3.1034483e-01   3.1034483e-01   3.7931035e-01
   2.7586049e-01   2.7586049e-01   4.4827903e-01
   9.9897468e-05   9.9990010e-01   0.0000000e+00
   2.0000110e-01   3.3333591e-02   7.6666531e-01
   6.5510457e-01   1.0341155e-04   3.4479202e-01
   1.4285597e-01   8.5714403e-01   0.0000000e+00
   9.9980331e-05   2.3331008e-01   7.6658994e-01
   3.3332793e-02   9.6666721e-01   0.0000000e+00
   3.7931424e-01   1.7240673e-01   4.4827903e-01
   2.0689655e-01   3.1034481e-01   4.8275863e-01
   4.4827733e-01   3.4479605e-02   5.1724307e-01
   9.9969752e-05   4.9994836e-01   4.9995167e-01
   3.4482697e-01   2.4137962e-01   4.1379341e-01
   2.7585752e-01   3.7931273e-01   3.4482975e-01
   5.0721593e-01   2.4278386e-01   2.5000021e-01
   1.0342528e-04   4.1375030e-01   5.8614627e-01
   9.9983389e-02   9.7499777e-05   8.9991911e-01
   9.9387371e-05   1.3331975e-01   8.6658087e-01
   9.0527824e-05   6.6655246e-02   9.3325423e-01
   1.6664584e-01   9.9938078e-05   8.3325422e-01
   8.7582353e-05   9.4240459e-05   9.9981818e-01
