   6.6665703e-02   9.3333430e-01   0.0000000e+00
   3.0769286e-01   6.9230714e-01   0.0000000e+00
   4.3333350e-01   5.6666650e-01   0.0000000e+00
   7.4989776e-01   1.0223943e-04   2.5000000e-01
   7.3333958e-01   2.6666042e-01   0.0000000e+00
   6.8965427e-02   2.7585813e-01   6.5517644e-01
   5.1136059e-01   2.3863941e-01   2.5000000e-01
   1.0227503e-01   6.4772496e-01   2.5000000e-01
   9.9990055e-01   9.9448206e-05   0.0000000e+00
   9.9928211e-05   1.3332279e-01   8.6657728e-01
   8.5714308e-01   1.4285692e-01   0.0000000e+00
   5.8620568e-01   6.8965538e-02   3.4482878e-01
   6.9999805e-01   3.0000195e-01   0.0000000e+00
   3.2142880e-01   4.2857119e-01   2.5000000e-01
   1.6665093e-01   9.9857328e-05   8.3324922e-01
   9.9921511e-05   9.9990008e-01   0.0000000e+00
   1.7241235e-01   2.7586311e-01   5.5172454e-01
   2.7583354e-01   1.0341517e-04   7.2406304e-01
   1.0000124e-01   8.9999876e-01   0.0000000e+00
   5.6665689e-01   4.3334311e-01   0.0000000e+00
   2.7586380e-01   1.7240750e-01   5.5172870e-01
   2.7585666e-01   3.7931319e-01   3.4483015e-01
   3.5714153e-01   6.4285847e-01   0.0000000e+00
   9.6667508e-01   3.3324925e-02   0.0000000e+00
   1.0338744e-04   2.7583355e-01   7.2406306e-01
   2.0689075e-01   1.0344537e-01   6.8966389e-01
   1.3793041e-01   8.6206959e-01   0.0000000e+00
   2.0454503e-01   5.4545497e-01   2.5000000e-01
   3.1034570e-01   2.0689432e-01   4.8275998e-01
   2.6666578e-01   7.3333422e-01   0.0000000e+00
   6.5516317e-01   3.4483683e-01   0.0000000e+00
   3.9999996e-01   6.0000004e-01   0.0000000e+00
   1.0041704e-04   5.3565705e-01   4.6424253e-01
   3.1034659e-01   6.8965158e-02   6.2068825e-01
   3.4482843e-01   1.3792895e-01   5.1724262e-01
   4.8148073e-01   5.1851927e-01   0.0000000e+00
   7.6667746e-01   2.3332254e-01   0.0000000e+00
   5.8614623e-01   1.0329194e-04   4.1375048e-01
   6.8962000e-02   5.8620908e-01   3.4482892e-01
   8.0769352e-01   1.9230648e-01   0.0000000e+00
   1.3333418e-01   6.6667088e-02   7.9999873e-01
   1.0341570e-04   6.2062549e-01   3.7927109e-01
   6.0713935e-01   3.9286065e-01   0.0000000e+00
   6.1363758e-01   1.3636242e-01   2.5000000e-01
   5.3332731e-01   4.6667269e-01   0.0000000e+00
   9.9715481e-05   1.9998028e-01   7.9992001e-01
   3.4482665e-01   2.4137966e-01   4.1379369e-01
   4.1379313e-01   2.0689656e-01   3.7931031e-01
   4.4822950e-01   1.0335149e-04   5.5166715e-01
   1.3792841e-01   5.1724295e-01   3.4482865e-01
   1.0344537e-01   2.0689075e-01   6.8966389e-01
   9.3333473e-01   6.6665268e-02   0.0000000e+00
   8.9999583e-01   1.0000417e-01   0.0000000e+00
   3.3330142e-02   9.6666986e-01   0.0000000e+00
   3.4479110e-01   1.0307559e-04   6.5510583e-01
   6.6668713e-02   1.6667076e-01   7.6666053e-01
   3.7930273e-01   2.7586568e-01   3.4483160e-01
   1.0344802e-01   3.1034408e-01   5.8620789e-01
   4.2856884e-01   3.2143116e-01   2.5000000e-01
   2.3076883e-01   7.6923117e-01   0.0000000e+00
   1.0340613e-04   4.4822945e-01   5.5166715e-01
   4.9996519e-01   9.9972555e-05   4.9993483e-01
   4.1379318e-01   6.8965405e-02   5.1724142e-01
   1.0201826e-04   7.4989798e-01   2.5000000e-01
   1.0344560e-01   3.7931151e-01   5.1724289e-01
   6.5510498e-01   1.0319183e-04   3.4479183e-01
   1.3792864e-01   5.8620868e-01   2.7586268e-01
   4.8275635e-01   2.0689750e-01   3.1034615e-01
   1.7240858e-01   2.0689799e-01   6.2069343e-01
   1.0342228e-04   6.8958361e-01   3.1031297e-01
   2.0689655e-01   4.1379314e-01   3.7931031e-01
   5.1724268e-01   6.8963573e-02   4.1379374e-01
   2.7586285e-01   4.4827521e-01   2.7586194e-01
   2.0000531e-01   3.3334159e-02   7.6666053e-01
   4.8276213e-01   1.3792433e-01   3.7931354e-01
   3.4482510e-02   3.7930960e-01   5.8620789e-01
   9.9998865e-02   3.3333485e-02   8.6666765e-01
   2.4137853e-01   1.3792985e-01   6.2069162e-01
   6.8957618e-02   4.4828238e-01   4.8276000e-01
   2.4137931e-01   2.4137931e-01   5.1724138e-01
   1.0344464e-01   4.8275963e-01   4.1379573e-01
   1.8517973e-01   8.1482027e-01   0.0000000e+00
   6.5516948e-01   6.8966891e-02   2.7586363e-01
   3.4482765e-01   3.4482766e-01   3.1034469e-01
   3.7931040e-01   3.4481710e-02   5.8620789e-01
   1.0331048e-04   3.4479384e-01   6.5510285e-01
   3.1034484e-01   3.1034485e-01   3.7931031e-01
   5.5173837e-01   1.7239820e-01   2.7586343e-01
   6.6666695e-02   1.0000006e-01   8.3333325e-01
   2.7586238e-01   2.7586238e-01   4.4827524e-01
   3.7931060e-01   1.7241416e-01   4.4827524e-01
   1.7241339e-01   3.4482682e-01   4.8275979e-01
   2.4137925e-01   3.4482711e-01   4.1379365e-01
   1.3793036e-01   1.3793036e-01   7.2413929e-01
   1.3793118e-01   4.1379357e-01   4.4827525e-01
   4.4827619e-01   1.0344857e-01   4.4827524e-01
   2.0689464e-01   4.8276053e-01   3.1034483e-01
   6.6662537e-02   4.4955438e-05   9.3329251e-01
   9.9193427e-05   9.1593809e-05   9.9980921e-01
   4.7976259e-05   6.6659596e-02   9.3329243e-01
