   6.8958408e-01   1.0330843e-04   3.1031261e-01
   2.4137965e-01   3.4481407e-02   7.2413894e-01
   9.9999167e-02   9.0000083e-01   0.0000000e+00
   3.3331239e-02   9.6666876e-01   0.0000000e+00
   8.0769355e-01   1.9230645e-01   0.0000000e+00
   5.4545223e-01   2.0454749e-01   2.5000028e-01
   3.1034263e-01   3.7931471e-01   3.1034266e-01
   6.6666716e-01   3.3333284e-01   0.0000000e+00
   4.8148094e-01   5.1851906e-01   0.0000000e+00
   3.1034459e-01   6.8965541e-01   0.0000000e+00
   8.9999713e-01   1.0000287e-01   0.0000000e+00
   1.9230510e-01   8.0769490e-01   0.0000000e+00
   8.5714323e-01   1.4285677e-01   0.0000000e+00
   6.1538605e-01   3.8461395e-01   0.0000000e+00
   3.9999822e-01   6.0000178e-01   0.0000000e+00
   2.3333267e-01   7.6666733e-01   0.0000000e+00
   2.6923466e-01   7.3076534e-01   0.0000000e+00
   1.4285648e-01   8.5714352e-01   0.0000000e+00
   1.7045550e-01   5.7954422e-01   2.5000028e-01
   2.0689647e-01   3.4482785e-01   4.4827568e-01
   5.3333330e-01   4.6666670e-01   0.0000000e+00
   1.3793117e-01   2.4137790e-01   6.2069093e-01
   2.7586096e-01   3.4482811e-01   3.7931093e-01
   9.9765115e-05   9.9990023e-01   0.0000000e+00
   4.8270849e-01   1.0336598e-04   5.1718814e-01
   1.7241379e-01   1.7241379e-01   6.5517242e-01
   6.8964997e-02   3.7931056e-01   5.5172444e-01
   5.7136119e-01   1.0051533e-04   4.2853829e-01
   1.0344817e-01   1.7241381e-01   7.2413803e-01
   7.2413776e-01   2.7586224e-01   0.0000000e+00
   9.3334026e-01   6.6659743e-02   0.0000000e+00
   2.8570828e-01   4.6429144e-01   2.5000028e-01
   6.6664197e-02   9.3333580e-01   0.0000000e+00
   5.6667123e-01   4.3332877e-01   0.0000000e+00
   3.1031447e-01   1.0342070e-04   6.8958211e-01
   1.0038436e-04   4.6424350e-01   5.3565611e-01
   1.0343380e-04   6.5510458e-01   3.4479199e-01
   2.4137931e-01   2.4137931e-01   5.1724138e-01
   1.0344801e-01   4.8275876e-01   4.1379323e-01
   3.5714349e-01   6.4285651e-01   0.0000000e+00
   4.8275998e-01   6.8962912e-02   4.4827711e-01
   1.0326355e-04   3.7927106e-01   6.2062568e-01
   1.3331997e-01   9.9788938e-05   8.6658024e-01
   4.8275948e-01   1.7241232e-01   3.4482820e-01
   7.6666892e-01   2.3333108e-01   0.0000000e+00
   1.3792974e-01   5.1724216e-01   3.4482810e-01
   1.3793042e-01   6.8965056e-02   7.9310453e-01
   1.0341887e-04   2.7583357e-01   7.2406302e-01
   3.4090722e-01   4.0909250e-01   2.5000028e-01
   9.6666598e-01   3.3334018e-02   0.0000000e+00
   9.9990002e-01   9.9979870e-05   0.0000000e+00
   4.1379358e-01   1.0344764e-01   4.8275878e-01
   7.4989751e-01   1.0220479e-04   2.5000028e-01
   1.0223470e-04   7.4989749e-01   2.5000028e-01
   5.1723836e-01   1.0344892e-01   3.7931272e-01
   3.4483134e-02   5.1723613e-01   4.4828074e-01
   1.0227372e-01   6.4772600e-01   2.5000028e-01
   4.3333075e-01   5.6666925e-01   0.0000000e+00
   6.1363708e-01   1.3636264e-01   2.5000028e-01
   3.4482451e-02   3.1034493e-01   6.5517262e-01
   6.8962914e-02   5.5172569e-01   3.7931140e-01
   3.1034488e-01   1.0344812e-01   5.8620700e-01
   4.4827616e-01   1.3793046e-01   4.1379338e-01
   3.4482992e-01   2.4137844e-01   4.1379164e-01
   1.0343593e-04   5.8614627e-01   4.1375030e-01
   6.2068993e-01   3.4482333e-02   3.4482774e-01
   2.7586236e-01   1.7241293e-01   5.5172471e-01
   1.0340500e-04   2.0687290e-01   7.9302370e-01
   3.1034111e-01   2.0689774e-01   4.8276115e-01
   9.9745267e-05   1.3332002e-01   8.6658024e-01
   4.2858102e-01   3.2141870e-01   2.5000028e-01
   6.8954666e-02   2.4138210e-01   6.8966324e-01
   1.0344790e-01   3.1034510e-01   5.8620700e-01
   5.5180022e-01   1.3790758e-01   3.1029220e-01
   3.4482619e-01   3.4482832e-02   6.2069098e-01
   3.7931093e-01   3.4482693e-01   2.7586214e-01
   1.3793109e-01   3.4482734e-01   5.1724157e-01
   3.4482890e-01   3.1034222e-01   3.4482889e-01
   3.7930703e-01   1.7241559e-01   4.4827739e-01
   2.4138056e-01   1.0344619e-01   6.5517325e-01
   4.1379325e-01   2.4137905e-01   3.4482770e-01
   4.8275888e-01   2.4137891e-01   2.7586222e-01
   1.0343966e-01   5.8623951e-01   3.1032083e-01
   2.0689667e-01   5.1724110e-01   2.7586223e-01
   2.7586207e-01   2.7586207e-01   4.4827586e-01
   1.7241236e-01   2.7586256e-01   5.5172508e-01
   1.9998020e-01   9.8551011e-05   7.9992125e-01
   1.3793050e-01   4.1379336e-01   4.4827614e-01
   3.4482734e-01   1.3793109e-01   5.1724157e-01
   3.4482166e-02   6.8965560e-01   2.7586224e-01
   6.6663679e-02   1.3333254e-01   8.0000378e-01
   2.0689653e-01   2.0689653e-01   5.8620693e-01
   1.7241291e-01   1.0344819e-01   7.2413890e-01
   4.2852399e-01   1.0080294e-04   5.7137520e-01
   1.7241414e-01   4.4827493e-01   3.7931093e-01
   3.3329159e-02   3.3329159e-02   9.3334168e-01
   6.5517523e-01   6.8961960e-02   2.7586281e-01
   6.6666424e-02   6.6666418e-02   8.6666716e-01
   2.4137819e-01   4.1379390e-01   3.4482791e-01
   9.2802739e-05   9.8308944e-05   9.9980889e-01
