   9.9992261e-02   9.9964062e-05   8.9990777e-01
   6.6666683e-02   9.3333332e-01   0.0000000e+00
   1.6666631e-01   1.0000006e-01   7.3333363e-01
   8.9999874e-01   1.0000126e-01   0.0000000e+00
   9.9988034e-05   9.9990001e-01   0.0000000e+00
   3.5714273e-01   6.4285727e-01   0.0000000e+00
   5.6666604e-01   4.3333396e-01   0.0000000e+00
   6.8958385e-01   1.0341791e-04   3.1031273e-01
   1.0344822e-01   3.1034485e-01   5.8620693e-01
   6.1363745e-01   1.3636255e-01   2.5000000e-01
   3.1034183e-01   3.4482908e-02   6.5517526e-01
   1.8518597e-01   8.1481403e-01   0.0000000e+00
   1.0336875e-04   6.2062537e-01   3.7927126e-01
   8.5714446e-01   1.4285554e-01   0.0000000e+00
   4.4318056e-01   3.0681944e-01   2.5000000e-01
   9.3333356e-01   6.6666441e-02   0.0000000e+00
   5.1135732e-01   2.3864267e-01   2.5000000e-01
   1.0227365e-01   6.4772634e-01   2.5000000e-01
   2.6666698e-01   7.3333302e-01   0.0000000e+00
   2.7586207e-01   2.7586207e-01   4.4827586e-01
   1.3793079e-01   8.6206921e-01   0.0000000e+00
   6.8965197e-02   1.3793039e-01   7.9310441e-01
   3.4481717e-02   6.5517312e-01   3.1034516e-01
   2.7580899e-01   1.0339964e-04   7.2408761e-01
   7.6666836e-01   2.3333164e-01   0.0000000e+00
   8.0769397e-01   1.9230603e-01   0.0000000e+00
   6.2069323e-01   3.4477209e-02   3.4482957e-01
   9.6666678e-01   3.3333224e-02   0.0000000e+00
   2.3076923e-01   7.6923077e-01   0.0000000e+00
   3.4482099e-01   3.1034796e-01   3.4483105e-01
   3.0768892e-01   6.9231108e-01   0.0000000e+00
   4.8283839e-01   3.4477439e-02   4.8268417e-01
   6.8965608e-01   3.1034392e-01   0.0000000e+00
   9.9990004e-01   9.9962660e-05   0.0000000e+00
   2.0454677e-01   5.4545322e-01   2.5000000e-01
   4.8148144e-01   5.1851856e-01   0.0000000e+00
   3.2142875e-01   4.2857124e-01   2.5000000e-01
   2.0689655e-01   2.0689655e-01   5.8620690e-01
   1.3792848e-01   3.4482861e-01   5.1724291e-01
   3.7931249e-01   1.7240912e-01   4.4827839e-01
   3.4482763e-02   4.8275855e-01   4.8275868e-01
   3.4482789e-01   2.4137971e-01   4.1379241e-01
   4.1379325e-01   2.0689627e-01   3.7931048e-01
   1.0000145e-01   8.9999855e-01   0.0000000e+00
   2.0687437e-01   1.0342771e-04   7.9302221e-01
   4.3333315e-01   5.6666685e-01   0.0000000e+00
   3.3333946e-02   9.6666605e-01   0.0000000e+00
   7.4989774e-01   1.0225123e-04   2.5000000e-01
   2.4137931e-01   4.8275862e-01   2.7586207e-01
   4.6665768e-01   1.0000207e-01   4.3334025e-01
   1.0337320e-04   2.0687442e-01   7.9302221e-01
   2.7585982e-01   3.4482866e-01   3.7931152e-01
   6.8965299e-02   5.1724229e-01   4.1379241e-01
   5.3333272e-01   4.6666728e-01   0.0000000e+00
   6.6666563e-02   1.9999981e-01   7.3333363e-01
   1.0344664e-01   4.4827668e-01   4.4827668e-01
   1.0341077e-04   5.5166703e-01   4.4822956e-01
   3.4481527e-02   3.7931083e-01   5.8620765e-01
   1.3792910e-01   4.8275970e-01   3.7931120e-01
   3.4482811e-01   1.0344796e-01   5.5172393e-01
   7.3076917e-01   2.6923083e-01   0.0000000e+00
   4.8275803e-01   2.0689679e-01   3.1034518e-01
   1.3334021e-01   3.3334619e-02   8.3332517e-01
   3.7927123e-01   1.0338137e-04   6.2062539e-01
   2.3333994e-01   6.6667787e-02   6.9999227e-01
   5.5171628e-01   1.0345009e-01   3.4483363e-01
   1.7241374e-01   5.1724152e-01   3.1034474e-01
   3.9999989e-01   6.0000011e-01   0.0000000e+00
   1.7241228e-01   3.7931576e-01   4.4827196e-01
   4.4822950e-01   1.0340244e-04   5.5166710e-01
   4.1379348e-01   6.8964678e-02   5.1724185e-01
   4.8275939e-01   1.3792967e-01   3.7931094e-01
   2.0689647e-01   3.1034485e-01   4.8275868e-01
   9.9916141e-05   1.3331980e-01   8.6658028e-01
   1.0344793e-01   5.5172438e-01   3.4482768e-01
   1.7241171e-01   2.7586262e-01   5.5172567e-01
   2.1428596e-01   4.2857199e-01   3.5714205e-01
   5.5172968e-01   1.7241165e-01   2.7585867e-01
   1.0223950e-04   7.4989776e-01   2.5000000e-01
   1.0344728e-01   2.4137955e-01   6.5517317e-01
   4.1379378e-01   2.7586175e-01   3.1034447e-01
   1.0342171e-04   4.4822948e-01   5.5166710e-01
   2.7585975e-01   1.0344962e-01   6.2069062e-01
   6.6666658e-02   6.6666658e-02   8.6666668e-01
   2.4137931e-01   2.4137931e-01   5.1724138e-01
   6.5517297e-01   6.8964737e-02   2.7586230e-01
   3.1034459e-01   3.7931078e-01   3.1034463e-01
   1.3792810e-01   1.7241207e-01   6.8965983e-01
   6.8964421e-02   4.1379361e-01   5.1724196e-01
   1.3790381e-01   5.8628824e-01   2.7580795e-01
   1.0343513e-04   3.4479202e-01   6.5510454e-01
   2.0689629e-01   1.3793048e-01   6.5517323e-01
   5.7137249e-01   1.0079823e-04   4.2852671e-01
   3.1034499e-01   1.7241376e-01   5.1724125e-01
   3.4480810e-02   2.7585936e-01   6.8965983e-01
   3.7931042e-01   3.4482754e-01   2.7586204e-01
   6.4285729e-01   3.5714271e-01   0.0000000e+00
   9.5152293e-05   8.2668729e-05   9.9982218e-01
   7.1177335e-05   6.6657049e-02   9.3327177e-01
   6.0000068e-01   3.9999932e-01   0.0000000e+00
