   1.3793106e-01   1.3793064e-01   7.2413831e-01
   3.0769221e-01   6.9230779e-01   0.0000000e+00
   9.9877642e-05   9.9990012e-01   0.0000000e+00
   6.4285801e-01   3.5714199e-01   0.0000000e+00
   4.3333427e-01   5.6666573e-01   0.0000000e+00
   1.7241431e-01   3.4482861e-01   4.8275708e-01
   1.7241388e-01   1.7241336e-01   6.5517276e-01
   2.4137902e-01   3.4482786e-01   4.1379312e-01
   3.4479186e-01   1.0343049e-04   6.5510471e-01
   6.8965889e-01   3.4477548e-02   2.7586356e-01
   6.0000089e-01   3.9999911e-01   0.0000000e+00
   3.3337093e-02   1.0001128e-01   8.6665163e-01
   3.1034512e-01   3.1034417e-01   3.7931070e-01
   9.3333282e-01   6.6667180e-02   0.0000000e+00
   8.1481498e-01   1.8518502e-01   0.0000000e+00
   1.0000013e-01   8.9999987e-01   0.0000000e+00
   2.4137950e-01   4.4827575e-01   3.1034475e-01
   4.8148054e-01   5.1851946e-01   0.0000000e+00
   3.5714304e-01   6.4285696e-01   0.0000000e+00
   6.9230775e-01   3.0769225e-01   0.0000000e+00
   4.4827848e-01   1.0344304e-01   4.4827848e-01
   1.7240924e-01   4.8276128e-01   3.4482948e-01
   4.9993905e-01   9.9916829e-05   4.9996103e-01
   9.6666974e-01   3.3330259e-02   0.0000000e+00
   4.8276028e-01   1.3792807e-01   3.7931165e-01
   1.0340143e-04   2.7583297e-01   7.2406363e-01
   2.4135386e-01   1.0341631e-04   7.5854272e-01
   1.0334697e-04   4.8270874e-01   5.1718791e-01
   1.3792998e-01   6.8964987e-02   7.9310504e-01
   1.3793103e-01   2.7586207e-01   5.8620690e-01
   3.1034391e-01   4.1379484e-01   2.7586125e-01
   3.4482774e-02   3.1034452e-01   6.5517270e-01
   8.6207464e-01   1.3792536e-01   0.0000000e+00
   5.8614624e-01   1.0334374e-04   4.1375042e-01
   3.4487425e-01   1.3792123e-01   5.1720452e-01
   9.9990008e-01   9.9918812e-05   0.0000000e+00
   1.3793140e-01   8.6206860e-01   0.0000000e+00
   3.7931014e-01   2.7586221e-01   3.4482765e-01
   6.8964958e-02   3.4482779e-01   5.8620725e-01
   6.6666795e-02   9.3333320e-01   0.0000000e+00
   2.0689353e-01   1.0344677e-01   6.8965970e-01
   5.5172589e-01   1.0344543e-01   3.4482868e-01
   6.6667950e-02   1.3333590e-01   7.9999615e-01
   2.3076474e-01   7.6923526e-01   0.0000000e+00
   6.5510465e-01   1.0339760e-04   3.4479195e-01
   3.7931174e-01   1.7241077e-01   4.4827749e-01
   3.4482453e-02   2.0689605e-01   7.5862150e-01
   4.1375038e-01   1.0338746e-04   5.8614624e-01
   1.0344832e-01   2.4137897e-01   6.5517271e-01
   2.6666423e-01   7.3333577e-01   0.0000000e+00
   1.8518384e-01   8.1481616e-01   0.0000000e+00
   2.7585919e-01   3.4481115e-02   6.8965970e-01
   1.0344918e-01   3.7930508e-01   5.1724574e-01
   3.3329303e-02   9.6667070e-01   0.0000000e+00
   5.1723872e-01   6.8965899e-02   4.1379538e-01
   5.3333331e-01   4.6666669e-01   0.0000000e+00
   3.4482161e-01   2.4138151e-01   4.1379688e-01
   4.8270813e-01   2.4140287e-01   2.7588900e-01
   2.7586226e-01   1.0344767e-01   6.2069007e-01
   6.8964450e-02   5.8620757e-01   3.4482798e-01
   3.4482783e-01   6.8964855e-02   5.8620731e-01
   3.9999467e-01   6.0000533e-01   0.0000000e+00
   6.6796371e-02   4.6562508e-01   4.6757855e-01
   7.6923160e-01   2.3076840e-01   0.0000000e+00
   4.1379310e-01   2.0689655e-01   3.7931035e-01
   2.0689668e-01   2.0689605e-01   5.8620727e-01
   1.6665693e-01   9.9987353e-05   8.3324309e-01
   5.6666733e-01   4.3333267e-01   0.0000000e+00
   9.9990066e-02   9.9085580e-05   8.9991085e-01
   1.0343053e-04   6.5510462e-01   3.4479195e-01
   7.4989774e-01   1.0225702e-04   2.5000000e-01
   3.4483313e-02   6.8965022e-01   2.7586647e-01
   2.7585944e-01   3.7931172e-01   3.4482884e-01
   7.3333295e-01   2.6666705e-01   0.0000000e+00
   2.0689538e-01   2.7586248e-01   5.1724214e-01
   5.1723889e-01   1.7241468e-01   3.1034643e-01
   4.1379410e-01   6.8963250e-02   5.1724265e-01
   3.4482827e-01   3.4482722e-01   3.1034450e-01
   2.0689655e-01   4.1379310e-01   3.7931034e-01
   2.7585778e-01   1.7241731e-01   5.5172491e-01
   9.0000000e-01   9.9999997e-02   0.0000000e+00
   6.2068966e-01   6.8965515e-02   3.1034483e-01
   1.3792710e-01   5.8620968e-01   2.7586323e-01
   2.7586288e-01   2.4138004e-01   4.8275708e-01
   9.9094100e-05   1.6665782e-01   8.3324309e-01
   4.2857336e-01   3.2142663e-01   2.5000000e-01
   1.0344747e-01   5.1724184e-01   3.7931069e-01
   1.0343072e-04   3.7927065e-01   6.2062592e-01
   8.5275950e-05   6.6660367e-02   9.3325436e-01
   3.4476611e-02   4.1379848e-01   5.5172491e-01
   1.0227585e-01   6.4772415e-01   2.5000000e-01
   2.0454649e-01   5.4545351e-01   2.5000000e-01
   1.3793103e-01   4.1379308e-01   4.4827590e-01
   2.7272868e-01   4.7727132e-01   2.5000000e-01
   6.1363723e-01   1.3636277e-01   2.5000000e-01
   1.0218670e-04   7.4989781e-01   2.5000000e-01
   1.0082757e-04   5.7138311e-01   4.2851606e-01
   5.4545551e-01   2.0454449e-01   2.5000000e-01
   3.7500057e-01   3.7499943e-01   2.5000000e-01
   9.5723189e-05   8.2209989e-05   9.9982207e-01
