   9.6667013e-01   3.3329867e-02   0.0000000e+00
   9.9987560e-05   9.9990001e-01   0.0000000e+00
   2.3076942e-01   7.6923058e-01   0.0000000e+00
   1.0339440e-04   2.0687390e-01   7.9302270e-01
   1.3332036e-01   9.9973206e-05   8.6657967e-01
   1.7857090e-01   5.7142852e-01   2.5000058e-01
   5.7954356e-01   1.7045586e-01   2.5000058e-01
   4.4827710e-01   1.3792865e-01   4.1379425e-01
   2.3334731e-01   6.6667685e-02   6.9998500e-01
   1.0000119e-01   8.9999881e-01   0.0000000e+00
   4.4827782e-01   2.0689309e-01   3.4482909e-01
   9.9990013e-01   9.9869652e-05   0.0000000e+00
   4.6429187e-01   2.8570755e-01   2.5000058e-01
   6.8181765e-01   6.8181768e-02   2.5000058e-01
   5.6666635e-01   4.3333365e-01   0.0000000e+00
   3.5714165e-01   6.4285835e-01   0.0000000e+00
   6.5516802e-01   3.4483198e-01   0.0000000e+00
   5.1851900e-01   4.8148100e-01   0.0000000e+00
   8.9999779e-01   1.0000221e-01   0.0000000e+00
   1.0344724e-01   2.4137690e-01   6.5517586e-01
   3.1034490e-01   2.0689653e-01   4.8275857e-01
   6.0714225e-01   3.9285775e-01   0.0000000e+00
   1.0344996e-01   6.2068350e-01   2.7586655e-01
   3.4476500e-02   2.4136551e-01   7.2415799e-01
   3.9999833e-01   6.0000167e-01   0.0000000e+00
   1.0216366e-04   7.4989725e-01   2.5000058e-01
   3.1032998e-01   1.0343441e-04   6.8956659e-01
   6.6668222e-02   9.3333178e-01   0.0000000e+00
   2.4137969e-01   2.7586193e-01   4.8275838e-01
   2.6666647e-01   7.3333353e-01   0.0000000e+00
   9.9987262e-05   4.6662005e-01   5.3327996e-01
   2.3331065e-01   9.9831702e-05   7.6658952e-01
   2.0689451e-01   1.3792962e-01   6.5517586e-01
   3.4090882e-01   4.0909059e-01   2.5000058e-01
   3.7931074e-01   3.4482737e-01   2.7586189e-01
   7.4989717e-01   1.0225039e-04   2.5000058e-01
   9.3333316e-01   6.6666845e-02   0.0000000e+00
   1.3793108e-01   8.6206892e-01   0.0000000e+00
   1.8518492e-01   8.1481508e-01   0.0000000e+00
   8.0769324e-01   1.9230676e-01   0.0000000e+00
   4.2852476e-01   1.0082737e-04   5.7137441e-01
   1.0344907e-01   3.7930561e-01   5.1724532e-01
   1.0339484e-04   5.8614632e-01   4.1375029e-01
   6.9999953e-01   3.0000047e-01   0.0000000e+00
   3.0769266e-01   6.9230734e-01   0.0000000e+00
   7.3333364e-01   2.6666636e-01   0.0000000e+00
   9.9911620e-05   3.3329821e-01   6.6660188e-01
   5.8620901e-01   3.4479268e-02   3.7931172e-01
   3.3330945e-02   9.6666906e-01   0.0000000e+00
   6.8954183e-02   5.5173086e-01   3.7931496e-01
   1.6666562e-01   1.0000008e-01   7.3333430e-01
   3.1034494e-01   1.3793074e-01   5.5172433e-01
   2.7586102e-01   3.4482809e-01   3.7931089e-01
   6.5510469e-01   1.0339960e-04   3.4479191e-01
   2.7586415e-01   1.0344146e-01   6.2069439e-01
   7.6666764e-01   2.3333236e-01   0.0000000e+00
   1.0344468e-01   4.8276056e-01   4.1379477e-01
   1.3793162e-01   4.1379063e-01   4.4827775e-01
   6.8182598e-02   6.8181682e-01   2.5000058e-01
   1.7241355e-01   4.4827600e-01   3.7931046e-01
   3.1034503e-01   2.7586160e-01   4.1379337e-01
   5.3566162e-01   1.0043063e-04   4.6423795e-01
   3.4482757e-01   3.4482759e-02   6.2068967e-01
   2.0689842e-01   2.4137749e-01   5.5172410e-01
   1.0341837e-04   6.5510467e-01   3.4479191e-01
   3.4482635e-01   3.1034542e-01   3.4482824e-01
   1.7241379e-01   2.0689655e-01   6.2068966e-01
   4.1379354e-01   2.7586226e-01   3.1034421e-01
   1.3793091e-01   5.1724146e-01   3.4482764e-01
   2.8570606e-01   4.6429335e-01   2.5000058e-01
   1.0343964e-01   1.7240237e-01   7.2415799e-01
   1.3793113e-01   3.1034452e-01   5.5172435e-01
   2.0689231e-01   3.7931238e-01   4.1379531e-01
   4.3333287e-01   5.6666713e-01   0.0000000e+00
   6.2069016e-01   1.0344755e-01   2.7586229e-01
   3.3328537e-02   1.3333269e-01   8.3333877e-01
   1.7241333e-01   3.4482778e-01   4.8275889e-01
   3.7931048e-01   2.4137905e-01   3.7931047e-01
   6.8963181e-02   4.4827699e-01   4.8275983e-01
   2.4137907e-01   4.1379324e-01   3.4482770e-01
   1.6667587e-01   3.3335090e-02   7.9998904e-01
   3.4482466e-02   5.1724149e-01   4.4827605e-01
   2.4136907e-01   1.7241613e-01   5.8621480e-01
   1.0000550e-01   1.0000546e-01   7.9998904e-01
   4.6666718e-01   5.3333282e-01   0.0000000e+00
   5.1724108e-01   2.0689668e-01   2.7586224e-01
   3.7931209e-01   1.7241317e-01   4.4827474e-01
   3.7931063e-01   1.0344450e-01   5.1724487e-01
   4.6540075e-01   3.3411842e-02   5.0118741e-01
   5.5172699e-01   1.3792881e-01   3.1034421e-01
   2.0689675e-01   4.8275904e-01   3.1034421e-01
   5.1724151e-01   1.0344804e-01   3.7931044e-01
   9.3094660e-05   9.9985455e-02   8.9992145e-01
   8.5714382e-01   1.4285618e-01   0.0000000e+00
   6.6665967e-02   6.6665941e-02   8.6666809e-01
   3.1034585e-01   3.7930994e-01   3.1034421e-01
   6.8965391e-02   3.1034487e-01   6.2068974e-01
   3.4481699e-02   3.7931158e-01   5.8620673e-01
   6.6648553e-02   5.3209195e-05   9.3329824e-01
   8.3869182e-05   9.9867928e-05   9.9981626e-01
