   9.9906504e-05   9.9990009e-01   0.0000000e+00
   1.0344720e-01   1.7241400e-01   7.2413880e-01
   4.1379311e-01   2.7586206e-01   3.1034483e-01
   2.4137954e-01   3.7930976e-01   3.7931070e-01
   5.6666430e-01   4.3333570e-01   0.0000000e+00
   3.3322055e-02   9.6667795e-01   0.0000000e+00
   1.8518854e-01   8.1481146e-01   0.0000000e+00
   3.5714316e-01   6.4285684e-01   0.0000000e+00
   4.8275390e-01   1.3793229e-01   3.7931381e-01
   9.3333508e-01   6.6664923e-02   0.0000000e+00
   6.3333536e-01   3.6666464e-01   0.0000000e+00
   7.3333190e-01   2.6666810e-01   0.0000000e+00
   6.6671151e-02   4.6662988e-01   4.6669897e-01
   4.3333136e-01   5.6666864e-01   0.0000000e+00
   4.1379322e-01   1.3793080e-01   4.4827598e-01
   2.3076909e-01   7.6923091e-01   0.0000000e+00
   3.4482700e-01   2.0689790e-01   4.4827510e-01
   6.6666667e-01   3.3333333e-01   0.0000000e+00
   6.6667876e-02   9.3333212e-01   0.0000000e+00
   1.3793240e-01   8.6206760e-01   0.0000000e+00
   2.4137939e-01   3.4482441e-02   7.2413817e-01
   5.1851890e-01   4.8148110e-01   0.0000000e+00
   4.6666999e-01   5.3333001e-01   0.0000000e+00
   8.9999958e-01   1.0000042e-01   0.0000000e+00
   7.6667005e-01   2.3332995e-01   0.0000000e+00
   2.0689455e-01   2.4138016e-01   5.5172529e-01
   6.8100305e-01   6.8101881e-02   2.5089507e-01
   1.3793095e-01   4.1379314e-01   4.4827590e-01
   3.1034137e-01   3.4482944e-01   3.4482918e-01
   1.9998219e-01   9.9961412e-05   7.9991785e-01
   8.0769503e-01   1.9230497e-01   0.0000000e+00
   1.0082778e-04   5.7137310e-01   4.2852607e-01
   1.7045460e-01   5.7954540e-01   2.5000000e-01
   7.4989781e-01   1.0219430e-04   2.5000000e-01
   3.3332449e-02   6.6663529e-02   9.0000402e-01
   6.9999515e-01   3.0000485e-01   0.0000000e+00
   3.0769205e-01   6.9230795e-01   0.0000000e+00
   1.0223373e-04   7.4989777e-01   2.5000000e-01
   1.3792853e-01   2.4137969e-01   6.2069178e-01
   5.7954537e-01   1.7045463e-01   2.5000000e-01
   2.0689573e-01   3.4483021e-01   4.4827406e-01
   5.1718945e-01   1.0343204e-04   4.8270711e-01
   3.1031275e-01   1.0343534e-04   6.8958381e-01
   6.8965035e-02   2.4137944e-01   6.8965553e-01
   3.0681763e-01   4.4318237e-01   2.5000000e-01
   2.0689655e-01   1.0344828e-01   6.8965517e-01
   1.0117368e-04   3.5710223e-01   6.4279659e-01
   6.5510457e-01   1.0341392e-04   3.4479202e-01
   6.0000001e-01   3.9999999e-01   0.0000000e+00
   1.0337494e-04   4.8270878e-01   5.1718785e-01
   3.3327742e-02   4.0000602e-01   5.6666624e-01
   4.6428428e-01   2.8571572e-01   2.5000000e-01
   1.3792121e-01   5.5173042e-01   3.1034837e-01
   8.5714838e-01   1.4285162e-01   0.0000000e+00
   1.0338470e-04   2.7583373e-01   7.2406289e-01
   5.8614424e-01   1.0341357e-04   4.1375235e-01
   2.6666647e-01   7.3333353e-01   0.0000000e+00
   1.7241397e-01   3.1034474e-01   5.1724128e-01
   1.0344785e-01   3.7931053e-01   5.1724162e-01
   3.1034724e-01   6.8958282e-02   6.2069448e-01
   1.0000498e-01   8.9999502e-01   0.0000000e+00
   3.4482406e-01   2.7586355e-01   3.7931238e-01
   4.8275894e-01   6.8964906e-02   4.4827616e-01
   9.9990014e-01   9.9859415e-05   0.0000000e+00
   2.7586143e-01   4.1379446e-01   3.1034411e-01
   3.4482753e-01   3.7931199e-01   2.7586048e-01
   3.9999866e-01   6.0000134e-01   0.0000000e+00
   1.0344638e-01   5.1724247e-01   3.7931114e-01
   1.0338457e-04   6.5510460e-01   3.4479202e-01
   2.3864256e-01   5.1135744e-01   2.5000000e-01
   2.0689735e-01   1.7241062e-01   6.2069203e-01
   4.2852781e-01   1.0061376e-04   5.7137158e-01
   4.4827706e-01   3.4480752e-02   5.1724219e-01
   1.3333333e-01   2.0000111e-01   6.6666556e-01
   1.7241117e-01   4.4827728e-01   3.7931154e-01
   3.7931019e-01   3.4482638e-02   5.8620717e-01
   1.6666905e-01   6.6661099e-02   7.6666985e-01
   5.1724155e-01   1.7241351e-01   3.1034493e-01
   1.3333349e-01   3.3332598e-02   8.3333391e-01
   1.0344815e-01   3.1034467e-01   5.8620717e-01
   1.0000009e-01   1.0000007e-01   7.9999984e-01
   4.1379311e-01   2.0689655e-01   3.7931034e-01
   9.6667371e-01   3.3326289e-02   0.0000000e+00
   2.7586189e-01   1.3793094e-01   5.8620717e-01
   2.7586210e-01   2.7586206e-01   4.4827584e-01
   9.9987981e-02   8.2963651e-05   8.9992906e-01
   5.5172488e-01   6.8964256e-02   3.7931086e-01
   6.8180750e-02   6.8181925e-01   2.5000000e-01
   3.3332845e-02   1.9999733e-01   7.6666982e-01
   2.0689152e-01   4.8275159e-01   3.1035689e-01
   1.0344836e-01   6.2069099e-01   2.7586065e-01
   3.1034364e-01   1.7241409e-01   5.1724226e-01
   9.9464756e-05   1.6665000e-01   8.3325053e-01
   5.8620864e-01   1.0344633e-01   3.1034503e-01
   3.9286593e-01   3.5713027e-01   2.5000380e-01
   3.7931452e-01   1.0344679e-01   5.1723869e-01
   4.8275717e-01   2.4137859e-01   2.7586424e-01
   8.1290656e-05   1.3331666e-01   8.6660205e-01
   9.8113658e-05   9.1307143e-05   9.9981058e-01
   6.8951742e-02   5.8621522e-01   3.4483304e-01
