   4.3333376e-01   5.6666624e-01   0.0000000e+00
   2.4137931e-01   2.4137931e-01   5.1724138e-01
   4.4827696e-01   1.0344608e-01   4.4827696e-01
   2.0689655e-01   2.0689655e-01   5.8620690e-01
   3.5714472e-01   6.4285528e-01   0.0000000e+00
   6.8181409e-02   6.8181810e-01   2.5000049e-01
   1.7045228e-01   5.7954723e-01   2.5000049e-01
   9.9975363e-05   9.9990002e-01   0.0000000e+00
   1.0344687e-01   3.1034531e-01   5.8620782e-01
   1.0000008e-01   1.0000008e-01   7.9999983e-01
   8.9999880e-01   1.0000120e-01   0.0000000e+00
   1.7241436e-01   3.4482545e-01   4.8276019e-01
   1.0342764e-04   5.5166705e-01   4.4822952e-01
   4.6666755e-01   5.3333245e-01   0.0000000e+00
   1.8518504e-01   8.1481496e-01   0.0000000e+00
   9.3333454e-01   6.6665457e-02   0.0000000e+00
   6.1363813e-01   1.3636138e-01   2.5000049e-01
   5.5173543e-01   1.7240945e-01   2.7585511e-01
   5.1135993e-01   2.3863957e-01   2.5000049e-01
   2.0689676e-01   6.8964583e-02   7.2413866e-01
   8.0769295e-01   1.9230705e-01   0.0000000e+00
   4.6661546e-01   9.9977853e-05   5.3328456e-01
   2.3077014e-01   7.6922986e-01   0.0000000e+00
   6.6666749e-02   6.6666749e-02   8.6666650e-01
   6.8966016e-02   2.7585679e-01   6.5517720e-01
   2.4137946e-01   3.1034440e-01   4.4827614e-01
   2.7586165e-01   3.7931056e-01   3.4482779e-01
   6.6666652e-02   9.3333335e-01   0.0000000e+00
   3.4482645e-02   5.8620697e-01   3.7931039e-01
   2.0689607e-01   3.7931012e-01   4.1379380e-01
   3.9285549e-01   3.5714402e-01   2.5000049e-01
   9.9997949e-02   9.0000205e-01   0.0000000e+00
   6.0000207e-01   3.9999793e-01   0.0000000e+00
   5.6666713e-01   4.3333287e-01   0.0000000e+00
   3.1034506e-01   4.1379296e-01   2.7586198e-01
   2.0689680e-01   1.3793001e-01   6.5517319e-01
   7.6667067e-01   2.3332933e-01   0.0000000e+00
   6.9230538e-01   3.0769462e-01   0.0000000e+00
   8.5714342e-01   1.4285658e-01   0.0000000e+00
   4.1379380e-01   2.0689521e-01   3.7931099e-01
   2.8571031e-01   2.8571031e-01   4.2857937e-01
   1.3793102e-01   2.0689656e-01   6.5517242e-01
   3.4482751e-02   4.8275862e-01   4.8275863e-01
   6.5517020e-01   6.8965959e-02   2.7586384e-01
   6.2062543e-01   1.0337627e-04   3.7927120e-01
   4.4827175e-01   2.7586413e-01   2.7586413e-01
   2.3331068e-01   9.9955145e-05   7.6658936e-01
   1.0225015e-04   7.4989726e-01   2.5000049e-01
   1.7241265e-01   4.4827648e-01   3.7931087e-01
   3.9999996e-01   6.0000004e-01   0.0000000e+00
   2.6666608e-01   7.3333392e-01   0.0000000e+00
   5.5166710e-01   1.0337707e-04   4.4822952e-01
   2.7586313e-01   1.0344512e-01   6.2069175e-01
   7.3333333e-01   2.6666667e-01   0.0000000e+00
   9.9990013e-01   9.9869705e-05   0.0000000e+00
   2.0689557e-01   5.1724367e-01   2.7586076e-01
   1.0338715e-04   3.7927148e-01   6.2062514e-01
   6.4285877e-01   3.5714123e-01   0.0000000e+00
   2.7272836e-01   4.7727115e-01   2.5000049e-01
   1.0344653e-01   6.2069086e-01   2.7586261e-01
   1.0042707e-04   4.6423622e-01   5.3566335e-01
   1.0343285e-04   3.1031272e-01   6.8958385e-01
   3.1034483e-01   3.1034483e-01   3.7931034e-01
   3.4482985e-01   2.0689582e-01   4.4827433e-01
   7.4989726e-01   1.0224507e-04   2.5000049e-01
   1.3793103e-01   1.3793103e-01   7.2413793e-01
   5.5172472e-01   1.0344734e-01   3.4482794e-01
   9.6666860e-01   3.3331401e-02   0.0000000e+00
   6.8962622e-02   5.1724299e-01   4.1379439e-01
   1.3793159e-01   5.1723943e-01   3.4482898e-01
   1.7241283e-01   2.7586181e-01   5.5172536e-01
   3.7930837e-01   2.7586295e-01   3.4482868e-01
   3.1034520e-01   1.7241278e-01   5.1724202e-01
   9.9461335e-05   1.3332002e-01   8.6658052e-01
   1.0340932e-04   6.5510465e-01   3.4479194e-01
   3.0769395e-01   6.9230605e-01   0.0000000e+00
   3.3333339e-02   9.6666666e-01   0.0000000e+00
   1.6665285e-01   9.9940898e-05   8.3324721e-01
   2.7586236e-01   3.4481846e-02   6.8965580e-01
   4.1379324e-01   6.8965222e-02   5.1724154e-01
   4.8275878e-01   2.0689630e-01   3.1034492e-01
   6.8958386e-01   1.0341720e-04   3.1031272e-01
   5.1851929e-01   4.8148071e-01   0.0000000e+00
   2.4137775e-01   4.4827936e-01   3.1034289e-01
   1.3793047e-01   8.6206953e-01   0.0000000e+00
   6.6666297e-02   1.6666727e-01   7.6666643e-01
   1.0014553e-01   4.3246837e-01   4.6738610e-01
   3.4479208e-01   1.0341872e-04   6.5510450e-01
   3.4481685e-02   2.4137958e-01   7.2413874e-01
   5.1724068e-01   6.8965517e-02   4.1379381e-01
   3.7931044e-01   1.3793101e-01   4.8275855e-01
   6.8959539e-02   3.7931454e-01   5.5172592e-01
   3.4482808e-01   1.0344656e-01   5.5172536e-01
   3.4482759e-01   3.4482759e-01   3.1034483e-01
   9.4055809e-05   6.6656595e-02   9.3324935e-01
   3.7931070e-01   3.4480352e-02   5.8620895e-01
   9.3287639e-05   8.4191061e-05   9.9982252e-01
   4.8275828e-01   1.3793113e-01   3.7931060e-01
   9.9986732e-02   9.8895589e-05   8.9991437e-01
   9.9916069e-05   1.9998071e-01   7.9991938e-01
