   3.1034392e-01   6.8965608e-01   0.0000000e+00
   1.0000032e-01   2.0000059e-01   6.9999909e-01
   3.4482767e-01   1.3793082e-01   5.1724151e-01
   7.3333077e-01   2.6666923e-01   0.0000000e+00
   1.3793149e-01   2.4137722e-01   6.2069130e-01
   4.8147941e-01   5.1852059e-01   0.0000000e+00
   5.4545536e-01   2.0454464e-01   2.5000000e-01
   1.7045436e-01   5.7954564e-01   2.5000000e-01
   6.5517222e-01   3.4482778e-01   0.0000000e+00
   4.3333226e-01   5.6666774e-01   0.0000000e+00
   4.6667138e-01   6.6657502e-02   4.6667112e-01
   6.8182381e-02   6.8181762e-01   2.5000000e-01
   9.8589284e-05   1.3331935e-01   8.6658206e-01
   5.7136838e-01   1.0082861e-04   4.2853079e-01
   6.2068969e-01   6.8965475e-02   3.1034484e-01
   1.7240847e-01   5.1725609e-01   3.1033544e-01
   2.5000005e-01   4.9999995e-01   2.5000000e-01
   1.3792716e-01   4.8276079e-01   3.7931205e-01
   6.0714209e-01   3.9285791e-01   0.0000000e+00
   2.3333541e-01   7.6666459e-01   0.0000000e+00
   4.4827529e-01   2.0689677e-01   3.4482795e-01
   3.4482091e-02   4.8275874e-01   4.8275917e-01
   1.0040013e-04   4.6423948e-01   5.3566012e-01
   4.8270874e-01   1.0341457e-04   5.1718784e-01
   3.4481398e-02   1.7240940e-01   7.9310920e-01
   5.3333138e-01   4.6666862e-01   0.0000000e+00
   4.1379315e-01   1.7241360e-01   4.1379324e-01
   1.0341916e-01   3.7948602e-01   5.1709482e-01
   9.3333323e-01   6.6666772e-02   0.0000000e+00
   5.1724337e-01   1.7241061e-01   3.1034602e-01
   9.0000006e-01   9.9999941e-02   0.0000000e+00
   1.0000244e-01   8.9999756e-01   0.0000000e+00
   1.7241387e-01   6.8965425e-02   7.5862070e-01
   9.9979511e-05   9.9990002e-01   0.0000000e+00
   1.0337817e-04   2.4135447e-01   7.5854215e-01
   3.7931056e-01   2.4137888e-01   3.7931056e-01
   1.0333465e-04   6.2062546e-01   3.7927121e-01
   4.6429041e-01   2.8570959e-01   2.5000000e-01
   2.4137678e-01   3.7931161e-01   3.7931161e-01
   7.6923477e-01   2.3076523e-01   0.0000000e+00
   5.6666515e-01   4.3333485e-01   0.0000000e+00
   2.7586251e-01   1.3792964e-01   5.8620784e-01
   6.8965517e-01   3.4482184e-02   2.7586264e-01
   7.4989781e-01   1.0218603e-04   2.5000000e-01
   9.6666615e-01   3.3333851e-02   0.0000000e+00
   1.4285692e-01   8.5714308e-01   0.0000000e+00
   9.9990001e-01   9.9989317e-05   0.0000000e+00
   2.0687466e-01   1.0342802e-04   7.9302192e-01
   1.0341392e-04   3.1031260e-01   6.8958399e-01
   8.1481430e-01   1.8518570e-01   0.0000000e+00
   6.6665893e-02   9.3333411e-01   0.0000000e+00
   7.0000008e-01   2.9999992e-01   0.0000000e+00
   3.3335630e-02   9.6666437e-01   0.0000000e+00
   2.6923147e-01   7.3076853e-01   0.0000000e+00
   2.0689648e-01   4.4827590e-01   3.4482761e-01
   3.5714098e-01   6.4285902e-01   0.0000000e+00
   1.0344803e-01   6.2068932e-01   2.7586264e-01
   8.6206959e-01   1.3793041e-01   0.0000000e+00
   2.7586249e-01   2.0689534e-01   5.1724217e-01
   1.0344396e-01   4.4827798e-01   4.4827805e-01
   2.4137932e-01   1.0344824e-01   6.5517244e-01
   1.7241480e-01   4.1378968e-01   4.1379552e-01
   3.7927126e-01   1.0343739e-04   6.2062530e-01
   6.8965312e-02   5.8620703e-01   3.4482766e-01
   1.3792952e-01   3.1034608e-01   5.5172440e-01
   1.0222356e-04   7.4989778e-01   2.5000000e-01
   3.3335402e-02   6.6670786e-02   8.9999381e-01
   6.8964047e-02   5.1724220e-01   4.1379376e-01
   1.0342347e-04   6.8958387e-01   3.1031271e-01
   3.7931525e-01   3.1034226e-01   3.1034249e-01
   1.9230711e-01   8.0769289e-01   0.0000000e+00
   4.8275900e-01   1.3793036e-01   3.7931064e-01
   3.4482789e-01   2.0689646e-01   4.4827564e-01
   6.8964619e-02   3.4482792e-01   5.8620746e-01
   1.0342300e-04   5.5166708e-01   4.4822950e-01
   6.5510473e-01   1.0341959e-04   3.4479185e-01
   2.7586207e-01   2.7586207e-01   4.4827586e-01
   4.1379184e-01   1.0344899e-01   4.8275917e-01
   6.1363695e-01   1.3636305e-01   2.5000000e-01
   3.9999771e-01   6.0000229e-01   0.0000000e+00
   2.7586094e-01   4.1379535e-01   3.1034371e-01
   6.8964284e-02   2.7586244e-01   6.5517327e-01
   1.3331843e-01   9.9504054e-05   8.6658206e-01
   3.4482824e-01   6.8963749e-02   5.8620801e-01
   3.3457310e-01   3.6803238e-01   2.9739452e-01
   3.5714335e-01   3.9285665e-01   2.5000000e-01
   2.0689639e-01   2.0689639e-01   5.8620722e-01
   2.0689284e-01   2.7586351e-01   5.1724365e-01
   2.0689262e-01   3.4483952e-01   4.4826786e-01
   5.5172435e-01   1.0344797e-01   3.4482768e-01
   1.0333673e-04   3.7927136e-01   6.2062530e-01
   4.1379328e-01   3.4482318e-02   5.5172440e-01
   2.7586450e-01   3.4479951e-02   6.8965555e-01
   1.3793025e-01   1.3793025e-01   7.2413949e-01
   2.9997910e-01   6.6497611e-05   6.9995440e-01
   9.9997013e-02   9.9997013e-02   8.0000597e-01
   1.7241378e-01   1.7241378e-01   6.5517245e-01
   3.1034472e-01   3.1034472e-01   3.7931056e-01
   6.6647733e-02   6.7542833e-05   9.3328472e-01
   8.6350485e-05   9.6442099e-05   9.9981721e-01
