   6.4285643e-01   3.5714357e-01   0.0000000e+00
   2.3333103e-01   7.6666897e-01   0.0000000e+00
   8.6207033e-01   1.3792967e-01   0.0000000e+00
   3.4482751e-01   6.5517249e-01   0.0000000e+00
   6.6664711e-02   9.3333529e-01   0.0000000e+00
   5.6666973e-01   4.3333027e-01   0.0000000e+00
   1.0339236e-04   6.5510368e-01   3.4479293e-01
   9.9990007e-01   9.9930831e-05   0.0000000e+00
   2.4137475e-01   3.4482967e-01   4.1379558e-01
   1.0113326e-01   3.5949396e-01   5.3937278e-01
   1.9230876e-01   8.0769124e-01   0.0000000e+00
   9.0000043e-01   9.9999572e-02   0.0000000e+00
   3.4482759e-01   3.4482759e-01   3.1034483e-01
   9.9999213e-02   9.0000079e-01   0.0000000e+00
   3.0000076e-01   6.9999924e-01   0.0000000e+00
   4.3333540e-01   5.6666460e-01   0.0000000e+00
   7.6923213e-01   2.3076787e-01   0.0000000e+00
   9.9180890e-05   9.9990082e-01   0.0000000e+00
   2.0454453e-01   5.4545450e-01   2.5000097e-01
   1.3793008e-01   2.4137779e-01   6.2069214e-01
   9.9863005e-05   1.3332584e-01   8.6657430e-01
   3.3334660e-02   9.6666534e-01   0.0000000e+00
   5.5172498e-01   1.3792973e-01   3.1034529e-01
   1.7241224e-01   2.7586259e-01   5.5172517e-01
   4.1379358e-01   1.0344726e-01   4.8275916e-01
   1.7241580e-01   5.1723573e-01   3.1034847e-01
   2.7583294e-01   1.0343215e-04   7.2406363e-01
   5.1721904e-01   1.0345300e-01   3.7932796e-01
   3.4479211e-01   1.0334993e-04   6.5510454e-01
   6.9230629e-01   3.0769371e-01   0.0000000e+00
   2.4973317e-01   3.9299732e-01   3.5726951e-01
   5.3333238e-01   4.6666762e-01   0.0000000e+00
   6.8100062e-01   6.8104227e-02   2.5089515e-01
   4.9994603e-01   9.9839228e-05   4.9995413e-01
   6.7261988e-02   5.3812573e-01   3.9461228e-01
   3.9285617e-01   6.0714383e-01   0.0000000e+00
   2.6666687e-01   7.3333313e-01   0.0000000e+00
   6.2062542e-01   1.0343430e-04   3.7927115e-01
   1.3333413e-01   4.3333278e-01   4.3333309e-01
   3.7931525e-01   6.8953477e-02   5.5173127e-01
   2.7586228e-01   6.8964814e-02   6.5517291e-01
   1.7241420e-01   4.4827457e-01   3.7931123e-01
   3.4481014e-02   4.1379381e-01   5.5172517e-01
   1.3334234e-01   3.3335219e-02   8.3332244e-01
   9.6667064e-01   3.3329355e-02   0.0000000e+00
   2.7586207e-01   2.7586207e-01   4.4827586e-01
   3.7931179e-01   1.7241058e-01   4.4827763e-01
   4.8148008e-01   5.1851992e-01   0.0000000e+00
   1.0344732e-01   2.0689467e-01   6.8965801e-01
   6.8958369e-01   1.0335351e-04   3.1031296e-01
   1.0338806e-04   5.8614603e-01   4.1375059e-01
   5.4544587e-01   2.0455320e-01   2.5000093e-01
   2.7586196e-01   4.1379334e-01   3.1034470e-01
   1.9998218e-01   9.9948125e-05   7.9991787e-01
   2.0689640e-01   2.0689640e-01   5.8620721e-01
   1.0325962e-04   3.1031463e-01   6.8958211e-01
   1.0340298e-04   3.7927148e-01   6.2062512e-01
   7.3332997e-01   2.6667003e-01   0.0000000e+00
   9.9999874e-02   9.9999874e-02   8.0000025e-01
   4.1379592e-01   3.1034263e-01   2.7586145e-01
   2.7272667e-01   4.7727199e-01   2.5000134e-01
   3.4482710e-01   2.4137949e-01   4.1379341e-01
   1.4284820e-01   8.5715180e-01   0.0000000e+00
   3.1034483e-01   3.1034483e-01   3.7931035e-01
   1.0342484e-04   2.4134550e-01   7.5855108e-01
   5.5172681e-01   3.4477658e-02   4.1379554e-01
   9.9991699e-05   4.9994138e-01   4.9995863e-01
   6.2067951e-01   1.0345126e-01   2.7586923e-01
   1.0344864e-01   5.8620546e-01   3.1034591e-01
   2.0689639e-01   3.1034489e-01   4.8275872e-01
   3.4482872e-01   1.3792836e-01   5.1724292e-01
   6.8964767e-02   4.4828157e-01   4.8275366e-01
   3.1034463e-01   1.0344816e-01   5.8620721e-01
   4.4827512e-01   1.3793122e-01   4.1379366e-01
   5.9999999e-01   4.0000001e-01   0.0000000e+00
   4.1379094e-01   2.0689738e-01   3.7931169e-01
   2.0689659e-01   6.8965495e-02   7.2413792e-01
   3.3332974e-02   6.6665956e-02   9.0000107e-01
   1.7241382e-01   3.7931032e-01   4.4827587e-01
   2.4137854e-01   2.4137854e-01   5.1724292e-01
   4.1375061e-01   1.0338614e-04   5.8614600e-01
   3.4481319e-02   1.7240852e-01   7.9311016e-01
   3.4479604e-02   6.8965745e-01   2.7586294e-01
   3.1034482e-01   2.0689655e-01   4.8275863e-01
   6.8964033e-02   2.7586301e-01   6.5517296e-01
   5.8620811e-01   6.8964211e-02   3.4482768e-01
   7.4989681e-01   1.0224115e-04   2.5000095e-01
   2.7586089e-01   1.7241407e-01   5.5172504e-01
   9.3333197e-01   6.6668028e-02   0.0000000e+00
   2.0689655e-01   1.3793104e-01   6.5517242e-01
   8.1481520e-01   1.8518480e-01   0.0000000e+00
   3.7931061e-01   2.7586171e-01   3.4482768e-01
   4.6429354e-01   2.8570503e-01   2.5000143e-01
   4.8275968e-01   2.0689492e-01   3.1034540e-01
   9.9989544e-02   9.9966286e-05   8.9991049e-01
   1.3635703e-01   6.1364157e-01   2.5000140e-01
   1.0222850e-04   7.4989687e-01   2.5000090e-01
   1.3793068e-01   1.3793068e-01   7.2413864e-01
   3.5713611e-01   3.9286295e-01   2.5000095e-01
   5.6446757e-05   9.0474564e-05   9.9985308e-01
