   4.8148141e-01   5.1851859e-01   0.0000000e+00
   3.4486639e-01   1.0344216e-01   5.5169146e-01
   3.9285332e-01   3.5714668e-01   2.5000000e-01
   2.0454376e-01   5.4545624e-01   2.5000000e-01
   8.5714481e-01   1.4285519e-01   0.0000000e+00
   6.8965437e-01   3.1034563e-01   0.0000000e+00
   1.0335564e-04   4.4822978e-01   5.5166687e-01
   1.3792923e-01   3.4482831e-01   5.1724246e-01
   3.1034330e-01   6.8965193e-02   6.2069151e-01
   6.8965918e-01   3.4477153e-02   2.7586367e-01
   9.3333302e-01   6.6666980e-02   0.0000000e+00
   7.3077001e-01   2.6922999e-01   0.0000000e+00
   9.9985099e-05   9.9990001e-01   0.0000000e+00
   9.9999790e-02   9.0000021e-01   0.0000000e+00
   3.7931573e-01   2.7585179e-01   3.4483248e-01
   3.3333872e-02   9.6666613e-01   0.0000000e+00
   6.1363634e-01   1.3636366e-01   2.5000000e-01
   4.0000000e-01   6.0000000e-01   0.0000000e+00
   4.4828376e-01   2.4137585e-01   3.1034039e-01
   5.6666615e-01   4.3333385e-01   0.0000000e+00
   6.6666516e-02   9.3333348e-01   0.0000000e+00
   2.3077031e-01   7.6922969e-01   0.0000000e+00
   2.7583388e-01   1.0339442e-04   7.2406272e-01
   9.9990015e-01   9.9848150e-05   0.0000000e+00
   9.0000122e-01   9.9998784e-02   0.0000000e+00
   3.4482755e-01   3.4482766e-01   3.1034480e-01
   9.6666722e-01   3.3332782e-02   0.0000000e+00
   6.7053491e-02   4.3004416e-01   5.0290235e-01
   1.7241384e-01   2.7586191e-01   5.5172424e-01
   2.0000222e-01   6.6667272e-02   7.3333051e-01
   1.0223348e-04   7.4989777e-01   2.5000000e-01
   3.0769146e-01   6.9230854e-01   0.0000000e+00
   1.3332022e-01   9.9716031e-05   8.6658006e-01
   7.4989778e-01   1.0221945e-04   2.5000000e-01
   4.1379234e-01   3.1034610e-01   2.7586156e-01
   7.6666586e-01   2.3333414e-01   0.0000000e+00
   5.5172150e-01   1.7241481e-01   2.7586369e-01
   1.7241366e-01   1.3793103e-01   6.8965532e-01
   1.0081155e-04   5.7137088e-01   4.2852831e-01
   9.9963806e-05   2.9998274e-01   6.9991730e-01
   4.3333281e-01   5.6666719e-01   0.0000000e+00
   3.3330792e-02   5.0000283e-01   4.6666637e-01
   6.8964984e-02   2.4137967e-01   6.8965535e-01
   5.3332766e-01   4.6667234e-01   0.0000000e+00
   5.3566058e-01   1.0042412e-04   4.6423899e-01
   2.7586525e-01   1.7240415e-01   5.5173059e-01
   1.0116562e-04   3.9281678e-01   6.0708206e-01
   2.7586201e-01   2.7586209e-01   4.4827590e-01
   6.8965064e-02   5.8620718e-01   3.4482775e-01
   5.8620902e-01   3.4479255e-02   3.7931172e-01
   1.3793095e-01   2.0689643e-01   6.5517261e-01
   2.6666724e-01   7.3333276e-01   0.0000000e+00
   1.0339873e-04   6.5510465e-01   3.4479195e-01
   6.5510465e-01   1.0340492e-04   3.4479195e-01
   1.7241403e-01   3.7930949e-01   4.4827648e-01
   9.9870790e-05   1.3332007e-01   8.6658006e-01
   6.4285962e-01   3.5714038e-01   0.0000000e+00
   3.5714142e-01   6.4285858e-01   0.0000000e+00
   3.1034476e-01   3.1034486e-01   3.7931038e-01
   2.7586358e-01   3.7930698e-01   3.4482944e-01
   2.4137942e-01   1.0344788e-01   6.5517270e-01
   1.3792907e-01   4.4827689e-01   4.1379404e-01
   2.4137926e-01   2.4137934e-01   5.1724139e-01
   9.8660636e-05   6.6659327e-02   9.3324201e-01
   1.8518525e-01   8.1481475e-01   0.0000000e+00
   9.9926146e-05   2.3331629e-01   7.6658379e-01
   3.3333430e-02   1.6666729e-01   7.9999928e-01
   6.2069024e-01   6.8964650e-02   3.1034511e-01
   1.9998002e-01   9.9933701e-05   7.9992005e-01
   4.6787526e-01   1.0025285e-01   4.3187188e-01
   4.1379353e-01   1.0344736e-01   4.8275911e-01
   4.2852462e-01   1.0081667e-04   5.7137456e-01
   1.0344883e-01   1.3793220e-01   7.5861897e-01
   1.0344759e-01   3.1034278e-01   5.8620963e-01
   2.0689658e-01   4.1379302e-01   3.7931040e-01
   8.0769275e-01   1.9230725e-01   0.0000000e+00
   3.7931074e-01   1.7241294e-01   4.4827633e-01
   2.4137913e-01   3.4482769e-01   4.1379318e-01
   1.3792650e-01   8.6207350e-01   0.0000000e+00
   3.4482741e-01   2.4137938e-01   4.1379321e-01
   6.6666709e-02   6.6666730e-02   8.6666656e-01
   6.0000014e-01   3.9999986e-01   0.0000000e+00
   3.2142800e-01   4.2857200e-01   2.5000000e-01
   2.0689638e-01   3.1034457e-01   4.8275905e-01
   3.1034464e-01   2.0689631e-01   4.8275905e-01
   6.6659120e-02   9.8867696e-05   9.3324201e-01
   1.7241379e-01   5.1724138e-01   3.1034483e-01
   2.4137935e-01   4.8275854e-01   2.7586211e-01
   6.8099340e-02   6.8100381e-01   2.5089685e-01
   3.4479214e-01   1.0343002e-04   6.5510443e-01
   5.1724140e-01   1.3793092e-01   3.4482768e-01
   1.0344989e-01   6.2068461e-01   2.7586549e-01
   1.0344820e-01   5.1724142e-01   3.7931038e-01
   5.0635992e-01   2.4364008e-01   2.5000000e-01
   3.4482101e-02   3.4482639e-01   6.2069151e-01
   2.0689515e-01   2.0689522e-01   5.8620963e-01
   4.4827821e-01   3.4478447e-02   5.1724335e-01
   4.1379403e-01   2.0689554e-01   3.7931044e-01
   1.3333307e-01   6.6666183e-02   8.0000075e-01
   9.5059075e-05   9.9952727e-05   9.9980499e-01
