   3.4482875e-01   3.4482697e-01   3.1034428e-01
   9.9868515e-05   9.9990013e-01   0.0000000e+00
   4.3333295e-01   5.6666705e-01   0.0000000e+00
   6.0000008e-01   3.9999992e-01   0.0000000e+00
   2.4137864e-01   2.0689877e-01   5.5172259e-01
   1.0344647e-01   6.2069090e-01   2.7586262e-01
   4.6667263e-01   1.0000072e-01   4.3332665e-01
   4.1379489e-01   2.0689313e-01   3.7931198e-01
   1.6666822e-01   1.0000066e-01   7.3333112e-01
   6.6669636e-02   9.3333036e-01   0.0000000e+00
   1.3333319e-01   6.6665202e-02   8.0000161e-01
   3.1033314e-01   6.8960565e-02   6.2070629e-01
   1.4285476e-01   8.5714524e-01   0.0000000e+00
   1.0344684e-01   1.7241342e-01   7.2413974e-01
   7.3076829e-01   2.6923171e-01   0.0000000e+00
   4.4827701e-01   2.4137881e-01   3.1034418e-01
   9.3333740e-01   6.6662597e-02   0.0000000e+00
   2.4137775e-01   6.8965123e-02   6.8965713e-01
   4.8147828e-01   5.1852172e-01   0.0000000e+00
   3.5714260e-01   6.4285740e-01   0.0000000e+00
   2.6666759e-01   7.3333241e-01   0.0000000e+00
   7.6666675e-01   2.3333325e-01   0.0000000e+00
   4.1379585e-01   3.1034337e-01   2.7586078e-01
   6.8965529e-01   3.1034471e-01   0.0000000e+00
   5.3812075e-01   6.7260437e-02   3.9461881e-01
   1.0343439e-04   4.4822947e-01   5.5166710e-01
   6.8965852e-02   5.5172195e-01   3.7931220e-01
   1.0343654e-04   6.8958384e-01   3.1031272e-01
   9.9972373e-05   2.9997189e-01   6.9992814e-01
   2.4137868e-01   3.4482787e-01   4.1379345e-01
   9.6666670e-01   3.3333299e-02   0.0000000e+00
   8.0769221e-01   1.9230779e-01   0.0000000e+00
   4.1375030e-01   1.0342386e-04   5.8614628e-01
   3.3332936e-02   9.6666706e-01   0.0000000e+00
   8.5714286e-01   1.4285714e-01   0.0000000e+00
   9.9990005e-01   9.9953608e-05   0.0000000e+00
   5.6666688e-01   4.3333312e-01   0.0000000e+00
   6.4285574e-01   3.5714426e-01   0.0000000e+00
   1.0149059e-04   3.5710614e-01   6.4279237e-01
   2.0689741e-01   4.8275654e-01   3.1034605e-01
   3.4479202e-01   1.0342939e-04   6.5510455e-01
   3.4483605e-01   1.0344694e-01   5.5171701e-01
   1.9230539e-01   8.0769461e-01   0.0000000e+00
   1.0000010e-01   8.9999990e-01   0.0000000e+00
   3.7931149e-01   2.7585993e-01   3.4482858e-01
   3.4482841e-01   2.4137749e-01   4.1379409e-01
   8.9999996e-01   1.0000004e-01   0.0000000e+00
   6.2068954e-01   6.8965538e-02   3.1034492e-01
   3.4481808e-02   6.2069027e-01   3.4482792e-01
   2.0688944e-01   4.1379683e-01   3.7931374e-01
   2.3333319e-01   7.6666681e-01   0.0000000e+00
   1.0342499e-04   2.0687502e-01   7.9302155e-01
   2.7583349e-01   1.0341845e-04   7.2406309e-01
   1.7241319e-01   2.4137949e-01   5.8620733e-01
   6.5510464e-01   1.0342609e-04   3.4479193e-01
   3.1034532e-01   3.1034373e-01   3.7931095e-01
   3.1034486e-01   2.0689650e-01   4.8275864e-01
   1.3793066e-01   5.1724161e-01   3.4482773e-01
   1.3793128e-01   4.4827488e-01   4.1379384e-01
   3.4482005e-02   3.7931064e-01   5.8620736e-01
   1.0345036e-01   3.1033119e-01   5.8621845e-01
   5.8620796e-01   1.3792948e-01   2.7586257e-01
   6.8963935e-02   2.7586254e-01   6.5517353e-01
   2.0687503e-01   1.0341465e-04   7.9302155e-01
   3.0769221e-01   6.9230779e-01   0.0000000e+00
   2.7585975e-01   3.7931156e-01   3.4482869e-01
   6.8964341e-02   4.1379409e-01   5.1724157e-01
   6.9998601e-01   3.3334880e-02   2.6667911e-01
   5.3333251e-01   4.6666749e-01   0.0000000e+00
   1.0339368e-04   5.1718761e-01   4.8270900e-01
   4.1379311e-01   6.8965519e-02   5.1724137e-01
   1.3793102e-01   2.0689655e-01   6.5517242e-01
   2.7586078e-01   4.4827666e-01   2.7586256e-01
   1.7241373e-01   3.1034506e-01   5.1724120e-01
   2.7586286e-01   1.3792856e-01   5.8620858e-01
   6.6666367e-02   9.9999560e-02   8.3333407e-01
   5.4544942e-01   2.0455051e-01   2.5000006e-01
   4.7727370e-01   2.7272621e-01   2.5000008e-01
   5.8614631e-01   1.0334582e-04   4.1375034e-01
   4.9994852e-01   9.9976067e-05   4.9995151e-01
   3.5714028e-01   3.9285966e-01   2.5000005e-01
   2.7586287e-01   2.7586145e-01   4.4827567e-01
   3.9999998e-01   6.0000002e-01   0.0000000e+00
   1.3793166e-01   3.7931028e-01   4.8275806e-01
   1.0343495e-04   5.8614625e-01   4.1375032e-01
   2.0689656e-01   1.3793100e-01   6.5517244e-01
   2.3863876e-01   5.1136119e-01   2.5000005e-01
   6.4772699e-01   1.0227296e-01   2.5000005e-01
   4.8275809e-01   1.7240877e-01   3.4483314e-01
   6.8965546e-02   4.8275879e-01   4.4827567e-01
   3.7930967e-01   1.7241476e-01   4.4827557e-01
   7.4989675e-01   1.0219509e-04   2.5000106e-01
   1.7045583e-01   5.7954413e-01   2.5000003e-01
   3.3333613e-02   2.3333527e-01   7.3333112e-01
   6.8179623e-02   6.8181934e-01   2.5000103e-01
   9.9906686e-05   1.3331483e-01   8.6658527e-01
   9.9993067e-02   9.8961860e-05   8.9990797e-01
   7.1645223e-05   6.6649960e-02   9.3327839e-01
   1.0213931e-04   7.4989689e-01   2.5000097e-01
   9.7310415e-05   9.3182501e-05   9.9980951e-01
