   3.3329157e-02   9.6667084e-01   0.0000000e+00
   8.9999504e-01   1.0000496e-01   0.0000000e+00
   8.6207141e-01   1.3792859e-01   0.0000000e+00
   2.3333317e-01   7.6666683e-01   0.0000000e+00
   2.7586047e-01   3.1034882e-01   4.1379071e-01
   3.4487313e-01   6.8960706e-02   5.8616617e-01
   7.4989774e-01   1.0220928e-04   2.5000005e-01
   9.9974596e-05   9.9990003e-01   0.0000000e+00
   5.1852533e-01   4.8147467e-01   0.0000000e+00
   9.6666708e-01   3.3332916e-02   0.0000000e+00
   9.3333404e-01   6.6665960e-02   0.0000000e+00
   4.3333466e-01   5.6666534e-01   0.0000000e+00
   6.6665539e-02   9.3333446e-01   0.0000000e+00
   1.0339508e-04   4.8270864e-01   5.1718797e-01
   1.0222327e-04   7.4989773e-01   2.5000005e-01
   4.4823079e-01   1.0341882e-04   5.5166579e-01
   8.1481469e-01   1.8518531e-01   0.0000000e+00
   3.7927104e-01   1.0299640e-04   6.2062596e-01
   2.7273049e-01   4.7726947e-01   2.5000005e-01
   6.0000646e-01   3.9999354e-01   0.0000000e+00
   2.0689604e-01   5.1724257e-01   2.7586139e-01
   6.1363583e-01   1.3636412e-01   2.5000005e-01
   1.9230664e-01   8.0769336e-01   0.0000000e+00
   6.9230863e-01   3.0769137e-01   0.0000000e+00
   1.7241489e-01   4.8275532e-01   3.4482978e-01
   2.6922971e-01   7.3077029e-01   0.0000000e+00
   1.7045526e-01   5.7954469e-01   2.5000005e-01
   3.1034363e-01   2.4137824e-01   4.4827813e-01
   1.0076687e-04   4.2850246e-01   5.7139677e-01
   4.2858148e-01   3.2141848e-01   2.5000005e-01
   6.8182168e-02   6.8181779e-01   2.5000005e-01
   3.5714288e-01   6.4285712e-01   0.0000000e+00
   1.0332159e-04   6.5510483e-01   3.4479185e-01
   9.9952596e-05   1.9998052e-01   7.9991953e-01
   1.4285622e-01   8.5714378e-01   0.0000000e+00
   1.0344659e-01   5.1724235e-01   3.7931106e-01
   4.6666622e-01   5.3333378e-01   0.0000000e+00
   3.9999988e-01   6.0000012e-01   0.0000000e+00
   4.3282447e-01   6.6717487e-02   5.0045804e-01
   5.5172471e-01   3.4481752e-02   4.1379353e-01
   4.4827628e-01   1.3793024e-01   4.1379348e-01
   2.0689656e-01   4.1379307e-01   3.7931037e-01
   1.0342979e-04   2.7583329e-01   7.2406328e-01
   6.6663733e-02   2.0000113e-01   7.3333513e-01
   1.0344414e-01   2.4138004e-01   6.5517581e-01
   6.2062536e-01   1.0342178e-04   3.7927122e-01
   5.6666854e-01   4.3333146e-01   0.0000000e+00
   1.0344893e-01   3.7930651e-01   5.1724457e-01
   1.0038879e-04   5.3566043e-01   4.6423918e-01
   3.1034181e-01   6.8965819e-01   0.0000000e+00
   3.7931035e-01   2.0689655e-01   4.1379311e-01
   1.7241377e-01   3.1034476e-01   5.1724147e-01
   5.3327759e-01   9.9833372e-05   4.6662258e-01
   2.4137934e-01   2.7586260e-01   4.8275806e-01
   2.0689667e-01   1.7241331e-01   6.2069002e-01
   1.0344758e-01   6.2069015e-01   2.7586228e-01
   1.7240339e-01   3.7934797e-01   4.4824865e-01
   6.8965220e-02   4.4827676e-01   4.8275802e-01
   1.3793195e-01   5.5172355e-01   3.1034450e-01
   2.7586195e-01   1.0344816e-01   6.2068989e-01
   3.7931190e-01   1.3793066e-01   4.8275744e-01
   6.8181686e-01   6.8183099e-02   2.5000005e-01
   3.7499957e-01   3.7500038e-01   2.5000005e-01
   3.1031374e-01   1.0293041e-04   6.8958333e-01
   2.7586589e-01   3.7930204e-01   3.4483207e-01
   6.6667372e-02   1.0000111e-01   8.3333152e-01
   4.8276374e-01   2.4137151e-01   2.7586475e-01
   2.3331214e-01   9.9925841e-05   7.6658794e-01
   2.4137839e-01   4.4827795e-01   3.1034366e-01
   9.9388744e-05   1.3331991e-01   8.6658070e-01
   1.6666851e-01   3.3333702e-02   7.9999779e-01
   3.1034460e-01   1.7241386e-01   5.1724154e-01
   9.9998877e-02   9.0000112e-01   0.0000000e+00
   9.9990002e-01   9.9979781e-05   0.0000000e+00
   2.4138057e-01   2.0689212e-01   5.5172731e-01
   7.6923816e-01   2.3076184e-01   0.0000000e+00
   3.4482733e-01   3.4482807e-01   3.1034460e-01
   4.1379080e-01   2.4138028e-01   3.4482893e-01
   3.1033991e-01   4.1380216e-01   2.7585793e-01
   1.3793101e-01   2.7586199e-01   5.8620699e-01
   1.7241307e-01   1.0344638e-01   7.2414054e-01
   1.0341526e-04   3.4479116e-01   6.5510542e-01
   1.3792971e-01   4.4827654e-01   4.1379374e-01
   1.3793136e-01   1.7241180e-01   6.8965684e-01
   9.9997309e-02   1.3333478e-01   7.6666791e-01
   5.8618804e-01   1.0345304e-01   3.1035892e-01
   5.4545283e-01   2.0454712e-01   2.5000005e-01
   3.3336788e-02   6.6673567e-02   8.9998964e-01
   6.5517538e-01   3.4478415e-02   3.1034620e-01
   6.6660100e-02   7.5814744e-05   9.3326408e-01
   5.1724138e-01   1.0344828e-01   3.7931035e-01
   3.4482867e-01   2.7586085e-01   3.7931047e-01
   6.4285688e-01   3.5714312e-01   0.0000000e+00
   4.8276049e-01   1.7241058e-01   3.4482892e-01
   2.4137843e-01   6.8965609e-02   6.8965596e-01
   1.3331948e-01   9.9822418e-05   8.6658070e-01
   7.3333334e-01   2.6666666e-01   0.0000000e+00
   6.8965158e-02   3.1034495e-01   6.2068989e-01
   3.4480051e-02   5.8620853e-01   3.7931141e-01
   6.0635347e-05   9.4648970e-05   9.9984472e-01
