   4.0000000e-01   6.0000000e-01   0.0000000e+00
   3.3331283e-02   9.6666872e-01   0.0000000e+00
   7.4989775e-01   1.0225470e-04   2.5000000e-01
   1.0210708e-04   7.4989789e-01   2.5000000e-01
   5.1724138e-01   1.0344828e-01   3.7931034e-01
   4.3333390e-01   5.6666610e-01   0.0000000e+00
   9.9941936e-05   1.9998014e-01   7.9991992e-01
   1.0000010e-01   1.0000005e-01   7.9999985e-01
   9.0000081e-01   9.9999192e-02   0.0000000e+00
   9.6666841e-01   3.3331594e-02   0.0000000e+00
   3.1034532e-01   6.8965468e-01   0.0000000e+00
   3.1034488e-01   3.1034471e-01   3.7931041e-01
   2.4137900e-01   2.4137886e-01   5.1724214e-01
   6.8965619e-01   3.1034381e-01   0.0000000e+00
   2.6923222e-01   7.3076778e-01   0.0000000e+00
   1.0344819e-01   2.0689639e-01   6.8965542e-01
   2.0689598e-01   1.3793066e-01   6.5517336e-01
   6.5510463e-01   1.0340259e-04   3.4479196e-01
   5.1851869e-01   4.8148131e-01   0.0000000e+00
   3.4482664e-02   3.1034398e-01   6.5517336e-01
   1.0344410e-01   3.4485409e-01   5.5170181e-01
   6.4285709e-01   3.5714291e-01   0.0000000e+00
   3.4480967e-02   5.8620798e-01   3.7931105e-01
   1.0332590e-04   5.5166705e-01   4.4822962e-01
   1.7045925e-01   5.7954075e-01   2.5000000e-01
   1.3793116e-01   2.4137867e-01   6.2069018e-01
   5.9999999e-01   4.0000001e-01   0.0000000e+00
   1.0000000e-01   9.0000000e-01   0.0000000e+00
   9.9990011e-01   9.9891046e-05   0.0000000e+00
   3.9285518e-01   3.5714482e-01   2.5000000e-01
   7.3077039e-01   2.6922961e-01   0.0000000e+00
   8.0769126e-01   1.9230874e-01   0.0000000e+00
   2.7586211e-01   2.7586196e-01   4.4827593e-01
   5.1718795e-01   1.0333130e-04   4.8270872e-01
   2.3333351e-01   7.6666649e-01   0.0000000e+00
   5.6666675e-01   4.3333325e-01   0.0000000e+00
   6.1363820e-01   1.3636180e-01   2.5000000e-01
   2.0688740e-01   5.1726273e-01   2.7584987e-01
   5.0000143e-01   2.4999857e-01   2.5000000e-01
   3.1034635e-01   4.1379219e-01   2.7586146e-01
   4.4827291e-01   2.7586355e-01   2.7586355e-01
   6.6665657e-02   9.3333434e-01   0.0000000e+00
   1.4284886e-01   8.5715114e-01   0.0000000e+00
   2.7586032e-01   1.0344854e-01   6.2069114e-01
   6.5518480e-01   6.8947953e-02   2.7586725e-01
   2.4137759e-01   4.4827973e-01   3.1034268e-01
   1.7240735e-01   4.8276238e-01   3.4483027e-01
   1.0344200e-01   6.2069400e-01   2.7586400e-01
   6.8959633e-02   4.8276167e-01   4.4827869e-01
   4.4827867e-01   2.0689159e-01   3.4482974e-01
   1.0334545e-04   6.5510469e-01   3.4479196e-01
   5.8621249e-01   6.8956648e-02   3.4483087e-01
   4.6667177e-01   6.6666761e-02   4.6666147e-01
   9.9982826e-05   9.9990002e-01   0.0000000e+00
   3.4484411e-01   6.8963788e-02   5.8619210e-01
   9.3333425e-01   6.6665748e-02   0.0000000e+00
   1.0344743e-01   4.1379350e-01   4.8275907e-01
   5.7137493e-01   1.0081506e-04   4.2852425e-01
   2.3331047e-01   9.9957658e-05   7.6658957e-01
   3.3334798e-02   6.6669598e-02   8.9999560e-01
   3.1034431e-01   1.7241355e-01   5.1724214e-01
   4.6667032e-01   5.3332968e-01   0.0000000e+00
   1.6666679e-01   3.3333358e-02   7.9999985e-01
   3.1031304e-01   1.0343594e-04   6.8958352e-01
   9.9891224e-05   1.3332139e-01   8.6657872e-01
   1.0344568e-01   5.5172573e-01   3.4482858e-01
   2.7586135e-01   3.7931074e-01   3.4482791e-01
   1.3332133e-01   9.9957285e-05   8.6657872e-01
   2.7272789e-01   4.7727211e-01   2.5000000e-01
   2.4137957e-01   3.4482687e-01   4.1379356e-01
   3.4482863e-01   2.4137702e-01   4.1379434e-01
   6.8184705e-02   6.8181530e-01   2.5000000e-01
   1.9230841e-01   8.0769159e-01   0.0000000e+00
   3.4482214e-02   4.1379333e-01   5.5172445e-01
   1.3793093e-01   1.3793085e-01   7.2413822e-01
   7.6666582e-01   2.3333418e-01   0.0000000e+00
   5.5172590e-01   1.3792833e-01   3.1034577e-01
   9.9951975e-05   4.6660821e-01   5.3329184e-01
   3.4482771e-01   3.4482752e-01   3.1034477e-01
   6.6666613e-02   1.6666682e-01   7.6666656e-01
   3.5714306e-01   6.4285694e-01   0.0000000e+00
   4.4822964e-01   1.0332274e-04   5.5166704e-01
   2.0689659e-01   2.0689647e-01   5.8620694e-01
   3.7930654e-01   2.7586376e-01   3.4482970e-01
   2.0689655e-01   4.1379311e-01   3.7931035e-01
   8.5714328e-01   1.4285672e-01   0.0000000e+00
   1.0340400e-04   2.7583362e-01   7.2406298e-01
   2.0689655e-01   3.1034482e-01   4.8275863e-01
   3.7933326e-01   1.3792593e-01   4.8274081e-01
   1.7241141e-01   3.7931143e-01   4.4827716e-01
   4.1379253e-01   6.8965330e-02   5.1724214e-01
   1.3793086e-01   4.4827596e-01   4.1379319e-01
   4.1379282e-01   1.7241388e-01   4.1379330e-01
   2.0689643e-01   6.8965464e-02   7.2413811e-01
   3.7927106e-01   1.0340997e-04   6.2062553e-01
   5.1723850e-01   2.0690098e-01   2.7586053e-01
   1.0337566e-04   3.7927109e-01   6.2062553e-01
   1.7241316e-01   2.7586230e-01   5.5172454e-01
   6.6659206e-02   3.8073515e-05   9.3330272e-01
   8.8680067e-05   9.9521613e-05   9.9981180e-01
