   4.8148225e-01   5.1851775e-01   0.0000000e+00
   9.9999982e-02   9.0000002e-01   0.0000000e+00
   9.6666712e-01   3.3332883e-02   0.0000000e+00
   1.0221299e-04   7.4989779e-01   2.5000000e-01
   4.1375035e-01   1.0342594e-04   5.8614623e-01
   3.1034452e-01   6.8965548e-01   0.0000000e+00
   1.3332866e-01   9.9952970e-05   8.6657139e-01
   7.6667022e-01   2.3332978e-01   0.0000000e+00
   2.7586273e-01   3.7930885e-01   3.4482842e-01
   8.0769140e-01   1.9230860e-01   0.0000000e+00
   3.9999983e-01   6.0000017e-01   0.0000000e+00
   1.3793095e-01   2.0689657e-01   6.5517248e-01
   5.1136113e-01   2.3863887e-01   2.5000000e-01
   2.7583336e-01   1.0337575e-04   7.2406326e-01
   4.3333283e-01   1.3333418e-01   4.3333299e-01
   6.0714198e-01   3.9285802e-01   0.0000000e+00
   6.8964089e-02   2.0689687e-01   7.2413904e-01
   4.8270881e-01   1.0342895e-04   5.1718777e-01
   2.0689628e-01   3.1034464e-01   4.8275908e-01
   3.1034484e-01   3.1034482e-01   3.7931035e-01
   6.6669153e-02   9.3333085e-01   0.0000000e+00
   5.5175037e-01   1.7240370e-01   2.7584593e-01
   8.5714294e-01   1.4285706e-01   0.0000000e+00
   2.6923073e-01   7.3076927e-01   0.0000000e+00
   6.6980358e-02   4.3064539e-01   5.0237426e-01
   2.4137931e-01   2.4137930e-01   5.1724139e-01
   9.9791196e-05   9.9990204e-02   8.9991001e-01
   3.4479193e-01   1.0333319e-04   6.5510473e-01
   6.6666637e-02   3.3333491e-02   8.9999987e-01
   9.9979532e-05   9.9990002e-01   0.0000000e+00
   2.0689725e-01   4.1379112e-01   3.7931163e-01
   3.1034400e-01   1.7241602e-01   5.1723999e-01
   9.0000007e-01   9.9999928e-02   0.0000000e+00
   1.9230729e-01   8.0769271e-01   0.0000000e+00
   2.0689700e-01   1.3792915e-01   6.5517385e-01
   6.6666656e-02   1.0000006e-01   8.3333329e-01
   1.3792845e-01   5.1724293e-01   3.4482862e-01
   4.3333445e-01   5.6666555e-01   0.0000000e+00
   6.5517083e-01   3.4482917e-01   0.0000000e+00
   2.3333302e-01   7.6666698e-01   0.0000000e+00
   3.3333409e-02   9.6666659e-01   0.0000000e+00
   2.4137755e-01   3.4482807e-01   4.1379438e-01
   2.7272746e-01   4.7727254e-01   2.5000000e-01
   6.8965716e-01   3.4479972e-02   2.7586287e-01
   1.0344801e-01   2.7586190e-01   6.2069009e-01
   5.3333211e-01   4.6666789e-01   0.0000000e+00
   1.7046244e-01   5.7953756e-01   2.5000000e-01
   1.0025740e-01   4.6786995e-01   4.3187265e-01
   7.0000000e-01   3.0000000e-01   0.0000000e+00
   3.7962267e-01   6.8930839e-02   5.5144649e-01
   5.6661012e-01   9.9972564e-05   4.3328990e-01
   6.1363706e-01   1.3636294e-01   2.5000000e-01
   1.9998001e-01   9.9971624e-05   7.9992002e-01
   1.3333317e-01   6.6666929e-02   7.9999990e-01
   4.4827664e-01   1.7241236e-01   3.7931100e-01
   3.4478820e-02   5.8620929e-01   3.7931189e-01
   3.1034563e-01   4.1379262e-01   2.7586175e-01
   2.7586208e-01   2.7586206e-01   4.4827586e-01
   3.9285514e-01   3.5714486e-01   2.5000000e-01
   1.4285723e-01   8.5714277e-01   0.0000000e+00
   6.5510464e-01   1.0343745e-04   3.4479192e-01
   3.5714183e-01   6.4285817e-01   0.0000000e+00
   4.1379275e-01   1.0344818e-01   4.8275908e-01
   9.9990013e-01   9.9869215e-05   0.0000000e+00
   1.7241312e-01   2.4138222e-01   5.8620466e-01
   1.0042178e-04   5.3565327e-01   4.6424631e-01
   3.4478627e-02   1.7240157e-01   7.9311980e-01
   3.4482760e-01   3.4482758e-01   3.1034482e-01
   1.7241394e-01   3.7930982e-01   4.4827624e-01
   4.8275862e-01   2.0689655e-01   3.1034483e-01
   3.4482774e-01   2.0689649e-01   4.4827576e-01
   2.4137772e-01   4.4827947e-01   3.1034281e-01
   4.4827218e-01   2.7586391e-01   2.7586391e-01
   3.4482752e-02   3.1034483e-01   6.5517242e-01
   6.2068969e-01   6.8965466e-02   3.1034484e-01
   4.8276258e-01   6.8957922e-02   4.4827950e-01
   5.1724259e-01   1.3792901e-01   3.4482840e-01
   2.4137953e-01   1.7241306e-01   5.8620741e-01
   5.5172494e-01   6.8964157e-02   3.7931090e-01
   9.9971652e-05   1.9998001e-01   7.9992002e-01
   3.9284915e-01   2.4999564e-01   3.5715521e-01
   2.7586207e-01   6.8965511e-02   6.5517242e-01
   7.4989776e-01   1.0224167e-04   2.5000000e-01
   9.3333307e-01   6.6666928e-02   0.0000000e+00
   1.0343729e-04   2.7583330e-01   7.2406326e-01
   1.0330833e-04   4.4823138e-01   5.5166531e-01
   1.0344832e-01   6.2068948e-01   2.7586219e-01
   6.8178157e-02   6.8182184e-01   2.5000000e-01
   2.0689652e-01   6.8965073e-02   7.2413840e-01
   1.0339704e-04   3.7927095e-01   6.2062565e-01
   1.0342688e-04   6.5510465e-01   3.4479192e-01
   5.6666059e-01   4.3333941e-01   0.0000000e+00
   7.3333566e-01   2.6666434e-01   0.0000000e+00
   2.0689655e-01   5.1724138e-01   2.7586207e-01
   6.8962387e-02   3.4482881e-01   5.8620880e-01
   3.1034503e-01   1.0344769e-01   5.8620727e-01
   1.3793104e-01   1.3793103e-01   7.2413794e-01
   3.3330004e-02   8.3647912e-06   9.6666163e-01
   1.3793103e-01   3.4482758e-01   5.1724139e-01
   9.9132400e-05   9.0750928e-05   9.9981012e-01
