   3.4481271e-02   2.7585299e-01   6.8966574e-01
   9.9833236e-05   9.9990017e-01   0.0000000e+00
   5.5166708e-01   1.0343090e-04   4.4822949e-01
   1.0024769e-01   4.3192428e-01   4.6782804e-01
   2.3333534e-01   7.6666466e-01   0.0000000e+00
   3.5713795e-01   3.9286010e-01   2.5000196e-01
   5.9999995e-01   4.0000005e-01   0.0000000e+00
   3.4478537e-02   5.8620946e-01   3.7931200e-01
   4.4827963e-01   3.4478529e-02   5.1724184e-01
   8.5714366e-01   1.4285634e-01   0.0000000e+00
   7.3076815e-01   2.6923185e-01   0.0000000e+00
   4.8147965e-01   5.1852035e-01   0.0000000e+00
   1.9230754e-01   8.0769246e-01   0.0000000e+00
   2.6923217e-01   7.3076783e-01   0.0000000e+00
   8.0769216e-01   1.9230784e-01   0.0000000e+00
   2.3863250e-01   5.1136554e-01   2.5000196e-01
   5.1728604e-01   1.7239784e-01   3.1031612e-01
   9.9999803e-02   9.0000020e-01   0.0000000e+00
   9.3333509e-01   6.6664909e-02   0.0000000e+00
   1.4285613e-01   8.5714387e-01   0.0000000e+00
   1.0339605e-04   5.5166711e-01   4.4822949e-01
   3.3332081e-02   1.0000016e-01   8.6666776e-01
   3.1034454e-01   3.4482773e-01   3.4482773e-01
   5.1724638e-01   6.8956509e-02   4.1379711e-01
   6.8965610e-01   3.1034390e-01   0.0000000e+00
   5.5172682e-01   1.0344392e-01   3.4482926e-01
   7.4989579e-01   1.0225305e-04   2.5000196e-01
   5.7953991e-01   1.7045813e-01   2.5000196e-01
   1.7241181e-01   5.5172928e-01   2.7585890e-01
   6.8965378e-02   6.2068976e-01   3.1034486e-01
   1.0344394e-01   2.0689032e-01   6.8966574e-01
   3.1034483e-01   3.4482758e-02   6.5517241e-01
   1.7241354e-01   2.7586314e-01   5.5172333e-01
   2.7586170e-01   1.0344833e-01   6.2068997e-01
   5.3332990e-01   4.6667010e-01   0.0000000e+00
   6.6666381e-02   9.3333362e-01   0.0000000e+00
   3.9999933e-01   6.0000067e-01   0.0000000e+00
   3.5714316e-01   6.4285684e-01   0.0000000e+00
   4.8276179e-01   1.3792537e-01   3.7931284e-01
   3.1034394e-01   6.8965606e-01   0.0000000e+00
   1.0344752e-01   2.7586230e-01   6.2069018e-01
   6.8181933e-01   6.8178715e-02   2.5000196e-01
   1.3791664e-01   5.1725002e-01   3.4483334e-01
   6.4285833e-01   3.5714167e-01   0.0000000e+00
   9.0000000e-01   9.9999999e-02   0.0000000e+00
   3.7931797e-01   3.4482335e-01   2.7585868e-01
   3.7931013e-01   6.8965542e-02   5.5172433e-01
   1.3333699e-01   6.6666364e-02   7.9999664e-01
   2.4138162e-01   4.1378749e-01   3.4483088e-01
   1.7241414e-01   1.0344575e-01   7.2414011e-01
   2.0689447e-01   3.7931134e-01   4.1379419e-01
   9.9990004e-01   9.9959147e-05   0.0000000e+00
   1.0343672e-04   2.4135301e-01   7.5854355e-01
   4.1379306e-01   2.7586209e-01   3.1034485e-01
   3.7927130e-01   1.0343572e-04   6.2062527e-01
   1.0342081e-04   1.7238670e-01   8.2750987e-01
   1.0336417e-04   6.5510467e-01   3.4479196e-01
   6.6979037e-02   5.0238929e-01   4.3063167e-01
   7.6666580e-01   2.3333420e-01   0.0000000e+00
   3.4482950e-01   1.7240924e-01   4.8276127e-01
   1.7240827e-01   4.4827886e-01   3.7931288e-01
   9.6666814e-01   3.3331858e-02   0.0000000e+00
   4.6428180e-01   2.8571624e-01   2.5000196e-01
   2.7586264e-01   2.0689552e-01   5.1724184e-01
   3.7931193e-01   2.0689325e-01   4.1379483e-01
   3.4482604e-01   2.7586272e-01   3.7931124e-01
   1.0000086e-01   1.3333464e-01   7.6666449e-01
   2.7583327e-01   1.0333517e-04   7.2406339e-01
   5.6666539e-01   4.3333461e-01   0.0000000e+00
   2.0688278e-01   4.8279203e-01   3.1032519e-01
   3.4473076e-02   6.8966209e-01   2.7586484e-01
   1.3636398e-01   6.1363406e-01   2.5000196e-01
   3.4478407e-02   3.7931205e-01   5.8620954e-01
   1.0341413e-04   3.4479196e-01   6.5510462e-01
   4.8276660e-01   2.4137558e-01   2.7585781e-01
   6.2069008e-01   1.0344767e-01   2.7586225e-01
   2.7586125e-01   4.4827637e-01   2.7586238e-01
   2.0000205e-01   3.3333457e-02   7.6666449e-01
   4.9995333e-01   9.9961525e-05   4.9994671e-01
   1.0037486e-04   4.6424812e-01   5.3565151e-01
   4.3333452e-01   5.6666548e-01   0.0000000e+00
   1.0225070e-04   7.4989579e-01   2.5000196e-01
   6.5510464e-01   1.0340144e-04   3.4479196e-01
   1.7241452e-01   2.0689323e-01   6.2069225e-01
   4.3189273e-01   1.0025384e-01   4.6785344e-01
   1.0344558e-01   3.4482862e-01   5.5172580e-01
   2.0689636e-01   3.1034541e-01   4.8275823e-01
   3.3331500e-02   9.6666850e-01   0.0000000e+00
   5.8620845e-01   3.4480215e-02   3.7931134e-01
   9.8804344e-05   6.6638378e-02   9.3326282e-01
   3.1034454e-01   1.3792997e-01   5.5172549e-01
   4.4827424e-01   2.0689716e-01   3.4482860e-01
   2.7586271e-01   3.1034322e-01   4.1379406e-01
   2.4137873e-01   1.7241267e-01   5.8620860e-01
   1.6664970e-01   9.9975723e-05   8.3325032e-01
   1.3793217e-01   3.7930526e-01   4.8276258e-01
   3.1034521e-01   2.4137855e-01   4.4827624e-01
   9.9988820e-02   7.2147959e-05   8.9993903e-01
   2.0689651e-01   1.3793103e-01   6.5517246e-01
   9.3883481e-05   7.7399587e-05   9.9982872e-01
