   6.4286404e-01   3.5713596e-01   0.0000000e+00
   4.3333427e-01   5.6666573e-01   0.0000000e+00
   6.6664268e-02   9.3333573e-01   0.0000000e+00
   5.3333289e-01   4.6666711e-01   0.0000000e+00
   1.0342919e-04   6.8958386e-01   3.1031272e-01
   1.0222983e-04   7.4989742e-01   2.5000035e-01
   9.6666966e-01   3.3330335e-02   0.0000000e+00
   1.0000023e-01   8.9999977e-01   0.0000000e+00
   7.6923171e-01   2.3076829e-01   0.0000000e+00
   7.3333447e-01   2.6666553e-01   0.0000000e+00
   3.2143014e-01   4.2856951e-01   2.5000035e-01
   4.8275475e-01   2.0689810e-01   3.1034715e-01
   2.0689647e-01   2.4137958e-01   5.5172394e-01
   3.9286027e-01   6.0713973e-01   0.0000000e+00
   1.0342894e-04   3.1031268e-01   6.8958390e-01
   1.3791527e-01   4.1386000e-01   4.4822473e-01
   6.5510467e-01   1.0341753e-04   3.4479191e-01
   6.0000001e-01   3.9999999e-01   0.0000000e+00
   9.9896965e-05   9.9990010e-01   0.0000000e+00
   3.3330702e-02   9.6666930e-01   0.0000000e+00
   8.6207059e-01   1.3792941e-01   0.0000000e+00
   5.1724466e-01   1.0344259e-01   3.7931275e-01
   2.0689224e-01   4.8276938e-01   3.1033838e-01
   2.0686288e-01   1.0340851e-04   7.9303371e-01
   4.8147838e-01   5.1852162e-01   0.0000000e+00
   2.0454407e-01   5.4545558e-01   2.5000035e-01
   1.7240894e-01   4.4827849e-01   3.7931257e-01
   6.8961583e-02   4.4827777e-01   4.8276065e-01
   1.0341387e-04   5.1718795e-01   4.8270863e-01
   3.4482932e-01   6.5517068e-01   0.0000000e+00
   3.1034230e-01   3.7931541e-01   3.1034230e-01
   9.0000023e-01   9.9999773e-02   0.0000000e+00
   9.9999963e-02   1.3333204e-01   7.6666800e-01
   1.3636496e-01   6.1363469e-01   2.5000035e-01
   3.0000008e-01   6.9999992e-01   0.0000000e+00
   9.9958695e-05   4.3329114e-01   5.6660890e-01
   9.3333467e-01   6.6665327e-02   0.0000000e+00
   3.4482420e-01   1.3793084e-01   5.1724496e-01
   6.8966394e-02   6.5516811e-01   2.7586550e-01
   6.9230943e-01   3.0769057e-01   0.0000000e+00
   4.2857284e-01   3.2142681e-01   2.5000035e-01
   6.8100865e-01   6.8097128e-02   2.5089422e-01
   8.1481780e-01   1.8518220e-01   0.0000000e+00
   1.0111122e-04   6.0708328e-01   3.9281561e-01
   9.9952711e-05   2.3331292e-01   7.6658712e-01
   5.5166711e-01   1.0343194e-04   4.4822946e-01
   9.9721035e-05   1.6665060e-01   8.3324968e-01
   1.0345335e-01   5.8618666e-01   3.1036000e-01
   6.8965495e-02   2.0689654e-01   7.2413796e-01
   6.6989713e-02   5.0240003e-01   4.3061025e-01
   2.3332774e-01   7.6667226e-01   0.0000000e+00
   6.2069083e-01   1.0344658e-01   2.7586259e-01
   3.3333427e-02   1.0000031e-01   8.6666627e-01
   9.9990033e-01   9.9674911e-05   0.0000000e+00
   2.6666902e-01   7.3333098e-01   0.0000000e+00
   5.4544854e-01   2.0455111e-01   2.5000035e-01
   1.9230686e-01   8.0769314e-01   0.0000000e+00
   1.4285722e-01   8.5714278e-01   0.0000000e+00
   3.1034437e-01   3.1034583e-01   3.7930981e-01
   2.4137810e-01   2.7586568e-01   4.8275622e-01
   2.7586291e-01   1.7241128e-01   5.5172581e-01
   1.0000069e-01   6.6667123e-02   8.3333219e-01
   6.8963000e-02   3.4482849e-01   5.8620851e-01
   5.8620731e-01   3.4482083e-02   3.7931061e-01
   4.8275942e-01   6.8964007e-02   4.4827657e-01
   2.7583342e-01   1.0334740e-04   7.2406323e-01
   1.0344748e-01   2.7586234e-01   6.2069018e-01
   4.1379782e-01   2.0688754e-01   3.7931464e-01
   1.7241212e-01   3.4483340e-01   4.8275448e-01
   5.6666284e-01   4.3333716e-01   0.0000000e+00
   1.7241334e-01   2.0689629e-01   6.2069037e-01
   7.4989770e-01   1.0195255e-04   2.5000035e-01
   2.4137914e-01   3.4483045e-01   4.1379041e-01
   3.4481027e-01   1.0339970e-04   6.5508633e-01
   1.7241336e-01   1.0344678e-01   7.2413986e-01
   1.0344412e-01   3.7931092e-01   5.1724496e-01
   4.6424253e-01   1.0037069e-04   5.3565709e-01
   2.4137940e-01   6.8964467e-02   6.8965613e-01
   3.1034483e-01   2.0689655e-01   4.8275862e-01
   2.7586093e-01   4.4827733e-01   2.7586174e-01
   4.4828197e-01   2.7585888e-01   2.7585915e-01
   1.0337815e-04   3.7927108e-01   6.2062554e-01
   3.7931106e-01   2.7586113e-01   3.4482781e-01
   3.4482891e-01   2.4137957e-01   4.1379153e-01
   1.3793041e-01   5.1724178e-01   3.4482781e-01
   1.3793080e-01   3.1034492e-01   5.5172429e-01
   5.5172412e-01   1.3793107e-01   3.1034481e-01
   3.7931136e-01   1.7241158e-01   4.4827706e-01
   3.7931047e-01   3.4482766e-01   2.7586187e-01
   1.3793121e-01   1.7241268e-01   6.8965611e-01
   3.1033287e-01   1.0344799e-01   5.8621913e-01
   2.4137786e-01   1.3793129e-01   6.2069085e-01
   3.7931506e-01   3.4476440e-02   5.8620850e-01
   7.2363015e-05   6.6659230e-02   9.3326841e-01
   1.3332586e-01   4.9358344e-05   8.6662478e-01
   4.1379304e-01   1.0344829e-01   4.8275867e-01
   4.4827507e-01   1.3793124e-01   4.1379370e-01
   6.6653892e-02   7.8031915e-05   9.3326808e-01
   2.4137841e-01   4.1379378e-01   3.4482781e-01
   7.4179917e-05   9.6295719e-05   9.9982952e-01
