   3.3334077e-02   2.3334174e-01   7.3332418e-01
   7.3076762e-01   2.6923238e-01   0.0000000e+00
   3.4482649e-01   1.0344863e-01   5.5172488e-01
   1.9230981e-01   8.0769019e-01   0.0000000e+00
   8.0769219e-01   1.9230781e-01   0.0000000e+00
   1.4285652e-01   8.5714348e-01   0.0000000e+00
   6.4285803e-01   3.5714197e-01   0.0000000e+00
   3.3332832e-02   9.6666717e-01   0.0000000e+00
   8.9999067e-01   1.0000933e-01   0.0000000e+00
   9.9990010e-01   9.9897143e-05   0.0000000e+00
   9.3333295e-01   6.6667047e-02   0.0000000e+00
   6.6666508e-02   9.3333349e-01   0.0000000e+00
   1.0337507e-04   5.5166708e-01   4.4822954e-01
   1.0338788e-04   2.0687411e-01   7.9302250e-01
   3.5714466e-01   6.4285534e-01   0.0000000e+00
   1.0340663e-04   3.1031265e-01   6.8958395e-01
   6.8961420e-02   3.4486611e-01   5.8617247e-01
   2.4134885e-01   1.0342910e-04   7.5854772e-01
   4.3333294e-01   5.6666706e-01   0.0000000e+00
   2.0689663e-01   2.7586178e-01   5.1724158e-01
   7.4989782e-01   1.0218026e-04   2.5000000e-01
   3.4482393e-02   6.8965544e-01   2.7586217e-01
   3.7931075e-01   3.4482736e-01   2.7586189e-01
   9.6666683e-01   3.3333173e-02   0.0000000e+00
   3.1034282e-01   6.8965718e-01   0.0000000e+00
   6.8965723e-01   3.1034277e-01   0.0000000e+00
   3.5714001e-01   3.9285999e-01   2.5000000e-01
   8.5714293e-01   1.4285707e-01   0.0000000e+00
   1.7241410e-01   5.5172335e-01   2.7586255e-01
   4.0000019e-01   5.9999981e-01   0.0000000e+00
   5.1724566e-01   6.8957809e-02   4.1379653e-01
   3.1034294e-01   2.7586283e-01   4.1379423e-01
   5.6666676e-01   4.3333324e-01   0.0000000e+00
   2.8571953e-01   3.5712739e-01   3.5715309e-01
   6.8958385e-01   1.0339360e-04   3.1031275e-01
   2.3333067e-01   7.6666933e-01   0.0000000e+00
   1.3793304e-01   2.7585156e-01   5.8621540e-01
   1.6666740e-01   3.3332022e-02   8.0000058e-01
   1.0336175e-04   6.5510480e-01   3.4479184e-01
   9.9999985e-02   9.0000002e-01   0.0000000e+00
   1.0344795e-01   4.1379494e-01   4.8275710e-01
   3.1034513e-01   4.1379292e-01   2.7586195e-01
   4.4827718e-01   1.0344565e-01   4.4827717e-01
   6.6667382e-02   1.0000099e-01   8.3333163e-01
   9.9982277e-05   9.9990002e-01   0.0000000e+00
   1.7241331e-01   4.4827612e-01   3.7931057e-01
   4.8275894e-01   1.3793046e-01   3.7931060e-01
   3.7927135e-01   1.0330348e-04   6.2062535e-01
   5.8620772e-01   1.0344702e-01   3.1034526e-01
   1.0339423e-04   3.7927126e-01   6.2062535e-01
   1.3793192e-01   3.4482338e-01   5.1724470e-01
   4.1379312e-01   6.8965481e-02   5.1724140e-01
   6.8965506e-02   6.2068966e-01   3.1034483e-01
   2.6923092e-01   7.3076908e-01   0.0000000e+00
   4.8147913e-01   5.1852087e-01   0.0000000e+00
   5.5172206e-01   1.7241460e-01   2.7586334e-01
   5.8614625e-01   1.0341847e-04   4.1375033e-01
   3.7931250e-01   1.3792615e-01   4.8276135e-01
   1.3793106e-01   2.0689642e-01   6.5517252e-01
   6.2068984e-01   3.4482437e-02   3.4482773e-01
   5.3333300e-01   4.6666700e-01   0.0000000e+00
   1.0225020e-04   7.4989775e-01   2.5000000e-01
   2.4137974e-01   1.3792947e-01   6.2069078e-01
   2.4137937e-01   4.4827583e-01   3.1034480e-01
   3.1031267e-01   1.0338408e-04   6.8958395e-01
   3.7930957e-01   2.4137961e-01   3.7931082e-01
   6.4772930e-01   1.0227070e-01   2.5000000e-01
   1.0344499e-01   1.7241185e-01   7.2414316e-01
   3.4482606e-02   5.8620699e-01   3.7931040e-01
   7.6666829e-01   2.3333171e-01   0.0000000e+00
   4.4827586e-01   2.0689653e-01   3.4482760e-01
   1.3333467e-01   1.0000012e-01   7.6666520e-01
   5.0972050e-01   2.4027950e-01   2.5000000e-01
   1.3636100e-01   6.1363900e-01   2.5000000e-01
   1.0037130e-04   4.6424546e-01   5.3565417e-01
   6.6981466e-02   5.0239837e-01   4.3062017e-01
   1.7240900e-01   3.7931254e-01   4.4827846e-01
   4.9995480e-01   9.9951313e-05   4.9994525e-01
   6.8965113e-02   2.7586218e-01   6.5517270e-01
   5.9999985e-01   4.0000015e-01   0.0000000e+00
   4.4318344e-01   3.0681656e-01   2.5000000e-01
   2.4137828e-01   3.7931086e-01   3.7931086e-01
   1.3793276e-01   5.1723538e-01   3.4483185e-01
   4.1379303e-01   2.7586219e-01   3.1034478e-01
   3.4482920e-01   2.0689283e-01   4.4827797e-01
   2.7586434e-01   6.8963115e-02   6.5517254e-01
   2.4137879e-01   3.1034505e-01   4.4827616e-01
   2.0689682e-01   2.0689634e-01   5.8620685e-01
   3.1034502e-01   1.7241319e-01   5.1724179e-01
   4.4822874e-01   1.0337692e-04   5.5166788e-01
   2.4159760e-01   5.0840239e-01   2.5000000e-01
   9.9027492e-05   6.6658959e-02   9.3324201e-01
   2.7586180e-01   2.4137939e-01   4.8275881e-01
   3.4482760e-01   3.1034479e-01   3.4482760e-01
   2.0689623e-01   1.0344798e-01   6.8965580e-01
   4.1379336e-01   1.7241334e-01   4.1379329e-01
   6.6662250e-02   3.3331081e-02   9.0000667e-01
   1.3332005e-01   9.5741067e-05   8.6658421e-01
   9.8929401e-05   1.3331686e-01   8.6658421e-01
   9.2504097e-05   9.5393298e-05   9.9981210e-01
