   3.3333361e-02   2.0000381e-01   7.6666283e-01
   5.6666611e-01   4.3333389e-01   0.0000000e+00
   5.3333340e-01   4.6666660e-01   0.0000000e+00
   1.0344791e-01   1.7241349e-01   7.2413860e-01
   9.6666763e-01   3.3332367e-02   0.0000000e+00
   1.4285492e-01   8.5714508e-01   0.0000000e+00
   4.8148070e-01   5.1851930e-01   0.0000000e+00
   3.9286017e-01   6.0713983e-01   0.0000000e+00
   3.3333385e-02   9.6666661e-01   0.0000000e+00
   1.9230551e-01   8.0769449e-01   0.0000000e+00
   3.2142754e-01   4.2857243e-01   2.5000003e-01
   1.0226824e-01   6.4773174e-01   2.5000003e-01
   2.3333186e-01   7.6666814e-01   0.0000000e+00
   3.3411841e-02   4.6539054e-01   5.0119762e-01
   7.6923322e-01   2.3076678e-01   0.0000000e+00
   6.5510464e-01   1.0343167e-04   3.4479193e-01
   6.6666272e-02   9.3333373e-01   0.0000000e+00
   8.1481601e-01   1.8518399e-01   0.0000000e+00
   5.1136183e-01   2.3863814e-01   2.5000003e-01
   1.0217990e-04   7.4989779e-01   2.5000003e-01
   1.7045506e-01   5.7954491e-01   2.5000003e-01
   9.9941376e-05   5.3327893e-01   4.6662113e-01
   2.0000376e-01   4.0000834e-01   3.9998790e-01
   9.3333289e-01   6.6667111e-02   0.0000000e+00
   2.6666861e-01   7.3333139e-01   0.0000000e+00
   6.9230775e-01   3.0769225e-01   0.0000000e+00
   2.7586206e-01   2.7586209e-01   4.4827585e-01
   4.3333515e-01   5.6666485e-01   0.0000000e+00
   6.0000008e-01   3.9999992e-01   0.0000000e+00
   3.1034481e-01   3.1034484e-01   3.7931035e-01
   1.0342586e-04   6.5510465e-01   3.4479193e-01
   1.0340417e-04   2.7583349e-01   7.2406311e-01
   2.0687043e-01   1.0341866e-04   7.9302616e-01
   6.6666966e-02   9.9999314e-02   8.3333372e-01
   2.4137792e-01   3.4482823e-01   4.1379385e-01
   3.4482819e-01   2.0689517e-01   4.4827664e-01
   2.3863639e-01   5.1136358e-01   2.5000003e-01
   6.8966131e-01   3.4474144e-02   2.7586455e-01
   4.2949159e-01   3.3556424e-02   5.3695199e-01
   6.8960818e-02   5.5172692e-01   3.7931226e-01
   8.6207070e-01   1.3792930e-01   0.0000000e+00
   1.0343242e-04   3.4479217e-01   6.5510440e-01
   4.0908610e-01   3.4091387e-01   2.5000003e-01
   3.9285640e-01   2.4999706e-01   3.5714654e-01
   1.0344861e-01   3.1034471e-01   5.8620668e-01
   4.4827837e-01   2.7585804e-01   2.7586359e-01
   9.9945009e-05   9.9990005e-01   0.0000000e+00
   9.9990012e-01   9.9880555e-05   0.0000000e+00
   1.0000364e-01   8.9999636e-01   0.0000000e+00
   9.5853037e-05   9.9988507e-02   8.9991564e-01
   5.1724157e-01   1.3793070e-01   3.4482773e-01
   2.4137612e-01   6.8964566e-02   6.8965931e-01
   3.4483545e-01   6.5516455e-01   0.0000000e+00
   2.7585977e-01   2.0689412e-01   5.1724611e-01
   9.9914623e-05   1.6665043e-01   8.3324966e-01
   9.0000000e-01   1.0000000e-01   0.0000000e+00
   1.7241384e-01   3.4482840e-01   4.8275775e-01
   1.7241267e-01   4.4827647e-01   3.7931086e-01
   1.7241412e-01   5.1724047e-01   3.1034541e-01
   1.7241392e-01   1.0344748e-01   7.2413860e-01
   4.8275837e-01   2.0689665e-01   3.1034498e-01
   4.9995066e-01   9.9971192e-05   4.9994936e-01
   3.7927112e-01   1.0341608e-04   6.2062546e-01
   6.1362832e-01   1.3637165e-01   2.5000003e-01
   1.3793124e-01   4.1379222e-01   4.4827654e-01
   1.0341628e-04   4.1375036e-01   5.8614622e-01
   6.4285718e-01   3.5714282e-01   0.0000000e+00
   1.0341480e-04   5.8614627e-01   4.1375031e-01
   2.7583346e-01   1.0342804e-04   7.2406311e-01
   6.8957037e-02   3.7938243e-01   5.5166054e-01
   5.8614632e-01   1.0336178e-04   4.1375031e-01
   5.5172504e-01   6.8963993e-02   3.7931097e-01
   6.2068965e-01   6.8965517e-02   3.1034483e-01
   7.3333338e-01   2.6666662e-01   0.0000000e+00
   1.0343601e-01   4.8276550e-01   4.1379849e-01
   6.8962889e-02   2.4137780e-01   6.8965931e-01
   4.1379029e-01   1.7241462e-01   4.1379509e-01
   3.0000195e-01   6.9999805e-01   0.0000000e+00
   1.3333529e-01   6.6667561e-02   7.9999715e-01
   3.1034482e-01   3.4482758e-02   6.5517242e-01
   2.0689654e-01   2.0689656e-01   5.8620691e-01
   4.4827737e-01   1.0344528e-01   4.4827735e-01
   3.4482758e-01   3.4482761e-01   3.1034482e-01
   1.0344722e-01   5.8620759e-01   3.1034519e-01
   7.4989772e-01   1.0225561e-04   2.5000003e-01
   3.4482764e-01   6.8965360e-02   5.8620700e-01
   9.1092302e-05   7.8034143e-05   9.9983087e-01
   3.7931136e-01   1.3793088e-01   4.8275775e-01
   3.4481783e-02   6.8965594e-01   2.7586228e-01
   2.4137284e-01   4.4829061e-01   3.1033655e-01
   2.7585865e-01   3.7931216e-01   3.4482919e-01
   5.5187985e-01   1.7235303e-01   2.7576711e-01
   2.0689493e-01   2.7585896e-01   5.1724611e-01
   3.1034865e-01   1.3793193e-01   5.5171941e-01
   1.3332287e-01   7.1966533e-05   8.6660517e-01
   1.7241378e-01   1.7241380e-01   6.5517242e-01
   1.3793031e-01   2.4137955e-01   6.2069013e-01
   2.7586316e-01   1.0344472e-01   6.2069212e-01
   6.6668170e-02   3.3334043e-02   8.9999779e-01
   3.3330047e-02   6.7935975e-06   9.6666316e-01
