   9.9990002e-01   9.9983482e-05   0.0000000e+00
   3.0000751e-01   6.9999249e-01   0.0000000e+00
   6.6664839e-02   9.3333516e-01   0.0000000e+00
   1.0215992e-04   7.4989775e-01   2.5000009e-01
   5.3328038e-01   9.9889174e-05   4.6661973e-01
   6.8181573e-02   6.8181834e-01   2.5000009e-01
   6.0000000e-01   4.0000000e-01   0.0000000e+00
   3.4482631e-02   3.4482763e-01   6.2068974e-01
   1.0343732e-04   6.5510462e-01   3.4479195e-01
   3.9285727e-01   6.0714273e-01   0.0000000e+00
   3.4482760e-01   1.7241375e-01   4.8275864e-01
   4.6666961e-01   5.3333039e-01   0.0000000e+00
   7.6666676e-01   2.3333324e-01   0.0000000e+00
   1.7045431e-01   5.7954560e-01   2.5000009e-01
   2.7586204e-01   1.0344822e-01   6.2068974e-01
   2.6666841e-01   7.3333159e-01   0.0000000e+00
   2.4137362e-01   3.7931319e-01   3.7931319e-01
   4.8275823e-01   2.0689719e-01   3.1034458e-01
   1.3793003e-01   5.5172478e-01   3.1034519e-01
   5.6666290e-01   4.3333710e-01   0.0000000e+00
   3.9995329e-01   2.0009316e-01   3.9995355e-01
   3.1034482e-01   1.3793105e-01   5.5172413e-01
   3.4091108e-01   4.0908883e-01   2.5000009e-01
   2.0687483e-01   1.0338508e-04   7.9302178e-01
   7.4989767e-01   1.0224080e-04   2.5000009e-01
   6.4286081e-01   3.5713919e-01   0.0000000e+00
   1.7241400e-01   1.0344808e-01   7.2413792e-01
   9.9978860e-05   9.9990002e-01   0.0000000e+00
   2.7586201e-01   2.4137948e-01   4.8275851e-01
   4.8275826e-01   1.3793113e-01   3.7931061e-01
   1.7239624e-01   2.4138444e-01   5.8621932e-01
   2.3076829e-01   7.6923171e-01   0.0000000e+00
   4.6428613e-01   2.8571378e-01   2.5000009e-01
   6.0708136e-01   1.0115694e-04   3.9281749e-01
   1.3793013e-01   8.6206987e-01   0.0000000e+00
   2.4138034e-01   3.1034441e-01   4.4827525e-01
   3.7927129e-01   1.0334550e-04   6.2062537e-01
   4.3333521e-01   5.6666479e-01   0.0000000e+00
   2.3333666e-01   6.6667712e-02   6.9999563e-01
   9.6666801e-01   3.3331990e-02   0.0000000e+00
   9.9959311e-05   2.3331578e-01   7.6658426e-01
   8.0769457e-01   1.9230543e-01   0.0000000e+00
   1.0000031e-01   8.9999969e-01   0.0000000e+00
   6.9230765e-01   3.0769235e-01   0.0000000e+00
   5.4545455e-01   2.0454536e-01   2.5000009e-01
   1.7766650e-01   4.6479916e-01   3.5753433e-01
   7.3333219e-01   2.6666781e-01   0.0000000e+00
   1.0344781e-01   1.3793304e-01   7.5861916e-01
   3.3330621e-02   9.6666938e-01   0.0000000e+00
   9.9986971e-05   5.3328028e-01   4.6661973e-01
   3.1034471e-01   3.1034495e-01   3.7931035e-01
   3.3331993e-02   1.6666989e-01   7.9999812e-01
   3.7931129e-01   1.0344606e-01   5.1724265e-01
   6.4772645e-01   1.0227346e-01   2.5000009e-01
   2.4138122e-01   2.0689029e-01   5.5172849e-01
   2.0689343e-01   2.7586316e-01   5.1724342e-01
   8.5714259e-01   1.4285741e-01   0.0000000e+00
   2.4993370e-01   5.0006621e-01   2.5000009e-01
   4.4827652e-01   6.8964718e-02   4.8275877e-01
   3.4482857e-01   6.5517143e-01   0.0000000e+00
   6.8959709e-02   5.8621144e-01   3.4482885e-01
   1.3792766e-01   3.4484361e-01   5.1722873e-01
   6.8962602e-02   2.4137679e-01   6.8966060e-01
   1.0344275e-01   5.1724457e-01   3.7931268e-01
   9.3333304e-01   6.6666962e-02   0.0000000e+00
   2.7583164e-01   1.0341757e-04   7.2406494e-01
   3.4482824e-01   6.8963787e-02   5.8620797e-01
   3.7931127e-01   3.1034436e-01   3.1034437e-01
   3.4478878e-02   5.5172636e-01   4.1379476e-01
   3.4482644e-01   2.4137880e-01   4.1379476e-01
   5.1724413e-01   6.8960523e-02   4.1379534e-01
   2.7586029e-01   4.4827728e-01   2.7586243e-01
   4.4822955e-01   1.0338519e-04   5.5166707e-01
   1.0344821e-01   4.4827590e-01   4.4827589e-01
   8.9999997e-01   1.0000003e-01   0.0000000e+00
   1.7241239e-01   3.7931536e-01   4.4827225e-01
   6.6666391e-02   3.3333186e-02   9.0000042e-01
   3.1035001e-01   3.7930677e-01   3.1034322e-01
   6.5517793e-01   3.4474620e-02   3.1034745e-01
   1.8518467e-01   8.1481533e-01   0.0000000e+00
   1.3331956e-01   9.9771384e-05   8.6658067e-01
   9.9952667e-05   1.3331987e-01   8.6658018e-01
   4.1379266e-01   2.4137951e-01   3.4482784e-01
   3.4479372e-02   4.4827744e-01   5.1724319e-01
   1.0344857e-01   3.1033893e-01   5.8621250e-01
   1.0000772e-01   6.6671810e-02   8.3332047e-01
   1.0344698e-01   6.2069379e-01   2.7585923e-01
   6.8963169e-02   3.7931130e-01   5.5172553e-01
   1.3792776e-01   2.0689736e-01   6.5517488e-01
   4.1379275e-01   1.3793126e-01   4.4827599e-01
   1.0339468e-04   4.1375047e-01   5.8614614e-01
   1.0338429e-04   3.1031249e-01   6.8958412e-01
   5.8620954e-01   1.3792759e-01   2.7586287e-01
   2.0689515e-01   1.3793010e-01   6.5517476e-01
   3.6666288e-01   3.6665734e-01   2.6667979e-01
   6.7258182e-05   9.4868139e-05   9.9983787e-01
   3.1034273e-01   3.4482538e-02   6.5517473e-01
   5.1852213e-01   4.8147787e-01   0.0000000e+00
   5.5172429e-01   1.0344803e-01   3.4482769e-01
   5.5791102e-05   6.6661955e-02   9.3328225e-01
