   9.3333334e-01   6.6666660e-02   0.0000000e+00
   4.6666992e-01   5.3333008e-01   0.0000000e+00
   1.7241190e-01   3.4482836e-01   4.8275974e-01
   4.3333520e-01   5.6666480e-01   0.0000000e+00
   9.9969498e-05   5.6661428e-01   4.3328575e-01
   1.0000131e-01   8.9999869e-01   0.0000000e+00
   7.4989784e-01   1.0216300e-04   2.5000000e-01
   1.0222284e-04   7.4989778e-01   2.5000000e-01
   1.0344715e-01   1.7240808e-01   7.2414477e-01
   9.9990002e-01   9.9983846e-05   0.0000000e+00
   1.0342213e-04   3.1031273e-01   6.8958385e-01
   9.6667248e-01   3.3327524e-02   0.0000000e+00
   2.3331475e-01   9.9985171e-05   7.6658526e-01
   1.3792101e-01   5.5173057e-01   3.1034841e-01
   8.1481515e-01   1.8518485e-01   0.0000000e+00
   1.8518092e-01   8.1481908e-01   0.0000000e+00
   2.3076942e-01   7.6923058e-01   0.0000000e+00
   3.5714387e-01   6.4285613e-01   0.0000000e+00
   1.7241002e-01   6.8964031e-02   7.5862595e-01
   2.4137892e-01   6.8965478e-02   6.8965561e-01
   6.4285153e-01   3.5714847e-01   0.0000000e+00
   1.0341874e-01   6.2079786e-01   2.7578340e-01
   7.6923026e-01   2.3076974e-01   0.0000000e+00
   5.6666497e-01   4.3333503e-01   0.0000000e+00
   2.3863468e-01   5.1136532e-01   2.5000000e-01
   4.4827805e-01   1.7240975e-01   3.7931219e-01
   1.3793114e-01   3.1034498e-01   5.5172388e-01
   6.5510459e-01   1.0338019e-04   3.4479203e-01
   6.8175135e-02   6.8182487e-01   2.5000000e-01
   1.0342675e-04   3.7927128e-01   6.2062529e-01
   3.9835412e-01   1.6712369e-01   4.3452219e-01
   1.7045686e-01   5.7954314e-01   2.5000000e-01
   2.4137815e-01   3.1034530e-01   4.4827655e-01
   6.6668294e-02   1.3333835e-01   7.9999335e-01
   7.3333240e-01   2.6666760e-01   0.0000000e+00
   1.0343656e-04   6.8958388e-01   3.1031269e-01
   1.3793073e-01   8.6206927e-01   0.0000000e+00
   4.4828053e-01   1.0344740e-01   4.4827207e-01
   6.4772665e-01   1.0227335e-01   2.5000000e-01
   1.7240553e-01   4.4828034e-01   3.7931413e-01
   3.4482715e-01   2.7586225e-01   3.7931059e-01
   3.3408497e-02   5.0119335e-01   4.6539815e-01
   3.4482675e-01   3.4479261e-02   6.2069398e-01
   6.9230622e-01   3.0769378e-01   0.0000000e+00
   3.3332368e-02   9.6666763e-01   0.0000000e+00
   4.8275659e-01   2.0689939e-01   3.1034402e-01
   1.0338818e-04   6.2062547e-01   3.7927114e-01
   9.9988863e-05   9.9990001e-01   0.0000000e+00
   4.1379117e-01   2.4138011e-01   3.4482872e-01
   1.6665105e-01   9.9770994e-05   8.3324918e-01
   2.7586185e-01   4.4827631e-01   2.7586185e-01
   3.0769236e-01   6.9230764e-01   0.0000000e+00
   5.3933014e-01   1.0112395e-01   3.5954591e-01
   6.8966124e-01   3.4474263e-02   2.7586449e-01
   2.8571012e-01   2.8568952e-01   4.2860035e-01
   1.0037718e-04   4.6423836e-01   5.3566126e-01
   3.2142857e-01   4.2857143e-01   2.5000000e-01
   3.4482586e-01   2.0689710e-01   4.4827705e-01
   2.6666702e-01   7.3333298e-01   0.0000000e+00
   1.0341517e-04   2.0686501e-01   7.9303157e-01
   3.1034351e-01   3.4482825e-01   3.4482824e-01
   4.1379485e-01   6.8961574e-02   5.1724358e-01
   6.6671994e-02   9.9874593e-05   9.3322813e-01
   4.2857129e-01   3.2142871e-01   2.5000000e-01
   3.4482751e-01   1.3793106e-01   5.1724143e-01
   8.6207678e-01   1.3792322e-01   0.0000000e+00
   6.6667061e-02   9.3333294e-01   0.0000000e+00
   9.9908233e-05   9.9994366e-02   8.9990573e-01
   4.8275851e-01   3.4482747e-02   4.8275874e-01
   3.4482793e-01   3.7931014e-01   2.7586193e-01
   1.0344661e-01   5.1724234e-01   3.7931105e-01
   8.9999841e-01   1.0000159e-01   0.0000000e+00
   2.4137935e-01   1.7241378e-01   5.8620687e-01
   9.9999790e-02   6.6666526e-02   8.3333368e-01
   4.3328938e-01   9.9990040e-05   5.6661063e-01
   1.0344589e-01   3.7931136e-01   5.1724275e-01
   5.4545459e-01   2.0454541e-01   2.5000000e-01
   3.4481573e-02   2.4137366e-01   7.2414477e-01
   5.1851893e-01   4.8148107e-01   0.0000000e+00
   2.0689744e-01   3.7931120e-01   4.1379136e-01
   6.8964364e-02   3.4482801e-01   5.8620762e-01
   1.3793082e-01   4.1379321e-01   4.4827597e-01
   2.7586211e-01   2.0689651e-01   5.1724138e-01
   4.4827368e-01   2.7586553e-01   2.7586079e-01
   2.4138115e-01   4.1378863e-01   3.4483022e-01
   3.7930864e-01   3.1034788e-01   3.1034348e-01
   3.9999961e-01   6.0000039e-01   0.0000000e+00
   5.3566122e-01   1.0041923e-04   4.6423836e-01
   2.0689654e-01   1.3793102e-01   6.5517243e-01
   1.7240459e-01   2.0690001e-01   6.2069539e-01
   6.0000001e-01   3.9999999e-01   0.0000000e+00
   2.0689655e-01   2.7586207e-01   5.1724138e-01
   2.0689643e-01   4.8275889e-01   3.1034469e-01
   3.1031286e-01   1.0324147e-04   6.8958390e-01
   5.8620798e-01   3.4480970e-02   3.7931105e-01
   3.1034519e-01   1.0344722e-01   5.8620758e-01
   1.0344827e-01   2.4137929e-01   6.5517244e-01
   6.8965420e-02   5.8620637e-01   3.4482821e-01
   5.8620959e-01   1.3792802e-01   2.7586239e-01
   9.2734221e-05   9.6605524e-05   9.9981066e-01
