   3.3333074e-02   9.6666693e-01   0.0000000e+00
   1.0223691e-04   7.4989660e-01   2.5000116e-01
   3.1033993e-01   6.8966007e-01   0.0000000e+00
   9.9999783e-02   6.6666317e-02   8.3333390e-01
   1.0337166e-04   3.1031343e-01   6.8958320e-01
   7.6666627e-01   2.3333373e-01   0.0000000e+00
   6.6666825e-02   9.3333318e-01   0.0000000e+00
   1.7241336e-01   5.1724165e-01   3.1034499e-01
   1.4285474e-01   8.5714526e-01   0.0000000e+00
   8.0769242e-01   1.9230758e-01   0.0000000e+00
   4.1379385e-01   2.4137794e-01   3.4482821e-01
   9.9990017e-01   9.9829501e-05   0.0000000e+00
   6.2068981e-01   1.0344805e-01   2.7586214e-01
   9.9982060e-05   4.9994783e-01   4.9995219e-01
   3.4482797e-01   2.7586126e-01   3.7931077e-01
   3.5714411e-01   6.4285589e-01   0.0000000e+00
   8.5714315e-01   1.4285685e-01   0.0000000e+00
   9.9999991e-02   9.0000001e-01   0.0000000e+00
   1.6665031e-01   9.9936121e-05   8.3324976e-01
   5.5172547e-01   6.8963255e-02   3.7931127e-01
   4.0908980e-01   3.4090904e-01   2.5000116e-01
   2.0689068e-01   3.7932785e-01   4.1378146e-01
   5.6666552e-01   4.3333448e-01   0.0000000e+00
   2.4137930e-01   4.8275863e-01   2.7586207e-01
   3.1034486e-01   3.4482751e-01   3.4482762e-01
   9.9983383e-05   9.9990002e-01   0.0000000e+00
   3.7931591e-01   3.1034204e-01   3.1034205e-01
   4.6666693e-01   5.3333307e-01   0.0000000e+00
   8.9999671e-01   1.0000329e-01   0.0000000e+00
   9.9981951e-05   2.3331001e-01   7.6659000e-01
   2.0454430e-01   5.4545454e-01   2.5000116e-01
   2.3331005e-01   9.9946912e-05   7.6659000e-01
   1.9230654e-01   8.0769346e-01   0.0000000e+00
   2.7586182e-01   3.4481514e-02   6.8965666e-01
   5.1136342e-01   2.3863543e-01   2.5000116e-01
   1.0024278e-01   4.3195769e-01   4.6779953e-01
   2.7586341e-01   2.7586341e-01   4.4827318e-01
   2.4137818e-01   1.7241407e-01   5.8620776e-01
   9.9985130e-05   1.6665026e-01   8.3324976e-01
   5.6661179e-01   9.9932784e-05   4.3328828e-01
   3.4482797e-01   1.0344814e-01   5.5172389e-01
   6.8958827e-02   6.2072642e-01   3.1031475e-01
   3.4482876e-01   2.0689806e-01   4.4827318e-01
   6.8965520e-01   3.1034480e-01   0.0000000e+00
   3.2142521e-01   4.2857363e-01   2.5000116e-01
   1.0108557e-04   6.0708090e-01   3.9281802e-01
   6.5510462e-01   1.0343360e-04   3.4479194e-01
   9.6666825e-01   3.3331747e-02   0.0000000e+00
   4.4827910e-01   2.7586045e-01   2.7586045e-01
   4.3200972e-01   1.0023345e-01   4.6775684e-01
   5.7954690e-01   1.7045194e-01   2.5000116e-01
   1.0343672e-04   6.8958386e-01   3.1031271e-01
   9.3333337e-01   6.6666633e-02   0.0000000e+00
   1.0338977e-04   4.1375020e-01   5.8614641e-01
   6.8181721e-01   6.8181631e-02   2.5000116e-01
   7.3076823e-01   2.6923177e-01   0.0000000e+00
   6.4285616e-01   3.5714384e-01   0.0000000e+00
   4.0000042e-01   5.9999958e-01   0.0000000e+00
   1.0344306e-01   5.5172735e-01   3.4482959e-01
   1.3333099e-01   1.0000068e-01   7.6666833e-01
   6.8965355e-02   3.7931075e-01   5.5172389e-01
   1.3333401e-01   1.6666897e-01   6.9999702e-01
   4.8275950e-01   1.0344664e-01   4.1379386e-01
   1.0344799e-01   2.4137939e-01   6.5517262e-01
   4.6423717e-01   1.0038165e-04   5.3566245e-01
   6.0000074e-01   3.9999926e-01   0.0000000e+00
   3.4482913e-01   3.7930945e-01   2.7586142e-01
   4.4827617e-01   1.7241323e-01   3.7931060e-01
   3.4479204e-01   1.0340572e-04   6.5510456e-01
   5.1724207e-01   1.3792989e-01   3.4482804e-01
   4.3333383e-01   5.6666617e-01   0.0000000e+00
   3.4481830e-02   3.4482743e-01   6.2069074e-01
   2.3333200e-01   7.6666800e-01   0.0000000e+00
   1.7241326e-01   2.0689600e-01   6.2069074e-01
   4.8277186e-01   2.0689123e-01   3.1033691e-01
   7.4989664e-01   1.0220246e-04   2.5000116e-01
   5.1851863e-01   4.8148137e-01   0.0000000e+00
   3.1034391e-01   1.7241402e-01   5.1724207e-01
   2.4137872e-01   4.1379343e-01   3.4482785e-01
   3.3329242e-02   3.3329242e-02   9.3334152e-01
   2.6923171e-01   7.3076829e-01   0.0000000e+00
   3.7931365e-01   3.4474459e-02   5.8621189e-01
   1.3792769e-01   3.4482892e-01   5.1724339e-01
   4.8276034e-01   3.4482526e-02   4.8275713e-01
   1.0227270e-01   6.4772615e-01   2.5000116e-01
   2.0689736e-01   3.1034551e-01   4.8275713e-01
   1.7241330e-01   4.4827615e-01   3.7931055e-01
   2.7586317e-01   1.0344572e-01   6.2069111e-01
   1.3793113e-01   2.7586253e-01   5.8620634e-01
   2.4137931e-01   2.4137931e-01   5.1724138e-01
   2.0689664e-01   1.3793067e-01   6.5517269e-01
   6.6665959e-02   1.3333275e-01   8.0000129e-01
   1.3792832e-01   5.8621455e-01   2.7585713e-01
   6.8955819e-02   5.1724610e-01   4.1379808e-01
   2.0688500e-01   6.8961675e-02   7.2415333e-01
   9.9987802e-02   7.2778568e-05   8.9993942e-01
   3.7931332e-01   1.3792955e-01   4.8275713e-01
   6.8961496e-02   2.0688511e-01   7.2415339e-01
   9.6166259e-05   9.9964414e-02   8.9993942e-01
   9.6594861e-05   9.6427029e-05   9.9980698e-01
