   2.6667128e-01   7.3332872e-01   0.0000000e+00
   4.3333502e-01   5.6666498e-01   0.0000000e+00
   1.3636513e-01   6.1363487e-01   2.5000000e-01
   5.6666587e-01   4.3333413e-01   0.0000000e+00
   4.9994011e-01   6.6674804e-02   4.3338509e-01
   9.3333327e-01   6.6666734e-02   0.0000000e+00
   4.7727702e-01   2.7272298e-01   2.5000000e-01
   9.9990046e-01   9.9539336e-05   0.0000000e+00
   9.6667323e-01   3.3326767e-02   0.0000000e+00
   3.5714548e-01   6.4285452e-01   0.0000000e+00
   2.3333334e-01   7.6666666e-01   0.0000000e+00
   6.8965690e-01   3.1034310e-01   0.0000000e+00
   3.7939918e-01   1.0343245e-01   5.1716837e-01
   8.5714942e-01   1.4285058e-01   0.0000000e+00
   1.7856227e-01   3.5712672e-01   4.6431102e-01
   6.0000051e-01   3.9999949e-01   0.0000000e+00
   3.4481707e-02   3.1034029e-01   6.5517801e-01
   6.8961131e-02   3.7931213e-01   5.5172674e-01
   9.9839852e-05   9.9994546e-02   8.9990561e-01
   1.3792430e-01   4.4830303e-01   4.1377267e-01
   3.4482759e-01   3.4482759e-01   3.1034483e-01
   3.3333722e-02   9.6666628e-01   0.0000000e+00
   2.0689659e-01   2.7586242e-01   5.1724099e-01
   3.0769374e-01   6.9230626e-01   0.0000000e+00
   9.9998571e-02   9.0000143e-01   0.0000000e+00
   1.0344843e-01   2.0689700e-01   6.8965457e-01
   3.4483207e-01   2.4136943e-01   4.1379850e-01
   1.9229999e-01   8.0770001e-01   0.0000000e+00
   2.7586205e-01   4.1379312e-01   3.1034483e-01
   3.4482806e-01   3.4478667e-02   6.2069328e-01
   6.2062500e-01   1.0343038e-04   3.7927157e-01
   6.6665999e-02   9.3333400e-01   0.0000000e+00
   1.0324668e-04   5.1718783e-01   4.8270892e-01
   1.0042697e-04   4.6423649e-01   5.3566308e-01
   3.1031240e-01   1.0300253e-04   6.8958459e-01
   5.8620569e-01   1.3793172e-01   2.7586259e-01
   1.7241474e-01   2.4137495e-01   5.8621032e-01
   1.0344829e-01   2.7586202e-01   6.2068969e-01
   7.3076846e-01   2.6923154e-01   0.0000000e+00
   5.0000000e-01   5.0000000e-01   0.0000000e+00
   3.5714247e-01   3.9285753e-01   2.5000000e-01
   6.4285537e-01   3.5714463e-01   0.0000000e+00
   3.1034474e-01   1.3793104e-01   5.5172422e-01
   2.0688806e-01   1.7241558e-01   6.2069635e-01
   4.1375544e-01   1.0329599e-04   5.8614126e-01
   1.4285629e-01   8.5714371e-01   0.0000000e+00
   1.0204215e-04   7.4989796e-01   2.5000000e-01
   9.9620276e-05   9.9990038e-01   0.0000000e+00
   2.4137996e-01   3.7930865e-01   3.7931138e-01
   6.6666697e-02   1.6666813e-01   7.6666517e-01
   1.3793132e-01   3.1034339e-01   5.5172529e-01
   2.7586207e-01   2.7586207e-01   4.4827586e-01
   1.0112730e-01   5.3932946e-01   3.5954323e-01
   1.0328528e-04   3.7927152e-01   6.2062519e-01
   3.1034483e-01   3.1034483e-01   3.7931033e-01
   3.1034510e-01   2.0689640e-01   4.8275851e-01
   6.4772977e-01   1.0227023e-01   2.5000000e-01
   6.6665650e-02   9.2300697e-06   9.3332512e-01
   2.7586242e-01   1.0344754e-01   6.2069004e-01
   3.7930882e-01   1.7241422e-01   4.4827696e-01
   5.5171762e-01   1.0344976e-01   3.4483262e-01
   1.3332082e-01   9.9124124e-05   8.6658005e-01
   3.7930976e-01   2.7586246e-01   3.4482778e-01
   1.7241266e-01   5.5172495e-01   2.7586239e-01
   6.8179777e-02   6.8182022e-01   2.5000000e-01
   1.9998104e-01   9.9901670e-05   7.9991905e-01
   5.4545391e-01   2.0454609e-01   2.5000000e-01
   9.9939074e-05   1.9998102e-01   7.9991904e-01
   4.6667266e-01   5.3332734e-01   0.0000000e+00
   2.4138065e-01   2.0689221e-01   5.5172714e-01
   5.3332232e-01   4.6667768e-01   0.0000000e+00
   1.0323658e-04   6.2062518e-01   3.7927158e-01
   7.4989779e-01   1.0221427e-04   2.5000000e-01
   6.5517470e-01   3.4479435e-02   3.1034587e-01
   4.6661578e-01   9.9976162e-05   5.3328424e-01
   1.0344774e-01   4.1379377e-01   4.8275849e-01
   8.0769178e-01   1.9230822e-01   0.0000000e+00
   9.9999161e-02   9.9999161e-02   8.0000168e-01
   2.4999989e-01   5.0000011e-01   2.5000000e-01
   4.1379225e-01   3.1034538e-01   2.7586236e-01
   1.0337737e-04   2.7583336e-01   7.2406327e-01
   1.6666501e-01   6.6666883e-02   7.6666811e-01
   8.9999790e-01   1.0000210e-01   0.0000000e+00
   3.9999986e-01   6.0000014e-01   0.0000000e+00
   6.8963368e-02   4.8275976e-01   4.4827687e-01
   5.5166703e-01   1.0339077e-04   4.4822958e-01
   2.0689811e-01   4.4827266e-01   3.4482924e-01
   7.6666699e-01   2.3333301e-01   0.0000000e+00
   3.3332586e-02   1.3333143e-01   8.3333598e-01
   1.3792957e-01   1.3792957e-01   7.2414086e-01
   2.4137987e-01   3.4479271e-02   7.2414086e-01
   2.0689628e-01   1.0344675e-01   6.8965697e-01
   3.4480960e-02   5.5172213e-01   4.1379691e-01
   4.1379463e-01   2.0689453e-01   3.7931084e-01
   4.4827470e-01   2.4138102e-01   3.1034428e-01
   4.4827632e-01   1.3793109e-01   4.1379259e-01
   4.8274505e-01   1.7242160e-01   3.4483335e-01
   3.4479680e-02   6.5517446e-01   3.1034586e-01
   6.6666657e-02   6.6666657e-02   8.6666669e-01
   9.9400201e-05   7.8538873e-05   9.9982206e-01
