   1.0315740e-04   2.0686985e-01   7.9302699e-01
   7.3333236e-01   2.6666764e-01   0.0000000e+00
   3.7931182e-01   3.4482677e-01   2.7586141e-01
   1.0333658e-04   5.1718789e-01   4.8270877e-01
   1.0344441e-01   6.2070384e-01   2.7585175e-01
   1.7241519e-01   4.8275444e-01   3.4483038e-01
   9.0000060e-01   9.9999404e-02   0.0000000e+00
   1.3793052e-01   2.7586479e-01   5.8620470e-01
   3.7927135e-01   1.0339305e-04   6.2062526e-01
   8.1482409e-01   1.8517591e-01   0.0000000e+00
   2.3333322e-01   7.6666678e-01   0.0000000e+00
   1.0000106e-01   8.9999894e-01   0.0000000e+00
   3.1031197e-01   1.0340009e-04   6.8958463e-01
   1.0337874e-04   6.5510466e-01   3.4479196e-01
   1.6668096e-01   1.0000661e-01   7.3331243e-01
   1.7241185e-01   3.4482840e-01   4.8275975e-01
   2.6667096e-01   7.3332904e-01   0.0000000e+00
   5.6666617e-01   4.3333383e-01   0.0000000e+00
   4.4823054e-01   1.0341934e-04   5.5166604e-01
   5.1724697e-01   1.0343856e-01   3.7931447e-01
   1.4285713e-01   8.5714287e-01   0.0000000e+00
   1.9230501e-01   8.0769499e-01   0.0000000e+00
   6.2062553e-01   1.0343644e-04   3.7927103e-01
   1.0338286e-04   3.4479210e-01   6.5510452e-01
   7.6923743e-01   2.3076257e-01   0.0000000e+00
   1.0343715e-04   2.7583305e-01   7.2406351e-01
   5.7954719e-01   1.7045277e-01   2.5000005e-01
   1.0074997e-04   5.7137090e-01   4.2852835e-01
   4.8147788e-01   5.1852212e-01   0.0000000e+00
   2.0686967e-01   1.0333297e-04   7.9302699e-01
   6.8957754e-02   4.4827958e-01   4.8276266e-01
   8.6207608e-01   1.3792392e-01   0.0000000e+00
   6.6666870e-02   9.3333313e-01   0.0000000e+00
   4.4827884e-01   1.3792533e-01   4.1379584e-01
   2.4137953e-01   1.7241371e-01   5.8620676e-01
   9.9958468e-05   9.9990004e-01   0.0000000e+00
   3.0768894e-01   6.9231106e-01   0.0000000e+00
   3.4090939e-01   4.0909057e-01   2.5000005e-01
   1.0077107e-04   4.2853358e-01   5.7136565e-01
   2.0689047e-01   3.7931327e-01   4.1379626e-01
   9.9995556e-02   9.9986154e-05   8.9990446e-01
   1.3792494e-01   4.1379603e-01   4.4827903e-01
   1.7045232e-01   5.7954764e-01   2.5000005e-01
   4.1379318e-01   2.0689641e-01   3.7931041e-01
   1.3792743e-01   5.5172645e-01   3.1034613e-01
   2.4137863e-01   3.4479297e-02   7.2414207e-01
   6.8182048e-01   6.8179471e-02   2.5000005e-01
   6.4285836e-01   3.5714164e-01   0.0000000e+00
   5.3333181e-01   4.6666819e-01   0.0000000e+00
   1.0215839e-04   7.4989780e-01   2.5000005e-01
   6.8181540e-02   6.8181841e-01   2.5000005e-01
   5.3565848e-01   1.0042885e-04   4.6424109e-01
   9.9990019e-01   9.9813766e-05   0.0000000e+00
   2.7586109e-01   4.4827774e-01   2.7586117e-01
   3.3331386e-02   9.6666861e-01   0.0000000e+00
   6.8953731e-02   5.8621432e-01   3.4483195e-01
   3.1034604e-01   3.7930968e-01   3.1034428e-01
   7.4989779e-01   1.0216811e-04   2.5000005e-01
   4.8275896e-01   1.7241322e-01   3.4482783e-01
   6.0000001e-01   3.9999999e-01   0.0000000e+00
   1.3333331e-01   1.6666569e-01   7.0000100e-01
   3.1034483e-01   2.0689654e-01   4.8275863e-01
   6.9230618e-01   3.0769382e-01   0.0000000e+00
   9.6666690e-01   3.3333097e-02   0.0000000e+00
   9.3333552e-01   6.6664478e-02   0.0000000e+00
   6.8964891e-02   2.4137907e-01   6.8965603e-01
   4.3062241e-01   6.6985449e-02   5.0239214e-01
   4.6429096e-01   2.8570900e-01   2.5000005e-01
   4.2857218e-01   5.7142782e-01   0.0000000e+00
   2.7586166e-01   2.4138043e-01   4.8275792e-01
   6.8961085e-02   3.1034669e-01   6.2069222e-01
   3.4482793e-01   1.3793018e-01   5.1724189e-01
   4.1379312e-01   2.7586207e-01   3.1034482e-01
   5.8621391e-01   6.8954382e-02   3.4483171e-01
   3.4482810e-01   3.1034381e-01   3.4482810e-01
   5.1724246e-01   2.0689550e-01   2.7586204e-01
   3.4482847e-01   2.4137899e-01   4.1379254e-01
   6.8958386e-01   1.0341692e-04   3.1031273e-01
   2.4307742e-01   5.0692253e-01   2.5000005e-01
   9.9300441e-05   1.3331906e-01   8.6658164e-01
   3.4301632e-01   6.2381701e-01   3.4291983e-02
   3.1035182e-01   1.0344715e-01   5.8620102e-01
   2.0689654e-01   1.3793102e-01   6.5517245e-01
   1.0344311e-01   3.7931252e-01   5.1724437e-01
   2.7586263e-01   3.4482634e-01   3.7931104e-01
   5.5177663e-01   1.3791064e-01   3.1031273e-01
   1.0000787e-01   1.3334342e-01   7.6664870e-01
   1.0344603e-01   4.8275981e-01   4.1379416e-01
   6.6666795e-02   1.0000004e-01   8.3333316e-01
   1.3333329e-01   3.3333295e-02   8.3333342e-01
   2.4137514e-01   3.1034596e-01   4.4827890e-01
   2.7586209e-01   6.8965467e-02   6.5517245e-01
   2.4137974e-01   4.1379216e-01   3.4482810e-01
   2.0689672e-01   2.7586145e-01   5.1724182e-01
   3.7931228e-01   1.7240883e-01   4.4827889e-01
   3.7441805e-01   5.4264836e-01   8.8173899e-02
   6.2071624e-01   1.0343884e-01   2.7584493e-01
   1.7241351e-01   2.0689587e-01   6.2069062e-01
   9.3081484e-05   9.9752791e-05   9.9980717e-01
   7.0441720e-05   6.6654204e-02   9.3327535e-01
