   3.3333226e-02   9.6666677e-01   0.0000000e+00
   2.0454675e-01   5.4545325e-01   2.5000000e-01
   1.0213256e-04   7.4989787e-01   2.5000000e-01
   2.3076063e-01   7.6923937e-01   0.0000000e+00
   7.6667006e-01   2.3332994e-01   0.0000000e+00
   9.9949764e-05   1.6665063e-01   8.3324942e-01
   7.4989782e-01   1.0217777e-04   2.5000000e-01
   4.8147853e-01   5.1852147e-01   0.0000000e+00
   8.9999983e-01   1.0000017e-01   0.0000000e+00
   4.1379280e-01   2.0689666e-01   3.7931054e-01
   6.6668036e-02   1.3333777e-01   7.9999419e-01
   5.4545407e-01   2.0454593e-01   2.5000000e-01
   1.0000055e-01   6.6666864e-02   8.3333258e-01
   7.3076914e-01   2.6923086e-01   0.0000000e+00
   5.3333081e-01   4.6666919e-01   0.0000000e+00
   1.3793077e-01   2.0689662e-01   6.5517261e-01
   5.5172610e-01   1.0344508e-01   3.4482881e-01
   1.8518419e-01   8.1481581e-01   0.0000000e+00
   4.1379322e-01   1.3793079e-01   4.4827599e-01
   3.4482991e-01   2.4137420e-01   4.1379589e-01
   1.0227054e-01   6.4772946e-01   2.5000000e-01
   1.0315404e-04   3.7927166e-01   6.2062518e-01
   9.9857576e-05   9.9990014e-01   0.0000000e+00
   9.6666643e-01   3.3333572e-02   0.0000000e+00
   1.0344583e-01   4.4827734e-01   4.4827683e-01
   5.8620804e-01   1.3792938e-01   2.7586257e-01
   9.3332993e-01   6.6670071e-02   0.0000000e+00
   2.6666682e-01   7.3333318e-01   0.0000000e+00
   3.9999947e-01   6.0000053e-01   0.0000000e+00
   9.9956696e-05   5.3327914e-01   4.6662091e-01
   5.1718792e-01   1.0340426e-04   4.8270868e-01
   3.4479208e-01   1.0330167e-04   6.5510461e-01
   6.8965690e-01   3.1034310e-01   0.0000000e+00
   1.3792936e-01   5.8621114e-01   2.7585950e-01
   3.0769275e-01   6.9230725e-01   0.0000000e+00
   3.5714154e-01   6.4285846e-01   0.0000000e+00
   1.0331180e-04   3.1031258e-01   6.8958411e-01
   1.3792813e-01   8.6207187e-01   0.0000000e+00
   1.0339440e-04   2.4135101e-01   7.5854559e-01
   6.6667492e-02   9.3333251e-01   0.0000000e+00
   1.3333469e-01   1.0000106e-01   7.6666425e-01
   2.7586209e-01   6.8965462e-02   6.5517245e-01
   3.1034538e-01   2.0689639e-01   4.8275823e-01
   3.1034488e-01   1.0344808e-01   5.8620704e-01
   2.4138016e-01   2.4137920e-01   5.1724063e-01
   1.0344851e-01   1.7241420e-01   7.2413729e-01
   1.7241753e-01   2.7586083e-01   5.5172164e-01
   6.4285739e-01   3.5714261e-01   0.0000000e+00
   6.0000062e-01   3.9999938e-01   0.0000000e+00
   9.9990023e-01   9.9774626e-05   0.0000000e+00
   4.8275829e-01   1.0344834e-01   4.1379337e-01
   1.3793148e-01   4.8275783e-01   3.7931068e-01
   3.9285831e-01   3.5714169e-01   2.5000000e-01
   3.4482605e-01   3.7931310e-01   2.7586085e-01
   4.3333122e-01   5.6666878e-01   0.0000000e+00
   3.7931202e-01   3.4478668e-02   5.8620931e-01
   5.5172489e-01   3.4481449e-02   4.1379367e-01
   8.5714548e-01   1.4285452e-01   0.0000000e+00
   9.9998739e-02   9.0000126e-01   0.0000000e+00
   2.7586181e-01   4.1379363e-01   3.1034456e-01
   4.7727012e-01   2.7272988e-01   2.5000000e-01
   2.0689433e-01   1.0344729e-01   6.8965838e-01
   6.8965458e-02   2.7585986e-01   6.5517469e-01
   3.7930822e-01   2.7586302e-01   3.4482877e-01
   1.7241353e-01   5.1724154e-01   3.1034493e-01
   1.7241461e-01   4.1379101e-01   4.1379438e-01
   1.3793108e-01   3.7931016e-01   4.8275876e-01
   1.0115745e-04   6.0708155e-01   3.9281729e-01
   2.0000268e-01   3.3333067e-02   7.6666425e-01
   4.4822953e-01   1.0341671e-04   5.5166706e-01
   2.7586256e-01   3.1034390e-01   4.1379354e-01
   1.0344822e-01   3.1034522e-01   5.8620656e-01
   4.4827413e-01   6.8965734e-02   4.8276014e-01
   2.7583119e-01   1.0340881e-04   7.2406541e-01
   2.7586229e-01   1.7241331e-01   5.5172440e-01
   6.8967006e-01   3.4462577e-02   2.7586737e-01
   6.4773160e-01   1.0226840e-01   2.5000000e-01
   1.0344642e-01   5.5172528e-01   3.4482830e-01
   8.0769356e-01   1.9230644e-01   0.0000000e+00
   2.0689572e-01   4.4827646e-01   3.4482782e-01
   1.0340484e-04   4.4822954e-01   5.5166706e-01
   4.4827447e-01   2.4138058e-01   3.1034494e-01
   5.6666782e-01   4.3333218e-01   0.0000000e+00
   2.0689443e-01   1.7241346e-01   6.2069211e-01
   3.4476864e-02   6.5517487e-01   3.1034827e-01
   3.3325306e-02   3.3306274e-02   9.3336842e-01
   6.5510468e-01   1.0334126e-04   3.4479197e-01
   2.0689653e-01   3.4482760e-01   4.4827588e-01
   6.8965208e-02   4.1379342e-01   5.1724138e-01
   4.8275878e-01   1.7241352e-01   3.4482770e-01
   1.6665061e-01   9.9965336e-05   8.3324942e-01
   6.0708160e-01   1.0110992e-04   3.9281729e-01
   8.9882465e-05   9.9990314e-02   8.9991980e-01
   6.8962383e-02   5.1724352e-01   4.1379410e-01
   2.8571439e-01   4.6428561e-01   2.5000000e-01
   2.4137780e-01   3.7931152e-01   3.7931068e-01
   3.1034490e-01   3.4482698e-01   3.4482812e-01
   9.6127796e-05   9.8276951e-05   9.9980560e-01
   3.7931104e-01   1.0344768e-01   5.1724128e-01
   9.9985772e-02   9.4424670e-05   8.9991980e-01
