   9.6666847e-01   3.3331535e-02   0.0000000e+00
   9.9922644e-05   9.9990008e-01   0.0000000e+00
   2.0000184e-01   3.3330727e-02   7.6666743e-01
   6.9230823e-01   3.0769177e-01   0.0000000e+00
   9.9949162e-05   1.6664995e-01   8.3325010e-01
   3.5714539e-01   6.4285461e-01   0.0000000e+00
   5.6666719e-01   4.3333281e-01   0.0000000e+00
   2.0689084e-01   3.7931308e-01   4.1379608e-01
   7.6923264e-01   2.3076736e-01   0.0000000e+00
   2.4138151e-01   6.8964190e-02   6.8965430e-01
   3.1034253e-01   6.8965747e-01   0.0000000e+00
   6.4285761e-01   3.5714239e-01   0.0000000e+00
   1.0141343e-04   3.5709956e-01   6.4279903e-01
   2.3332829e-01   7.6667171e-01   0.0000000e+00
   8.6206902e-01   1.3793098e-01   0.0000000e+00
   1.3793103e-01   4.1379310e-01   4.4827586e-01
   6.6666358e-02   9.3333364e-01   0.0000000e+00
   4.6666924e-01   5.3333076e-01   0.0000000e+00
   2.6923121e-01   7.3076879e-01   0.0000000e+00
   1.0043028e-04   4.6424115e-01   5.3565842e-01
   9.3333488e-01   6.6665117e-02   0.0000000e+00
   1.0343694e-04   5.8614631e-01   4.1375026e-01
   1.3792838e-01   1.0344664e-01   7.5862499e-01
   5.8621817e-01   1.3792727e-01   2.7585456e-01
   3.3333173e-02   9.6666683e-01   0.0000000e+00
   6.7509887e-02   5.7384189e-01   3.5864823e-01
   1.4285588e-01   8.5714412e-01   0.0000000e+00
   2.4137931e-01   2.4137931e-01   5.1724138e-01
   9.9990006e-01   9.9938500e-05   0.0000000e+00
   3.4482814e-01   3.1034373e-01   3.4482813e-01
   1.0344559e-01   4.8276007e-01   4.1379434e-01
   1.0000178e-01   8.9999822e-01   0.0000000e+00
   6.6668928e-02   1.3333646e-01   7.9999462e-01
   1.6667224e-01   1.3333394e-01   6.9999382e-01
   9.9964970e-05   2.3331212e-01   7.6658791e-01
   5.1851976e-01   4.8148024e-01   0.0000000e+00
   4.1379304e-01   1.3793105e-01   4.4827591e-01
   5.3566299e-01   1.0033903e-04   4.6423667e-01
   7.3333452e-01   2.6666548e-01   0.0000000e+00
   3.7927106e-01   1.0341738e-04   6.2062552e-01
   2.0689771e-01   1.7240949e-01   6.2069280e-01
   6.8959363e-02   6.5517675e-01   2.7586389e-01
   4.1379311e-01   2.7586207e-01   3.1034483e-01
   1.6664997e-01   9.9924265e-05   8.3325010e-01
   6.0000000e-01   4.0000000e-01   0.0000000e+00
   1.0344792e-01   3.1034376e-01   5.8620832e-01
   3.4480278e-02   5.1724271e-01   4.4827702e-01
   6.8965647e-01   3.4480942e-02   2.7586259e-01
   8.1481505e-01   1.8518495e-01   0.0000000e+00
   2.7583093e-01   1.0340005e-04   7.2406567e-01
   1.7241379e-01   5.1724138e-01   3.1034483e-01
   4.3333388e-01   5.6666612e-01   0.0000000e+00
   1.3793063e-01   3.4482775e-01   5.1724162e-01
   2.4138053e-01   4.8275600e-01   2.7586346e-01
   3.4482613e-01   1.3793135e-01   5.1724252e-01
   1.9230378e-01   8.0769622e-01   0.0000000e+00
   4.1378839e-01   3.4483038e-02   5.5172857e-01
   4.8275900e-01   2.4137913e-01   2.7586186e-01
   6.8965041e-02   2.0689512e-01   7.2413983e-01
   3.1034303e-01   3.7931392e-01   3.1034305e-01
   2.4137367e-01   4.1379619e-01   3.4483014e-01
   4.8276039e-01   1.0344500e-01   4.1379462e-01
   3.4482884e-01   2.4137656e-01   4.1379461e-01
   1.3636538e-01   6.1363435e-01   2.5000027e-01
   4.4827327e-01   2.0689752e-01   3.4482920e-01
   2.7585958e-01   3.4482784e-01   3.7931258e-01
   1.0224823e-04   7.4989748e-01   2.5000027e-01
   5.1724132e-01   1.7241382e-01   3.1034486e-01
   1.7241120e-01   2.7586141e-01   5.5172739e-01
   4.4828031e-01   6.8956365e-02   4.8276332e-01
   5.8621036e-01   3.4477052e-02   3.7931259e-01
   4.4318155e-01   3.0681818e-01   2.5000027e-01
   9.9928265e-05   6.6662134e-02   9.3323794e-01
   3.4476986e-02   2.7586871e-01   6.8965430e-01
   3.1034479e-01   3.4482344e-02   6.5517287e-01
   2.7586207e-01   2.7586207e-01   4.4827586e-01
   9.0000107e-01   9.9998929e-02   0.0000000e+00
   1.3331960e-01   9.6863164e-05   8.6658354e-01
   4.8270877e-01   1.0336928e-04   5.1718786e-01
   6.8961099e-02   3.7931110e-01   5.5172780e-01
   3.7931252e-01   3.4482640e-01   2.7586108e-01
   4.0000000e-01   6.0000000e-01   0.0000000e+00
   1.7241715e-01   4.4827027e-01   3.7931259e-01
   5.4545607e-01   2.0454366e-01   2.5000027e-01
   1.0326439e-04   6.5510476e-01   3.4479198e-01
   6.5510471e-01   1.0331663e-04   3.4479197e-01
   2.7586113e-01   1.3793035e-01   5.8620852e-01
   3.2142819e-01   4.2857154e-01   2.5000027e-01
   3.1034310e-01   2.0689540e-01   4.8276151e-01
   3.3333355e-02   1.0000007e-01   8.6666658e-01
   3.9999530e-01   2.0000174e-01   4.0000296e-01
   6.6614146e-02   3.3292204e-02   9.0009365e-01
   6.4772838e-01   1.0227136e-01   2.5000027e-01
   1.3793085e-01   2.0689628e-01   6.5517287e-01
   2.0454974e-01   5.4545000e-01   2.5000027e-01
   2.0689539e-01   3.1034309e-01   4.8276152e-01
   5.5172686e-01   1.0344387e-01   3.4482928e-01
   3.4482859e-01   6.8962866e-02   5.8620854e-01
   7.4989757e-01   1.0216076e-04   2.5000027e-01
   9.3847765e-05   9.7695809e-05   9.9980846e-01
