   5.9999973e-01   4.0000027e-01   0.0000000e+00
   6.6661871e-02   9.3333813e-01   0.0000000e+00
   9.9901067e-05   9.9990010e-01   0.0000000e+00
   3.3334196e-02   9.6666580e-01   0.0000000e+00
   5.1724207e-01   1.3792988e-01   3.4482805e-01
   4.3187812e-01   1.0025664e-01   4.6786524e-01
   5.6666621e-01   4.3333379e-01   0.0000000e+00
   9.6666758e-01   3.3332420e-02   0.0000000e+00
   6.9231171e-01   3.0768829e-01   0.0000000e+00
   1.0341099e-04   6.8958385e-01   3.1031273e-01
   1.0338981e-04   5.1718795e-01   4.8270866e-01
   3.4482783e-01   3.4482091e-02   6.2069008e-01
   6.8181913e-01   6.8180545e-02   2.5000033e-01
   6.8093064e-02   6.8100868e-01   2.5089825e-01
   2.3331084e-01   9.9856473e-05   7.6658931e-01
   2.3076927e-01   7.6923073e-01   0.0000000e+00
   1.8518535e-01   8.1481465e-01   0.0000000e+00
   9.3333418e-01   6.6665824e-02   0.0000000e+00
   2.7272975e-01   4.7726992e-01   2.5000033e-01
   1.3793102e-01   8.6206898e-01   0.0000000e+00
   9.9990003e-01   9.9971288e-05   0.0000000e+00
   3.0768993e-01   6.9231007e-01   0.0000000e+00
   2.4137905e-01   1.7241399e-01   5.8620695e-01
   9.9999430e-02   9.0000057e-01   0.0000000e+00
   6.8953333e-02   4.8276501e-01   4.4828166e-01
   3.5714209e-01   6.4285791e-01   0.0000000e+00
   7.6923180e-01   2.3076820e-01   0.0000000e+00
   3.1034363e-01   4.1379535e-01   2.7586101e-01
   3.7931035e-01   1.3793103e-01   4.8275862e-01
   1.3793101e-01   2.7586204e-01   5.8620695e-01
   6.6666429e-02   3.3333133e-02   9.0000044e-01
   1.0225189e-04   7.4989742e-01   2.5000033e-01
   4.8275965e-01   2.0689614e-01   3.1034421e-01
   3.9285845e-01   3.5714123e-01   2.5000033e-01
   1.0082221e-04   5.7137573e-01   4.2852345e-01
   1.7240968e-01   3.7932513e-01   4.4826518e-01
   3.9999868e-01   6.0000132e-01   0.0000000e+00
   5.7954187e-01   1.7045780e-01   2.5000033e-01
   2.7586210e-01   2.4137930e-01   4.8275860e-01
   3.7931173e-01   2.0689365e-01   4.1379462e-01
   2.7586013e-01   3.4482851e-01   3.7931136e-01
   5.3328196e-01   9.9977701e-05   4.6661806e-01
   8.9999890e-01   1.0000110e-01   0.0000000e+00
   5.0238985e-01   6.6984919e-02   4.3062523e-01
   7.3333334e-01   2.6666666e-01   0.0000000e+00
   1.7240795e-01   4.8276203e-01   3.4483002e-01
   2.0689654e-01   4.1379311e-01   3.7931035e-01
   2.0689673e-01   6.8964722e-02   7.2413855e-01
   1.0343250e-01   3.4492699e-01   5.5164052e-01
   3.4482723e-01   1.0344757e-01   5.5172521e-01
   4.1379201e-01   2.4137976e-01   3.4482823e-01
   5.1136193e-01   2.3863774e-01   2.5000033e-01
   3.4481778e-02   6.2069029e-01   3.4482794e-01
   2.4138002e-01   4.4827425e-01   3.1034574e-01
   2.0454677e-01   5.4545290e-01   2.5000033e-01
   2.4138069e-01   3.1034091e-01   4.4827840e-01
   4.4827557e-01   1.7241388e-01   3.7931054e-01
   1.0344743e-01   5.1724187e-01   3.7931070e-01
   5.3333337e-01   4.6666663e-01   0.0000000e+00
   1.6666297e-01   3.3333276e-02   8.0000376e-01
   9.9955348e-05   1.6665032e-01   8.3324973e-01
   3.4481908e-02   4.4827625e-01   5.1724184e-01
   7.4989753e-01   1.0214777e-04   2.5000033e-01
   1.0343233e-04   3.4479144e-01   6.5510513e-01
   2.0689503e-01   2.7586260e-01   5.1724237e-01
   8.6206886e-01   1.3793114e-01   0.0000000e+00
   4.3333234e-01   5.6666766e-01   0.0000000e+00
   3.3332281e-02   2.0000021e-01   7.6666751e-01
   3.1034504e-01   3.7931022e-01   3.1034474e-01
   1.3793043e-01   4.4827621e-01   4.1379336e-01
   4.4827541e-01   2.7586229e-01   2.7586229e-01
   9.9542877e-05   9.9989941e-02   8.9991052e-01
   3.1031270e-01   1.0342401e-04   6.8958387e-01
   1.7241421e-01   2.0689464e-01   6.2069115e-01
   1.3333375e-01   9.9997562e-02   7.6666869e-01
   1.3332974e-01   9.9984377e-05   8.6657028e-01
   2.6666640e-01   7.3333360e-01   0.0000000e+00
   8.1481851e-01   1.8518149e-01   0.0000000e+00
   6.5510455e-01   1.0341404e-04   3.4479203e-01
   6.8965716e-02   2.4137801e-01   6.8965627e-01
   6.8965522e-02   3.1034479e-01   6.2068969e-01
   3.4482738e-01   3.1034493e-01   3.4482769e-01
   3.1034511e-01   2.7586153e-01   4.1379336e-01
   6.2068889e-01   1.0344849e-01   2.7586262e-01
   1.0080606e-04   4.2852726e-01   5.7137193e-01
   4.8147708e-01   5.1852292e-01   0.0000000e+00
   1.7241104e-01   1.3793149e-01   6.8965747e-01
   1.3793084e-01   5.5172470e-01   3.1034446e-01
   1.0344528e-01   6.2069193e-01   2.7586279e-01
   4.2852707e-01   1.0082635e-04   5.7137211e-01
   1.0344806e-01   4.1379321e-01   4.8275873e-01
   1.0344792e-01   1.7241385e-01   7.2413823e-01
   2.7586246e-01   1.0344724e-01   6.2069030e-01
   6.4285945e-01   3.5714055e-01   0.0000000e+00
   6.6667880e-02   1.0000237e-01   8.3332975e-01
   4.4827459e-01   3.4482859e-02   5.1724256e-01
   5.8620701e-01   3.4482572e-02   3.7931042e-01
   1.0336237e-04   2.7583289e-01   7.2406375e-01
   9.0268756e-05   8.0524274e-05   9.9982921e-01
   3.1034561e-01   1.7241250e-01   5.1724189e-01
