   5.6666716e-01   4.3333284e-01   0.0000000e+00
   7.6667092e-01   2.3332908e-01   0.0000000e+00
   3.7927118e-01   1.0328797e-04   6.2062553e-01
   4.8275905e-01   1.7241305e-01   3.4482789e-01
   6.0714022e-01   3.9285978e-01   0.0000000e+00
   3.0769382e-01   6.9230618e-01   0.0000000e+00
   9.9997616e-02   9.0000238e-01   0.0000000e+00
   6.6666582e-02   9.3333342e-01   0.0000000e+00
   2.3863713e-01   5.1136260e-01   2.5000027e-01
   1.8518173e-01   8.1481827e-01   0.0000000e+00
   4.6666815e-01   5.3333185e-01   0.0000000e+00
   5.1851933e-01   4.8148067e-01   0.0000000e+00
   7.4989766e-01   1.0206951e-04   2.5000027e-01
   1.0344633e-01   5.1724256e-01   3.7931111e-01
   3.5714155e-01   6.4285845e-01   0.0000000e+00
   9.3333599e-01   6.6664014e-02   0.0000000e+00
   9.6667224e-01   3.3327763e-02   0.0000000e+00
   4.1379057e-01   1.7241454e-01   4.1379489e-01
   3.1034580e-01   1.7241006e-01   5.1724414e-01
   8.0769318e-01   1.9230682e-01   0.0000000e+00
   6.9999157e-01   3.0000843e-01   0.0000000e+00
   4.6424538e-01   1.0023935e-04   5.3565438e-01
   8.5714205e-01   1.4285795e-01   0.0000000e+00
   3.3333464e-02   1.3333399e-01   8.3333255e-01
   1.7044969e-01   5.7955004e-01   2.5000027e-01
   3.3333614e-02   9.6666639e-01   0.0000000e+00
   5.1724285e-01   3.4480005e-02   4.4827715e-01
   3.1031230e-01   1.0325439e-04   6.8958444e-01
   5.1724124e-01   1.0344777e-01   3.7931099e-01
   6.5517148e-01   3.4482852e-01   0.0000000e+00
   9.9525877e-05   9.9990047e-01   0.0000000e+00
   1.0068935e-04   5.7137102e-01   4.2852829e-01
   1.0341381e-04   5.1718807e-01   4.8270851e-01
   1.7240839e-01   2.7586252e-01   5.5172909e-01
   2.0689506e-01   4.1379388e-01   3.7931106e-01
   2.6666777e-01   7.3333223e-01   0.0000000e+00
   1.0147824e-04   7.4989825e-01   2.5000027e-01
   2.4137472e-01   3.4482966e-01   4.1379563e-01
   3.4476580e-02   4.4827893e-01   5.1724449e-01
   6.8963258e-02   5.8620834e-01   3.4482841e-01
   5.4545430e-01   2.0454543e-01   2.5000027e-01
   4.8275825e-01   2.4137949e-01   2.7586226e-01
   4.3333339e-01   5.6666661e-01   0.0000000e+00
   1.0332569e-04   4.1375083e-01   5.8614584e-01
   2.7586321e-01   1.0344787e-01   6.2068892e-01
   1.3793184e-01   8.6206816e-01   0.0000000e+00
   1.0000047e-01   6.6666980e-02   8.3333255e-01
   3.4475274e-02   6.8966061e-01   2.7586412e-01
   3.4482609e-01   2.0689736e-01   4.4827655e-01
   1.0339174e-04   3.4479402e-01   6.5510259e-01
   9.9990004e-01   9.9958761e-05   0.0000000e+00
   2.3076960e-01   7.6923040e-01   0.0000000e+00
   1.0343811e-01   3.1034654e-01   5.8621534e-01
   6.5510475e-01   1.0318457e-04   3.4479206e-01
   2.0687352e-01   1.0339135e-04   7.9302309e-01
   2.0689534e-01   1.3793022e-01   6.5517444e-01
   1.0227183e-01   6.4772789e-01   2.5000027e-01
   4.1379112e-01   2.4138013e-01   3.4482875e-01
   3.7931802e-01   3.1034095e-01   3.1034104e-01
   6.6662161e-02   5.3378322e-05   9.3328446e-01
   6.8960874e-02   2.4137974e-01   6.8965938e-01
   2.4137654e-01   2.0689437e-01   5.5172909e-01
   1.0322579e-04   2.0687373e-01   7.9302304e-01
   3.4483190e-01   2.7585733e-01   3.7931077e-01
   1.0274727e-04   2.7583242e-01   7.2406483e-01
   1.7241238e-01   4.8275948e-01   3.4482814e-01
   3.1034697e-01   2.7585719e-01   4.1379584e-01
   1.3792132e-01   1.0344144e-01   7.5863724e-01
   8.9999938e-01   1.0000062e-01   0.0000000e+00
   1.3791868e-01   3.4483334e-01   5.1724798e-01
   6.8100125e-01   6.8104756e-02   2.5089399e-01
   2.0689688e-01   3.1034465e-01   4.8275847e-01
   2.4137973e-01   3.4478079e-02   7.2414219e-01
   4.0000052e-01   5.9999948e-01   0.0000000e+00
   3.1034537e-01   3.4482644e-01   3.4482818e-01
   1.3332238e-01   7.5846519e-05   8.6660177e-01
   1.0344818e-01   4.1379315e-01   4.8275867e-01
   5.7137093e-01   1.0078916e-04   4.2852829e-01
   7.3333341e-01   2.6666659e-01   0.0000000e+00
   1.3793088e-01   2.4138020e-01   6.2068892e-01
   1.3792269e-01   4.4828147e-01   4.1379584e-01
   3.5645101e-01   6.7742842e-02   5.7580615e-01
   5.8620842e-01   6.8963104e-02   3.4482848e-01
   6.8965048e-02   4.8275840e-01   4.4827655e-01
   1.0344997e-01   1.7241149e-01   7.2413854e-01
   3.2142282e-01   4.2857691e-01   2.5000027e-01
   3.4482839e-01   3.7930923e-01   2.7586238e-01
   4.2857038e-01   3.2142935e-01   2.5000027e-01
   1.3793048e-01   5.5172248e-01   3.1034704e-01
   1.7241448e-01   3.7930788e-01   4.4827764e-01
   6.2069004e-01   1.0344801e-01   2.7586195e-01
   3.7931035e-01   1.3793098e-01   4.8275867e-01
   4.4827612e-01   1.0344733e-01   4.4827655e-01
   1.0341936e-04   6.5510486e-01   3.4479172e-01
   5.5171189e-01   1.3793975e-01   3.1034837e-01
   2.7586529e-01   2.4137561e-01   4.8275910e-01
   7.3645584e-05   9.9990675e-02   8.9993568e-01
   6.8963638e-02   3.7930727e-01   5.5172909e-01
   2.4137749e-01   4.4827424e-01   3.1034827e-01
   7.7414926e-05   9.4920888e-05   9.9982766e-01
