   8.5714331e-01   1.4285669e-01   0.0000000e+00
   8.9999949e-01   1.0000051e-01   0.0000000e+00
   3.1034103e-01   6.8965897e-01   0.0000000e+00
   4.4444642e-01   5.5555358e-01   0.0000000e+00
   9.3333298e-01   6.6667016e-02   0.0000000e+00
   9.6667301e-01   3.3326992e-02   0.0000000e+00
   5.5555591e-01   4.4444409e-01   0.0000000e+00
   6.8966234e-02   6.5516912e-01   2.7586465e-01
   1.0338613e-04   6.2062530e-01   3.7927132e-01
   3.5714899e-01   6.4285101e-01   0.0000000e+00
   1.9230350e-01   8.0769650e-01   0.0000000e+00
   7.3076947e-01   2.6923053e-01   0.0000000e+00
   1.7241428e-01   4.8275718e-01   3.4482855e-01
   5.5172605e-01   6.8962207e-02   3.7931174e-01
   6.8965476e-02   3.1034486e-01   6.2068967e-01
   5.0920676e-01   2.4079324e-01   2.5000000e-01
   4.4822917e-01   1.0323135e-04   5.5166760e-01
   6.8964276e-02   2.0689549e-01   7.2414024e-01
   5.3328054e-01   9.9980280e-05   4.6661948e-01
   3.3329916e-02   9.6667008e-01   0.0000000e+00
   6.8958331e-02   5.1724539e-01   4.1379628e-01
   6.4285791e-01   3.5714209e-01   0.0000000e+00
   7.6666987e-01   2.3333013e-01   0.0000000e+00
   9.9990093e-01   9.9071541e-05   0.0000000e+00
   1.7045856e-01   5.7954144e-01   2.5000000e-01
   4.3332234e-01   6.6666469e-02   5.0001119e-01
   7.4989778e-01   1.0221953e-04   2.5000000e-01
   4.8276064e-01   1.7241033e-01   3.4482902e-01
   1.0326968e-04   6.8958415e-01   3.1031258e-01
   3.4481288e-02   2.7586136e-01   6.8965735e-01
   1.0212186e-04   7.4989788e-01   2.5000000e-01
   9.9462430e-05   9.9990054e-01   0.0000000e+00
   1.6667035e-01   6.6666913e-02   7.6666273e-01
   1.4285690e-01   8.5714310e-01   0.0000000e+00
   1.3636356e-01   6.1363644e-01   2.5000000e-01
   6.8965707e-01   3.4480093e-02   2.7586283e-01
   6.8966070e-01   3.1033930e-01   0.0000000e+00
   2.7272951e-01   4.7727049e-01   2.5000000e-01
   3.4482759e-01   3.4482759e-01   3.1034482e-01
   6.0000003e-01   3.9999997e-01   0.0000000e+00
   8.0768675e-01   1.9231325e-01   0.0000000e+00
   1.0322505e-04   3.4479097e-01   6.5510581e-01
   3.1034483e-01   3.1034483e-01   3.7931034e-01
   1.0012048e-01   4.3264854e-01   4.6723098e-01
   3.4482711e-01   2.4137950e-01   4.1379340e-01
   6.6666966e-02   3.3333440e-02   8.9999959e-01
   1.0340484e-04   5.5166697e-01   4.4822963e-01
   6.6668809e-02   9.3333119e-01   0.0000000e+00
   2.0689628e-01   2.7586154e-01   5.1724218e-01
   2.4137888e-01   6.8964536e-02   6.8965658e-01
   2.3332499e-01   7.6667501e-01   0.0000000e+00
   4.4828292e-01   2.4137612e-01   3.1034096e-01
   2.0689521e-01   5.1724450e-01   2.7586030e-01
   6.1363702e-01   1.3636298e-01   2.5000000e-01
   2.6923671e-01   7.3076329e-01   0.0000000e+00
   1.0000851e-01   8.9999149e-01   0.0000000e+00
   3.4482795e-02   3.7930852e-01   5.8620868e-01
   1.7241312e-01   3.4482793e-01   4.8275895e-01
   5.8620930e-01   1.0344460e-01   3.1034610e-01
   6.5510431e-01   1.0341571e-04   3.4479227e-01
   1.0000009e-01   1.0000009e-01   7.9999982e-01
   2.4137564e-01   3.4482926e-01   4.1379511e-01
   4.0000012e-01   5.9999988e-01   0.0000000e+00
   1.7241385e-01   2.4137975e-01   5.8620640e-01
   4.1379355e-01   1.3793144e-01   4.4827501e-01
   3.4482830e-01   1.0344719e-01   5.5172451e-01
   9.9731651e-05   2.3331233e-01   7.6658793e-01
   2.0687438e-01   1.0322246e-04   7.9302239e-01
   2.7585582e-01   3.7931365e-01   3.4483053e-01
   2.4138036e-01   4.4827524e-01   3.1034440e-01
   3.7927366e-01   1.0311580e-04   6.2062322e-01
   3.7931087e-01   2.7586108e-01   3.4482806e-01
   2.7585931e-01   2.0689573e-01   5.1724496e-01
   3.4482750e-01   1.7241352e-01   4.8275898e-01
   3.1031182e-01   1.0339644e-04   6.8958478e-01
   8.9243428e-05   9.9990057e-02   8.9992070e-01
   1.0268797e-04   4.4822971e-01   5.5166760e-01
   4.8276056e-01   1.0344468e-01   4.1379476e-01
   5.0000000e-01   5.0000000e-01   0.0000000e+00
   2.0689588e-01   4.1379378e-01   3.7931034e-01
   1.0344828e-01   5.5172393e-01   3.4482779e-01
   3.9284879e-01   3.5715121e-01   2.5000000e-01
   2.7586249e-01   2.7586249e-01   4.4827501e-01
   1.3793103e-01   1.3793103e-01   7.2413794e-01
   5.5172539e-01   1.7241191e-01   2.7586269e-01
   4.1379328e-01   2.0689637e-01   3.7931034e-01
   4.1379230e-01   3.1034610e-01   2.7586161e-01
   5.8614629e-01   1.0341817e-04   4.1375029e-01
   1.3793106e-01   2.0689659e-01   6.5517234e-01
   2.4137985e-01   1.7241383e-01   5.8620631e-01
   1.3332060e-01   7.6258697e-05   8.6660315e-01
   1.0344640e-01   3.4482909e-01   5.5172451e-01
   1.3793091e-01   4.4827584e-01   4.1379325e-01
   3.1034488e-01   4.1379292e-01   2.7586220e-01
   3.1034515e-01   6.8965185e-02   6.2068967e-01
   3.4479027e-02   4.8276005e-01   4.8276093e-01
   9.9849319e-05   1.6665198e-01   8.3324817e-01
   2.0689661e-01   1.3793105e-01   6.5517234e-01
   6.8965081e-02   4.1379133e-01   5.1724359e-01
   9.4387768e-05   8.7083105e-05   9.9981853e-01
