   5.3332858e-01   4.6667142e-01   0.0000000e+00
   2.3076822e-01   7.6923178e-01   0.0000000e+00
   3.4482145e-02   2.4137993e-01   7.2413792e-01
   1.3793075e-01   8.6206925e-01   0.0000000e+00
   1.0000220e-01   8.9999780e-01   0.0000000e+00
   9.0000033e-01   9.9999667e-02   0.0000000e+00
   1.7241408e-01   2.0689522e-01   6.2069069e-01
   6.4285880e-01   3.5714120e-01   0.0000000e+00
   7.6666980e-01   2.3333020e-01   0.0000000e+00
   1.0333824e-04   5.1718801e-01   4.8270865e-01
   4.3333466e-01   5.6666534e-01   0.0000000e+00
   1.3793060e-01   4.4827609e-01   4.1379331e-01
   1.0344747e-01   2.7586232e-01   6.2069022e-01
   3.5714389e-01   6.4285611e-01   0.0000000e+00
   9.9982060e-05   9.9990002e-01   0.0000000e+00
   5.6666450e-01   4.3333550e-01   0.0000000e+00
   1.0338903e-01   6.2090701e-01   2.7570396e-01
   1.7241525e-01   1.0344682e-01   7.2413792e-01
   1.7241366e-01   4.8275870e-01   3.4482764e-01
   8.0769468e-01   1.9230532e-01   0.0000000e+00
   6.6663827e-02   9.3333617e-01   0.0000000e+00
   3.9285663e-01   3.5714337e-01   2.5000000e-01
   5.3327665e-01   9.9897155e-05   4.6662345e-01
   2.4138087e-01   3.1034037e-01   4.4827876e-01
   3.9603290e-01   1.0066086e-01   5.0330624e-01
   4.9995285e-01   6.6672613e-02   4.3337453e-01
   1.3793108e-01   1.7241331e-01   6.8965561e-01
   1.0344827e-01   4.1379313e-01   4.8275860e-01
   6.2062545e-01   1.0343550e-04   3.7927111e-01
   2.7586208e-01   3.4482318e-02   6.8965561e-01
   6.8965562e-01   3.1034438e-01   0.0000000e+00
   3.4482153e-02   3.4482780e-01   6.2069004e-01
   7.4989781e-01   1.0219343e-04   2.5000000e-01
   1.0341762e-04   4.1374745e-01   5.8614914e-01
   4.8148014e-01   5.1851986e-01   0.0000000e+00
   1.0220992e-04   7.4989779e-01   2.5000000e-01
   1.0000077e-01   9.9999419e-02   7.9999981e-01
   1.3332272e-01   9.9933342e-05   8.6657734e-01
   9.9990008e-01   9.9919066e-05   0.0000000e+00
   2.4135535e-01   1.0341852e-04   7.5854123e-01
   1.7240821e-01   3.4482991e-01   4.8276188e-01
   9.9903326e-05   1.9997990e-01   7.9992020e-01
   9.6666868e-01   3.3331321e-02   0.0000000e+00
   9.9886806e-05   1.3332277e-01   8.6657734e-01
   6.4772686e-01   1.0227314e-01   2.5000000e-01
   1.0329360e-04   6.2062554e-01   3.7927116e-01
   6.8965252e-02   5.8620707e-01   3.4482768e-01
   6.0000095e-01   3.9999905e-01   0.0000000e+00
   6.8964209e-02   4.8275930e-01   4.4827649e-01
   4.1379529e-01   1.7240943e-01   4.1379528e-01
   8.5714480e-01   1.4285520e-01   0.0000000e+00
   6.6667321e-02   1.6666900e-01   7.6666368e-01
   3.1034343e-01   2.7586263e-01   4.1379394e-01
   1.3793096e-01   3.1034521e-01   5.5172383e-01
   3.4479385e-01   1.0343411e-04   6.5510272e-01
   5.5172434e-01   1.3793071e-01   3.1034494e-01
   1.3793102e-01   5.5172417e-01   3.1034480e-01
   3.3332537e-02   9.6666746e-01   0.0000000e+00
   4.2851966e-01   1.0074887e-04   5.7137959e-01
   1.0336395e-04   6.8958389e-01   3.1031275e-01
   3.7931126e-01   2.4137748e-01   3.7931126e-01
   3.4473244e-02   5.5172958e-01   4.1379718e-01
   3.4482919e-01   2.0689286e-01   4.4827795e-01
   5.7954536e-01   1.7045464e-01   2.5000000e-01
   9.3333359e-01   6.6666406e-02   0.0000000e+00
   2.6666794e-01   7.3333206e-01   0.0000000e+00
   1.6666744e-01   3.3332747e-02   7.9999981e-01
   1.0342370e-04   3.1031232e-01   6.8958426e-01
   6.8180692e-02   6.8181931e-01   2.5000000e-01
   1.0344397e-01   5.1724386e-01   3.7931217e-01
   3.4482697e-01   3.1034512e-01   3.4482791e-01
   6.6661583e-02   3.3330570e-02   9.0000785e-01
   6.8965123e-02   3.7931051e-01   5.5172437e-01
   3.0769201e-01   6.9230799e-01   0.0000000e+00
   2.7585826e-01   2.4138059e-01   4.8276116e-01
   7.3076871e-01   2.6923129e-01   0.0000000e+00
   2.0689593e-01   2.4137950e-01   5.5172457e-01
   1.8518595e-01   8.1481405e-01   0.0000000e+00
   2.7586237e-01   3.4482688e-01   3.7931075e-01
   2.0689838e-01   3.7930487e-01   4.1379675e-01
   3.1036026e-01   6.8963977e-02   6.2067576e-01
   4.1379406e-01   2.7586161e-01   3.1034433e-01
   2.0689557e-01   5.1724109e-01   2.7586334e-01
   3.1034429e-01   3.7931141e-01   3.1034430e-01
   3.9999296e-01   6.0000704e-01   0.0000000e+00
   2.4137781e-01   1.3793131e-01   6.2069089e-01
   6.8958385e-01   1.0341915e-04   3.1031274e-01
   4.4827765e-01   2.0689340e-01   3.4482896e-01
   2.8571329e-01   4.6428671e-01   2.5000000e-01
   5.8621123e-01   6.8958660e-02   3.4483011e-01
   1.7045679e-01   5.7954321e-01   2.5000000e-01
   5.0000111e-01   2.4999889e-01   2.5000000e-01
   4.4827485e-01   3.4482309e-02   5.1724284e-01
   2.7586326e-01   1.7241024e-01   5.5172650e-01
   2.4137806e-01   4.1379379e-01   3.4482815e-01
   4.8275746e-01   1.3793135e-01   3.7931120e-01
   3.4480353e-02   4.4827681e-01   5.1724284e-01
   9.9798443e-05   6.6647102e-02   9.3325310e-01
   3.4482748e-01   1.3792968e-01   5.1724284e-01
   9.7840022e-05   9.2421031e-05   9.9980974e-01
