   9.9990008e-01   9.9916843e-05   0.0000000e+00
   1.0342018e-04   5.5166648e-01   4.4823010e-01
   9.9904594e-05   9.9990010e-01   0.0000000e+00
   2.4137983e-01   2.0689482e-01   5.5172535e-01
   7.3076568e-01   2.6923432e-01   0.0000000e+00
   2.3076654e-01   7.6923346e-01   0.0000000e+00
   4.6666871e-01   5.3333129e-01   0.0000000e+00
   6.3333317e-01   3.6666683e-01   0.0000000e+00
   1.0000063e-01   8.9999937e-01   0.0000000e+00
   4.1379278e-01   1.7241390e-01   4.1379332e-01
   6.7999560e-01   3.2000440e-01   0.0000000e+00
   3.9999998e-01   6.0000002e-01   0.0000000e+00
   3.7930990e-01   1.3793102e-01   4.8275908e-01
   8.0769676e-01   1.9230324e-01   0.0000000e+00
   1.8518637e-01   8.1481363e-01   0.0000000e+00
   2.3331022e-01   9.9920375e-05   7.6658986e-01
   5.4545303e-01   2.0454694e-01   2.5000003e-01
   3.3328555e-02   2.0000119e-01   7.6667025e-01
   2.0689572e-01   1.7241398e-01   6.2069031e-01
   1.3332187e-01   9.9603064e-05   8.6657853e-01
   6.6667573e-02   9.3333243e-01   0.0000000e+00
   4.1375016e-01   1.0341513e-04   5.8614643e-01
   5.6666657e-01   4.3333343e-01   0.0000000e+00
   1.0210202e-04   7.4989786e-01   2.5000003e-01
   9.3333344e-01   6.6666558e-02   0.0000000e+00
   1.3636370e-01   6.1363627e-01   2.5000003e-01
   3.1032148e-01   1.0329740e-04   6.8957522e-01
   1.6667315e-01   3.3334907e-02   7.9999195e-01
   9.6667008e-01   3.3329919e-02   0.0000000e+00
   6.2062549e-01   1.0333505e-04   3.7927118e-01
   1.0040755e-04   4.6423739e-01   5.3566220e-01
   1.3793119e-01   8.6206881e-01   0.0000000e+00
   7.4989778e-01   1.0218601e-04   2.5000003e-01
   1.7240836e-01   5.5173383e-01   2.7585781e-01
   5.8619736e-01   6.8967107e-02   3.4483553e-01
   5.5172560e-01   1.3792877e-01   3.1034564e-01
   2.4999744e-01   5.0000252e-01   2.5000003e-01
   3.0769021e-01   6.9230979e-01   0.0000000e+00
   6.8171663e-02   6.8182830e-01   2.5000003e-01
   3.4482758e-01   3.4482758e-01   3.1034484e-01
   1.6666719e-01   1.3333238e-01   7.0000043e-01
   9.9891620e-05   1.6665054e-01   8.3324957e-01
   4.3333339e-01   5.6666661e-01   0.0000000e+00
   8.9999191e-01   1.0000809e-01   0.0000000e+00
   4.1379465e-01   2.7586132e-01   3.1034403e-01
   6.8958386e-01   1.0331376e-04   3.1031282e-01
   4.2857320e-01   3.2142677e-01   2.5000003e-01
   3.5714471e-01   6.4285529e-01   0.0000000e+00
   3.1035656e-01   1.0344649e-01   5.8619695e-01
   1.0334095e-04   2.7583323e-01   7.2406343e-01
   2.6666664e-01   7.3333336e-01   0.0000000e+00
   7.6666716e-01   2.3333284e-01   0.0000000e+00
   1.0344778e-01   5.1724166e-01   3.7931055e-01
   4.8275985e-01   1.3792959e-01   3.7931056e-01
   3.4090597e-01   4.0909400e-01   2.5000003e-01
   1.0344434e-01   2.7586329e-01   6.2069237e-01
   3.4482734e-01   3.4482770e-02   6.2068989e-01
   3.4482857e-01   2.0689455e-01   4.4827688e-01
   1.0344551e-01   4.1379505e-01   4.8275944e-01
   2.0689655e-01   3.1034484e-01   4.8275862e-01
   1.3792457e-01   4.4827922e-01   4.1379621e-01
   5.3692820e-01   3.3556964e-02   4.2951484e-01
   2.4137894e-01   3.4482868e-01   4.1379238e-01
   3.7930338e-01   2.4138203e-01   3.7931459e-01
   3.4482833e-02   3.1034333e-01   6.5517383e-01
   5.1851975e-01   4.8148025e-01   0.0000000e+00
   1.0335120e-04   6.2062547e-01   3.7927118e-01
   6.4772737e-01   1.0227260e-01   2.5000003e-01
   6.8962085e-02   5.8620896e-01   3.4482895e-01
   8.5714505e-01   1.4285495e-01   0.0000000e+00
   2.0689405e-01   4.1379442e-01   3.7931153e-01
   1.3793102e-01   2.0689654e-01   6.5517244e-01
   2.0689541e-01   6.8965131e-02   7.2413946e-01
   1.0344662e-01   1.7241392e-01   7.2413946e-01
   6.0000154e-01   3.9999846e-01   0.0000000e+00
   3.1034593e-01   1.7241179e-01   5.1724227e-01
   4.9994755e-01   9.9976263e-05   4.9995247e-01
   1.3793122e-01   3.4482670e-01   5.1724208e-01
   4.1379359e-01   6.8964362e-02   5.1724205e-01
   2.4138123e-01   1.0344106e-01   6.5517771e-01
   2.7586206e-01   4.1379312e-01   3.1034483e-01
   3.1033744e-01   2.7586512e-01   4.1379743e-01
   1.7241474e-01   4.8275578e-01   3.4482948e-01
   9.8710491e-05   9.8851651e-05   9.9980244e-01
   6.6666488e-02   6.6666493e-02   8.6666702e-01
   6.8957801e-02   4.8276247e-01   4.4827973e-01
   1.7241293e-01   2.7586238e-01   5.5172469e-01
   4.4827557e-01   2.0689398e-01   3.4483045e-01
   6.8961704e-02   3.7931146e-01   5.5172683e-01
   4.8276200e-01   2.4138019e-01   2.7585781e-01
   3.2142183e-01   3.2142222e-01   3.5715595e-01
   3.3331054e-02   9.6666895e-01   0.0000000e+00
   1.0344383e-01   1.0344383e-01   7.9311233e-01
   3.4466061e-02   6.5518378e-01   3.1035016e-01
   4.4827529e-01   1.0344837e-01   4.4827635e-01
   1.7241362e-01   3.7931041e-01   4.4827597e-01
   2.7586232e-01   2.4137861e-01   4.8275907e-01
   6.6662188e-02   5.7240963e-05   9.3328057e-01
   1.0339292e-04   3.7927098e-01   6.2062562e-01
   1.9842929e-05   9.9997548e-02   8.9998261e-01
