   8.6206907e-01   1.3793093e-01   0.0000000e+00
   2.3333349e-01   7.6666651e-01   0.0000000e+00
   9.9990011e-01   9.9888527e-05   0.0000000e+00
   7.3333228e-01   2.6666772e-01   0.0000000e+00
   2.0689183e-01   2.4137988e-01   5.5172829e-01
   1.3635867e-01   6.1364125e-01   2.5000008e-01
   3.7931132e-01   2.0689452e-01   4.1379416e-01
   6.9230871e-01   3.0769129e-01   0.0000000e+00
   4.3333612e-01   5.6666388e-01   0.0000000e+00
   6.1363650e-01   1.3636342e-01   2.5000008e-01
   8.1481470e-01   1.8518530e-01   0.0000000e+00
   1.4285545e-01   8.5714455e-01   0.0000000e+00
   2.6923118e-01   7.3076882e-01   0.0000000e+00
   1.3792338e-01   4.4827985e-01   4.1379677e-01
   5.1724194e-01   1.3793011e-01   3.4482796e-01
   3.5714240e-01   6.4285760e-01   0.0000000e+00
   1.7240629e-01   4.8276300e-01   3.4483071e-01
   3.1034415e-01   6.8965585e-01   0.0000000e+00
   1.0223774e-04   7.4989768e-01   2.5000008e-01
   1.7241351e-01   3.1034493e-01   5.1724155e-01
   4.0000009e-01   5.9999991e-01   0.0000000e+00
   3.7931141e-01   1.0344579e-01   5.1724280e-01
   3.3334497e-02   2.0000975e-01   7.6665575e-01
   9.9987240e-05   4.9994721e-01   4.9995280e-01
   1.9230815e-01   8.0769185e-01   0.0000000e+00
   2.4138229e-01   1.3793225e-01   6.2068546e-01
   9.9959570e-05   9.9990004e-01   0.0000000e+00
   1.0114573e-04   3.9281624e-01   6.0708261e-01
   1.3333341e-01   6.6666219e-02   8.0000037e-01
   2.0689555e-01   5.1724372e-01   2.7586073e-01
   4.0908851e-01   3.4091141e-01   2.5000008e-01
   2.7586324e-01   3.7930772e-01   3.4482904e-01
   5.1852026e-01   4.8147974e-01   0.0000000e+00
   5.0239276e-01   6.6984780e-02   4.3062246e-01
   5.1136362e-01   2.3863630e-01   2.5000008e-01
   8.9999813e-01   1.0000187e-01   0.0000000e+00
   4.4827665e-01   1.7241235e-01   3.7931100e-01
   4.6666656e-01   5.3333344e-01   0.0000000e+00
   1.0343058e-04   6.2062544e-01   3.7927113e-01
   1.0344811e-01   3.4482360e-01   5.5172829e-01
   3.4479200e-01   1.0333688e-04   6.5510466e-01
   6.8181995e-01   6.8179969e-02   2.5000008e-01
   3.2142185e-01   4.2857807e-01   2.5000008e-01
   6.0000063e-01   3.9999937e-01   0.0000000e+00
   7.4989768e-01   1.0224131e-04   2.5000008e-01
   5.6666662e-01   4.3333338e-01   0.0000000e+00
   9.9999969e-02   9.0000003e-01   0.0000000e+00
   6.2062546e-01   1.0340535e-04   3.7927113e-01
   2.0689654e-01   6.8965489e-02   7.2413797e-01
   9.3333310e-01   6.6666899e-02   0.0000000e+00
   3.4482802e-01   1.7241276e-01   4.8275922e-01
   2.7583320e-01   1.0342539e-04   7.2406337e-01
   3.4482759e-01   3.4482759e-01   3.1034483e-01
   1.3791079e-01   5.5178972e-01   3.1029950e-01
   6.6666740e-02   6.6666740e-02   8.6666652e-01
   6.8964628e-02   4.1379350e-01   5.1724187e-01
   9.6666774e-01   3.3332256e-02   0.0000000e+00
   4.1379341e-01   2.4137876e-01   3.4482783e-01
   1.3333469e-01   1.3333469e-01   7.3333063e-01
   2.0689608e-01   3.4482907e-01   4.4827485e-01
   2.5000008e-01   4.9999984e-01   2.5000008e-01
   6.6666887e-02   9.3333311e-01   0.0000000e+00
   4.1379312e-01   1.3793099e-01   4.4827588e-01
   6.6666668e-02   1.3333334e-01   8.0000000e-01
   2.7586242e-01   6.8964350e-02   6.5517323e-01
   3.3332952e-02   9.6666705e-01   0.0000000e+00
   3.4477304e-02   6.8965909e-01   2.7586360e-01
   7.6923453e-01   2.3076547e-01   0.0000000e+00
   1.0344255e-01   5.1724469e-01   3.7931276e-01
   5.5172686e-01   1.7241275e-01   2.7586040e-01
   2.0689655e-01   4.1379310e-01   3.7931034e-01
   1.7241379e-01   1.7241379e-01   6.5517241e-01
   1.3792782e-01   3.7932485e-01   4.8274733e-01
   4.6423872e-01   1.0041825e-04   5.3566087e-01
   4.8277764e-01   2.0688894e-01   3.1033342e-01
   6.5517414e-01   3.4480221e-02   3.1034564e-01
   2.4137923e-01   2.7586210e-01   4.8275867e-01
   1.0344874e-01   2.0689752e-01   6.8965374e-01
   1.9997983e-01   9.9854937e-05   7.9992031e-01
   1.3331955e-01   9.9703088e-05   8.6658075e-01
   5.5166707e-01   1.0338566e-04   4.4822954e-01
   2.4137735e-01   4.4828031e-01   3.1034234e-01
   3.1034490e-01   1.0344826e-01   5.8620683e-01
   6.8965496e-02   6.2068967e-01   3.1034483e-01
   3.4482935e-01   2.7585838e-01   3.7931227e-01
   1.0343696e-04   2.7583319e-01   7.2406337e-01
   3.7931171e-01   3.4481375e-02   5.8620692e-01
   2.7586077e-01   3.1034808e-01   4.1379115e-01
   3.4482747e-02   3.1034483e-01   6.5517242e-01
   3.4481771e-02   5.5172472e-01   4.1379351e-01
   6.4285724e-01   3.5714276e-01   0.0000000e+00
   3.1034419e-01   2.4137985e-01   4.4827595e-01
   1.3793103e-01   2.7586207e-01   5.8620690e-01
   2.7586261e-01   2.0689516e-01   5.1724223e-01
   5.8620702e-01   6.8965324e-02   3.4482766e-01
   9.8549332e-05   1.6664928e-01   8.3325218e-01
   9.8449235e-05   9.9984803e-02   8.9991675e-01
   4.4826776e-01   2.7586633e-01   2.7586591e-01
   6.6660358e-02   6.2890203e-05   9.3327675e-01
   9.3788827e-05   9.8900953e-05   9.9980731e-01
