   1.0332559e-04   3.7927625e-01   6.2062043e-01
   1.0344692e-01   1.3793003e-01   7.5862305e-01
   6.6668219e-02   9.3333178e-01   0.0000000e+00
   1.0001351e-01   8.9998649e-01   0.0000000e+00
   8.5714875e-01   1.4285125e-01   0.0000000e+00
   5.5555728e-01   4.4444272e-01   0.0000000e+00
   2.0689599e-01   4.1379340e-01   3.7931061e-01
   1.0334106e-04   4.4822949e-01   5.5166717e-01
   1.0047119e-04   5.7137261e-01   4.2852692e-01
   3.0769246e-01   6.9230754e-01   0.0000000e+00
   7.3333479e-01   2.6666521e-01   0.0000000e+00
   1.3792919e-01   6.8964580e-02   7.9310623e-01
   3.9999984e-01   6.0000016e-01   0.0000000e+00
   5.8614622e-01   1.0342300e-04   4.1375035e-01
   1.3636333e-01   6.1363667e-01   2.5000000e-01
   3.4482708e-01   3.1034507e-01   3.4482785e-01
   7.6667240e-01   2.3332760e-01   0.0000000e+00
   5.5177533e-01   1.7239410e-01   2.7583057e-01
   9.6667386e-01   3.3326136e-02   0.0000000e+00
   3.4489872e-01   1.0343701e-01   5.5166426e-01
   3.9281785e-01   1.0088459e-04   6.0708126e-01
   3.3330053e-02   9.6666995e-01   0.0000000e+00
   1.0207659e-04   7.4989792e-01   2.5000000e-01
   1.0322561e-04   5.1718755e-01   4.8270923e-01
   2.4137930e-01   4.4827589e-01   3.1034481e-01
   2.0686029e-01   5.1732589e-01   2.7581381e-01
   8.0769239e-01   1.9230761e-01   0.0000000e+00
   2.3333162e-01   7.6666838e-01   0.0000000e+00
   9.9990044e-01   9.9564184e-05   0.0000000e+00
   5.1136412e-01   2.3863588e-01   2.5000000e-01
   1.7241148e-01   4.8275997e-01   3.4482855e-01
   1.0344652e-01   3.4482774e-01   5.5172574e-01
   4.1379392e-01   2.7586168e-01   3.1034439e-01
   6.8965328e-02   3.1034483e-01   6.2068984e-01
   1.3792167e-01   3.7935276e-01   4.8272557e-01
   1.0344492e-01   2.4138013e-01   6.5517495e-01
   1.0310406e-04   6.8958413e-01   3.1031277e-01
   1.7241495e-01   3.1034742e-01   5.1723763e-01
   4.4317874e-01   3.0682126e-01   2.5000000e-01
   9.3333294e-01   6.6667063e-02   0.0000000e+00
   6.1364433e-01   1.3635567e-01   2.5000000e-01
   4.6661982e-01   9.9948650e-05   5.3328023e-01
   1.3791781e-01   4.4828283e-01   4.1379935e-01
   5.5172422e-01   6.8965224e-02   3.7931055e-01
   2.0689628e-01   1.0344812e-01   6.8965560e-01
   6.8956731e-02   4.8276401e-01   4.4827926e-01
   3.1031232e-01   1.0340907e-04   6.8958427e-01
   2.6666684e-01   7.3333316e-01   0.0000000e+00
   1.3792772e-01   5.5173402e-01   3.1033826e-01
   6.8955553e-02   2.0687275e-01   7.2417169e-01
   4.4827648e-01   1.3792993e-01   4.1379359e-01
   4.3333223e-01   5.6666777e-01   0.0000000e+00
   3.4471910e-02   6.2069662e-01   3.4483147e-01
   5.8000223e-01   3.8760278e-01   3.3045476e-02
   7.4989853e-01   1.0146642e-04   2.5000000e-01
   4.8275867e-01   2.0689648e-01   3.1034485e-01
   3.4483629e-01   2.4137609e-01   4.1378762e-01
   2.4137854e-01   2.7586206e-01   4.8275940e-01
   3.5714248e-01   6.4285752e-01   0.0000000e+00
   6.2069022e-01   6.8964673e-02   3.1034511e-01
   3.1034545e-01   2.0689627e-01   4.8275828e-01
   6.4285807e-01   3.5714193e-01   0.0000000e+00
   6.5510475e-01   1.0343479e-04   3.4479182e-01
   1.4284995e-01   8.5715005e-01   0.0000000e+00
   6.8962574e-02   4.1379975e-01   5.1723768e-01
   9.9990143e-02   9.9943488e-05   8.9990991e-01
   1.0307208e-04   2.0687461e-01   7.9302231e-01
   4.6667016e-01   5.3332984e-01   0.0000000e+00
   2.7586154e-01   1.3793074e-01   5.8620772e-01
   5.1724454e-01   4.8275546e-01   0.0000000e+00
   9.0000118e-01   9.9998817e-02   0.0000000e+00
   5.1724252e-01   1.3792903e-01   3.4482845e-01
   6.8965204e-02   6.5517300e-01   2.7586180e-01
   1.7240977e-01   1.7241495e-01   6.5517528e-01
   1.7240560e-01   2.4138134e-01   5.8621306e-01
   5.1725159e-01   3.4463314e-02   4.4828510e-01
   2.7586189e-01   3.7931044e-01   3.4482766e-01
   2.4137583e-01   2.0689669e-01   5.5172748e-01
   4.3061373e-01   6.6987463e-02   5.0239881e-01
   3.2142750e-01   4.2857250e-01   2.5000000e-01
   1.0344774e-01   5.1724169e-01   3.7931057e-01
   2.4135462e-01   1.0309259e-04   7.5854229e-01
   1.9230793e-01   8.0769207e-01   0.0000000e+00
   2.0689727e-01   3.4482717e-01   4.4827556e-01
   9.9865725e-05   9.9990013e-01   0.0000000e+00
   6.8965998e-01   3.1034002e-01   0.0000000e+00
   1.0341065e-04   3.1031232e-01   6.8958427e-01
   2.7586172e-01   3.1034571e-01   4.1379256e-01
   2.7586161e-01   6.8964797e-02   6.5517359e-01
   2.5000027e-01   4.9999973e-01   2.5000000e-01
   3.7931025e-01   3.4482795e-01   2.7586180e-01
   4.1379298e-01   2.0689645e-01   3.7931057e-01
   3.7930963e-01   1.7241308e-01   4.4827729e-01
   1.6664746e-01   9.5120658e-05   8.3325742e-01
   6.0248437e-01   2.9600744e-01   1.0433210e-01
   6.8965745e-01   3.4480730e-02   2.7586182e-01
   9.7245043e-05   9.3288505e-05   9.9980947e-01
   6.6667591e-02   1.0000145e-01   8.3333095e-01
   5.4391243e-05   6.6653956e-02   9.3329165e-01
   9.9365664e-05   1.3334786e-01   8.6655277e-01
