   7.6667034e-01   2.3332966e-01   0.0000000e+00
   3.4482757e-01   6.5517243e-01   0.0000000e+00
   1.4285430e-01   8.5714570e-01   0.0000000e+00
   2.3331480e-01   9.9686648e-05   7.6658551e-01
   2.3332977e-01   7.6667023e-01   0.0000000e+00
   9.9990029e-01   9.9708511e-05   0.0000000e+00
   1.0122679e-04   3.5708346e-01   6.4281532e-01
   2.0689640e-01   2.4137888e-01   5.5172472e-01
   2.6666203e-01   7.3333797e-01   0.0000000e+00
   2.4137889e-01   1.7241320e-01   5.8620791e-01
   6.6666677e-01   3.3333323e-01   0.0000000e+00
   5.3565988e-01   1.0016330e-04   4.6423996e-01
   1.6666800e-01   3.0000265e-01   5.3332935e-01
   1.0000361e-01   8.9999639e-01   0.0000000e+00
   9.9533702e-05   9.9990047e-01   0.0000000e+00
   1.0339994e-04   4.4822951e-01   5.5166709e-01
   3.7930964e-01   1.3793078e-01   4.8275958e-01
   2.7586268e-01   3.4482614e-01   3.7931118e-01
   9.6666477e-01   3.3335225e-02   0.0000000e+00
   1.3793374e-01   4.1379069e-01   4.4827557e-01
   1.3333410e-01   1.0000142e-01   7.6666448e-01
   1.0336770e-04   3.1031249e-01   6.8958415e-01
   1.9230698e-01   8.0769302e-01   0.0000000e+00
   4.1379281e-01   1.7241298e-01   4.1379421e-01
   9.3333333e-01   6.6666670e-02   0.0000000e+00
   3.9285774e-01   6.0714226e-01   0.0000000e+00
   1.0331255e-04   2.0686046e-01   7.9303623e-01
   3.3333940e-02   9.6666606e-01   0.0000000e+00
   3.4482778e-02   5.8620666e-01   3.7931056e-01
   4.6666764e-01   1.0000578e-01   4.3332658e-01
   6.9999998e-01   3.0000002e-01   0.0000000e+00
   6.6667093e-02   9.3333291e-01   0.0000000e+00
   7.3333333e-01   2.6666667e-01   0.0000000e+00
   3.4487067e-01   6.8960818e-02   5.8616851e-01
   3.1034584e-01   1.7241367e-01   5.1724049e-01
   3.7927115e-01   1.0320214e-04   6.2062564e-01
   3.1031254e-01   1.0331322e-04   6.8958415e-01
   3.0000024e-01   6.9999976e-01   0.0000000e+00
   2.0689237e-01   6.8963437e-02   7.2414419e-01
   8.0769322e-01   1.9230678e-01   0.0000000e+00
   1.7240701e-01   2.0689809e-01   6.2069491e-01
   3.4475449e-02   3.7931309e-01   5.8621146e-01
   1.0208106e-04   7.4989791e-01   2.5000001e-01
   5.6666536e-01   4.3333464e-01   0.0000000e+00
   4.2766015e-01   3.3666146e-02   5.3867370e-01
   4.3333432e-01   5.6666568e-01   0.0000000e+00
   1.0344804e-01   2.0689611e-01   6.8965586e-01
   5.7954341e-01   1.7045658e-01   2.5000001e-01
   5.1723820e-01   2.0689793e-01   2.7586388e-01
   4.8148137e-01   5.1851863e-01   0.0000000e+00
   1.0344842e-01   2.7586180e-01   6.2068979e-01
   1.7241053e-01   4.4827764e-01   3.7931183e-01
   1.0040397e-04   5.3566018e-01   4.6423942e-01
   9.9999443e-02   6.6666263e-02   8.3333429e-01
   6.3333444e-01   3.6666556e-01   0.0000000e+00
   4.4827773e-01   2.4137680e-01   3.1034547e-01
   6.0000012e-01   3.9999988e-01   0.0000000e+00
   5.8620727e-01   3.4482159e-02   3.7931058e-01
   3.4482837e-01   3.1034326e-01   3.4482837e-01
   8.5714396e-01   1.4285604e-01   0.0000000e+00
   6.8182248e-01   6.8177505e-02   2.5000001e-01
   1.0344879e-01   5.8620574e-01   3.1034547e-01
   2.4137968e-01   4.1379226e-01   3.4482807e-01
   1.3791906e-01   5.1724859e-01   3.4483235e-01
   3.4476432e-02   2.4137937e-01   7.2414419e-01
   4.2857399e-01   3.2142600e-01   2.5000001e-01
   2.0689694e-01   3.7930886e-01   4.1379420e-01
   2.0454580e-01   5.4545419e-01   2.5000001e-01
   5.5172512e-01   1.0344669e-01   3.4482820e-01
   5.3333300e-01   4.6666700e-01   0.0000000e+00
   3.7930792e-01   3.4483028e-01   2.7586181e-01
   2.4137931e-01   4.8275847e-01   2.7586222e-01
   7.4989796e-01   1.0202603e-04   2.5000001e-01
   1.3636157e-01   6.1363842e-01   2.5000001e-01
   6.5510465e-01   1.0342327e-04   3.4479193e-01
   1.6665090e-01   9.3985921e-05   8.3325512e-01
   3.4482980e-01   2.0689465e-01   4.4827556e-01
   4.8276147e-01   1.7240892e-01   3.4482960e-01
   3.2142544e-01   4.2857455e-01   2.5000001e-01
   4.8271279e-01   1.0342297e-04   5.1718378e-01
   1.7241414e-01   1.3792994e-01   6.8965592e-01
   7.4073222e-05   9.9989059e-02   8.9993687e-01
   6.2069025e-01   1.0344745e-01   2.7586230e-01
   6.8961176e-02   4.4827515e-01   4.8276368e-01
   1.0344451e-01   3.4484810e-01   5.5170739e-01
   2.7586138e-01   2.4137903e-01   4.8275958e-01
   2.7586271e-01   1.0344772e-01   6.2068957e-01
   3.7931313e-01   2.4137388e-01   3.7931299e-01
   6.6667724e-02   1.3333547e-01   7.9999681e-01
   1.0343723e-04   6.5510463e-01   3.4479193e-01
   3.1034324e-01   3.7931136e-01   3.1034540e-01
   9.9991692e-02   7.1440130e-05   8.9993687e-01
   3.4478027e-02   6.8965826e-01   2.7586372e-01
   8.9999034e-01   1.0000966e-01   0.0000000e+00
   9.2037195e-05   9.9903046e-05   9.9980806e-01
   3.3314990e-02   3.3314240e-02   9.3337077e-01
   2.4138136e-01   3.1034212e-01   4.4827652e-01
   3.1034176e-01   2.7586329e-01   4.1379494e-01
   1.7241345e-01   3.4482696e-01   4.8275958e-01
   1.0344581e-01   4.8275995e-01   4.1379423e-01
