   4.3333392e-01   5.6666608e-01   0.0000000e+00
   8.1481749e-01   1.8518251e-01   0.0000000e+00
   9.6666741e-01   3.3332594e-02   0.0000000e+00
   6.8000032e-01   3.1999968e-01   0.0000000e+00
   1.4285203e-01   8.5714797e-01   0.0000000e+00
   6.8965243e-02   3.1034493e-01   6.2068983e-01
   6.6664512e-02   9.3333549e-01   0.0000000e+00
   5.4545254e-01   2.0454730e-01   2.5000016e-01
   9.3333326e-01   6.6666740e-02   0.0000000e+00
   2.6666747e-01   7.3333253e-01   0.0000000e+00
   1.3333390e-01   1.6666721e-01   6.9999889e-01
   7.4989760e-01   1.0224682e-04   2.5000016e-01
   6.8967365e-02   6.5516320e-01   2.7586944e-01
   1.0341749e-04   3.4479203e-01   6.5510455e-01
   6.2070398e-01   6.8962907e-02   3.1033312e-01
   3.2142868e-01   4.2857116e-01   2.5000016e-01
   1.0214466e-04   7.4989770e-01   2.5000016e-01
   1.0344219e-01   3.4486581e-01   5.5169200e-01
   3.1034414e-01   1.3793039e-01   5.5172547e-01
   1.7241353e-01   3.7931046e-01   4.4827600e-01
   3.7927106e-01   1.0329288e-04   6.2062564e-01
   1.3636313e-01   6.1363672e-01   2.5000016e-01
   2.0454438e-01   5.4545546e-01   2.5000016e-01
   3.3333827e-02   1.6667299e-01   7.9999319e-01
   6.8958386e-01   1.0341704e-04   3.1031273e-01
   4.2857306e-01   3.2142678e-01   2.5000016e-01
   7.6922940e-01   2.3077060e-01   0.0000000e+00
   3.4483041e-02   4.4827133e-01   5.1724563e-01
   3.1034564e-01   2.4137732e-01   4.4827704e-01
   3.4480876e-02   5.8620804e-01   3.7931108e-01
   1.6667456e-01   1.0000451e-01   7.3332092e-01
   4.8148223e-01   5.1851777e-01   0.0000000e+00
   3.3330353e-02   9.6666965e-01   0.0000000e+00
   3.3332954e-02   2.6666815e-01   6.9999889e-01
   3.7931071e-01   1.0344743e-01   5.1724186e-01
   8.9999999e-01   1.0000001e-01   0.0000000e+00
   7.3076933e-01   2.6923067e-01   0.0000000e+00
   8.6207117e-01   1.3792883e-01   0.0000000e+00
   1.3793108e-01   2.7586181e-01   5.8620711e-01
   3.1034482e-01   3.4482759e-02   6.5517243e-01
   3.0000018e-01   6.9999982e-01   0.0000000e+00
   1.0000396e-01   1.3333848e-01   7.6665756e-01
   5.6661199e-01   9.9923475e-05   4.3328809e-01
   5.3333052e-01   4.6666948e-01   0.0000000e+00
   2.7586260e-01   2.0689501e-01   5.1724238e-01
   9.9725107e-05   9.9990027e-01   0.0000000e+00
   4.4827623e-01   1.7241311e-01   3.7931066e-01
   5.6666603e-01   4.3333397e-01   0.0000000e+00
   3.9285745e-01   6.0714255e-01   0.0000000e+00
   3.4483098e-01   6.5516902e-01   0.0000000e+00
   1.0340184e-04   2.4134197e-01   7.5855462e-01
   6.8964353e-02   4.8275922e-01   4.4827642e-01
   2.4138100e-01   3.1034413e-01   4.4827487e-01
   5.8620776e-01   3.4481338e-02   3.7931090e-01
   6.4772794e-01   1.0227190e-01   2.5000016e-01
   2.0689671e-01   2.7586202e-01   5.1724127e-01
   2.4137669e-01   1.7241439e-01   5.8620892e-01
   9.9990006e-01   9.9942098e-05   0.0000000e+00
   5.8620417e-01   1.3793194e-01   2.7586389e-01
   6.0000017e-01   3.9999983e-01   0.0000000e+00
   4.6424231e-01   1.0039233e-04   5.3565729e-01
   1.0000451e-01   6.6669624e-02   8.3332587e-01
   4.8277408e-01   2.0689035e-01   3.1033557e-01
   6.3333452e-01   3.6666548e-01   0.0000000e+00
   1.0338506e-04   6.5510465e-01   3.4479197e-01
   2.4137410e-01   6.8963945e-02   6.8966196e-01
   1.9230686e-01   8.0769314e-01   0.0000000e+00
   1.0000423e-01   8.9999577e-01   0.0000000e+00
   3.1034363e-01   3.7931263e-01   3.1034374e-01
   1.0344789e-01   5.5172437e-01   3.4482774e-01
   2.7583066e-01   1.0330372e-04   7.2406604e-01
   4.4827875e-01   2.7586062e-01   2.7586063e-01
   3.5720498e-01   2.8558989e-01   3.5720513e-01
   1.0344830e-01   2.4137915e-01   6.5517255e-01
   2.3333227e-01   7.6666773e-01   0.0000000e+00
   3.3337163e-02   6.6674240e-02   8.9998860e-01
   1.7241283e-01   5.1724200e-01   3.1034517e-01
   1.3793076e-01   4.4828020e-01   4.1378904e-01
   3.1033751e-01   3.1034812e-01   3.7931437e-01
   3.7931142e-01   3.4482699e-01   2.7586159e-01
   4.1379123e-01   2.4138038e-01   3.4482839e-01
   1.0044611e-04   4.2852872e-01   5.7137083e-01
   2.4137947e-01   4.8275831e-01   2.7586223e-01
   9.9475812e-05   1.3332045e-01   8.6658007e-01
   2.0689657e-01   1.3793095e-01   6.5517248e-01
   1.3331997e-01   9.9962193e-05   8.6658007e-01
   2.0687431e-01   1.0341017e-04   7.9302228e-01
   9.9957844e-05   5.3328007e-01   4.6661997e-01
   1.0344708e-01   4.1379440e-01   4.8275852e-01
   5.0119133e-01   3.3410561e-02   4.6539811e-01
   4.1379757e-01   1.3792998e-01   4.4827245e-01
   3.4482903e-01   6.8961727e-02   5.8620924e-01
   1.7241249e-01   2.0689689e-01   6.2069062e-01
   3.4482696e-01   1.7241452e-01   4.8275852e-01
   3.7930953e-01   2.0688949e-01   4.1380098e-01
   2.0690791e-01   4.4824574e-01   3.4484634e-01
   6.6661480e-02   7.6013031e-05   9.3326251e-01
   9.7728978e-05   9.5828864e-05   9.9980644e-01
   5.3932625e-01   1.0112442e-01   3.5954933e-01
   2.4137725e-01   3.7931142e-01   3.7931133e-01
