   3.3409610e-02   5.0119216e-01   4.6539823e-01
   2.7586204e-01   2.4137930e-01   4.8275866e-01
   1.0336360e-04   3.1030997e-01   6.8958666e-01
   2.6666192e-01   3.3333506e-02   7.0000458e-01
   1.3793079e-01   5.5172493e-01   3.1034428e-01
   5.3333332e-01   4.6666668e-01   0.0000000e+00
   6.6667006e-02   1.6666752e-01   7.6666548e-01
   2.0689553e-01   2.7586287e-01   5.1724160e-01
   9.9964043e-05   9.9990004e-01   0.0000000e+00
   3.3328726e-02   9.6667127e-01   0.0000000e+00
   3.4480864e-02   6.8965748e-01   2.7586165e-01
   4.6666825e-01   5.3333175e-01   0.0000000e+00
   1.3793079e-01   8.6206921e-01   0.0000000e+00
   2.8571528e-01   4.6428470e-01   2.5000002e-01
   2.3077052e-01   7.6922948e-01   0.0000000e+00
   2.7586082e-01   1.7241270e-01   5.5172648e-01
   1.3332765e-01   9.9749161e-05   8.6657260e-01
   5.6666606e-01   4.3333394e-01   0.0000000e+00
   1.7241275e-01   4.8275923e-01   3.4482802e-01
   6.2062548e-01   1.0341731e-04   3.7927110e-01
   2.0689657e-01   2.0689650e-01   5.8620694e-01
   1.8518513e-01   8.1481487e-01   0.0000000e+00
   6.0000000e-01   4.0000000e-01   0.0000000e+00
   3.9285790e-01   6.0714210e-01   0.0000000e+00
   6.8958382e-01   1.0340926e-04   3.1031277e-01
   8.6206981e-01   1.3793019e-01   0.0000000e+00
   1.0343350e-04   3.7927135e-01   6.2062522e-01
   3.1034439e-01   2.7586224e-01   4.1379337e-01
   1.0344704e-01   5.1724209e-01   3.7931086e-01
   7.3333232e-01   2.6666768e-01   0.0000000e+00
   6.4285852e-01   3.5714148e-01   0.0000000e+00
   3.4479184e-01   1.0341658e-04   6.5510474e-01
   9.6666674e-01   3.3333263e-02   0.0000000e+00
   8.1481484e-01   1.8518516e-01   0.0000000e+00
   5.0000009e-01   4.9999991e-01   0.0000000e+00
   3.4482886e-01   6.5517114e-01   0.0000000e+00
   2.0689751e-01   4.1379040e-01   3.7931210e-01
   9.9967947e-05   1.9998081e-01   7.9991922e-01
   1.3793125e-01   2.4137810e-01   6.2069065e-01
   4.3333586e-01   5.6666414e-01   0.0000000e+00
   2.0000210e-01   6.6662986e-02   7.3333492e-01
   8.9999994e-01   1.0000006e-01   0.0000000e+00
   2.6666590e-01   7.3333410e-01   0.0000000e+00
   1.0334065e-04   6.5510474e-01   3.4479191e-01
   5.1724142e-01   1.0344821e-01   3.7931037e-01
   2.7586172e-01   3.4482775e-01   3.7931053e-01
   9.9990006e-01   9.9935549e-05   0.0000000e+00
   2.3331003e-01   9.9953826e-05   7.6659002e-01
   6.8964807e-02   3.7930872e-01   5.5172648e-01
   3.4482582e-01   2.0689711e-01   4.4827707e-01
   6.8965488e-02   2.7586196e-01   6.5517255e-01
   1.0080096e-04   5.7137153e-01   4.2852767e-01
   4.1379374e-01   1.7241253e-01   4.1379373e-01
   6.6666607e-02   3.3333049e-02   9.0000034e-01
   4.1379310e-01   2.7586207e-01   3.1034483e-01
   6.6664913e-02   1.0000071e-01   8.3333438e-01
   5.5172417e-01   1.3793099e-01   3.1034484e-01
   6.6665656e-02   9.3333434e-01   0.0000000e+00
   1.3792852e-01   1.3792847e-01   7.2414302e-01
   4.1383001e-01   1.0344175e-01   4.8272824e-01
   4.8276013e-01   2.4137822e-01   2.7586165e-01
   2.4137927e-01   3.1034485e-01   4.4827588e-01
   3.9285916e-01   3.5714082e-01   2.5000002e-01
   9.3333370e-01   6.6666296e-02   0.0000000e+00
   1.7241375e-01   1.7241370e-01   6.5517255e-01
   3.4482874e-01   3.1034252e-01   3.4482874e-01
   9.9927706e-05   9.9990191e-02   8.9990988e-01
   5.5166685e-01   1.0343343e-04   4.4822971e-01
   4.6424345e-01   1.0042678e-04   5.3565612e-01
   1.7240315e-01   3.7934863e-01   4.4824822e-01
   3.7980875e-01   3.4455027e-02   5.8573622e-01
   3.1034472e-01   3.7931056e-01   3.1034472e-01
   3.4479487e-02   2.4137750e-01   7.2414302e-01
   2.4137927e-01   1.0344818e-01   6.5517255e-01
   1.3793097e-01   3.4482743e-01   5.1724160e-01
   6.4772599e-01   1.0227399e-01   2.5000002e-01
   1.0344827e-01   4.1379308e-01   4.8275866e-01
   1.0227009e-01   6.4772989e-01   2.5000002e-01
   1.6666744e-01   3.3333465e-02   7.9999910e-01
   6.9230734e-01   3.0769266e-01   0.0000000e+00
   3.1034454e-01   6.8964813e-02   6.2069065e-01
   5.8620775e-01   6.8964159e-02   3.4482809e-01
   1.0039584e-04   4.6424348e-01   5.3565612e-01
   7.4989775e-01   1.0223419e-04   2.5000002e-01
   1.3792769e-01   4.4827760e-01   4.1379471e-01
   3.0000299e-01   6.9999701e-01   0.0000000e+00
   1.0344392e-01   3.1034635e-01   5.8620973e-01
   1.7045707e-01   5.7954291e-01   2.5000002e-01
   6.8965445e-02   5.8620695e-01   3.4482760e-01
   7.6923050e-01   2.3076950e-01   0.0000000e+00
   1.0225090e-04   7.4989773e-01   2.5000002e-01
   4.8276084e-01   6.8961235e-02   4.4827792e-01
   3.4482807e-01   1.3793033e-01   5.1724160e-01
   2.0689624e-01   5.1724211e-01   2.7586165e-01
   3.7931081e-01   2.4137853e-01   3.7931066e-01
   2.4137977e-01   4.4827495e-01   3.1034527e-01
   4.4827495e-01   2.0689691e-01   3.4482814e-01
   5.3571526e-01   2.1428472e-01   2.5000002e-01
   9.9999652e-02   9.0000035e-01   0.0000000e+00
   9.0941253e-05   9.8666248e-05   9.9981039e-01
