   3.4090973e-01   4.0908999e-01   2.5000027e-01
   1.3333508e-01   1.3333508e-01   7.3332985e-01
   5.6666926e-01   4.3333074e-01   0.0000000e+00
   9.3333561e-01   6.6664391e-02   0.0000000e+00
   1.7241259e-01   5.5172494e-01   2.7586247e-01
   1.4285362e-01   8.5714638e-01   0.0000000e+00
   1.3793424e-01   4.8274660e-01   3.7931915e-01
   5.5172364e-01   1.7241398e-01   2.7586237e-01
   3.4482888e-01   6.5517112e-01   0.0000000e+00
   8.0770020e-01   1.9229980e-01   0.0000000e+00
   3.0000418e-01   6.9999582e-01   0.0000000e+00
   3.1034022e-01   1.0344897e-01   5.8621081e-01
   9.6667557e-01   3.3324434e-02   0.0000000e+00
   4.4827717e-01   2.0689424e-01   3.4482859e-01
   3.7931247e-01   2.4137512e-01   3.7931240e-01
   6.8939373e-02   6.2083329e-01   3.1022734e-01
   8.5714287e-01   1.4285713e-01   0.0000000e+00
   2.6667043e-01   7.3332957e-01   0.0000000e+00
   9.9990025e-01   9.9745662e-05   0.0000000e+00
   2.7584903e-01   1.7241695e-01   5.5173401e-01
   9.9325368e-05   9.9990067e-01   0.0000000e+00
   3.3332998e-02   9.6666700e-01   0.0000000e+00
   7.3076750e-01   2.6923250e-01   0.0000000e+00
   6.6982955e-02   4.3064704e-01   5.0237000e-01
   3.9285719e-01   6.0714281e-01   0.0000000e+00
   4.8148081e-01   5.1851919e-01   0.0000000e+00
   3.7931098e-01   6.8963956e-02   5.5172507e-01
   3.1031376e-01   1.0337821e-04   6.8958286e-01
   2.3332517e-01   7.6667483e-01   0.0000000e+00
   7.6666820e-01   2.3333180e-01   0.0000000e+00
   1.9229860e-01   8.0770140e-01   0.0000000e+00
   1.3635847e-01   6.1364126e-01   2.5000027e-01
   5.5166710e-01   1.0320997e-04   4.4822969e-01
   3.7931180e-01   1.7241058e-01   4.4827761e-01
   3.9285829e-01   3.5714143e-01   2.5000027e-01
   1.0310933e-04   4.4822988e-01   5.5166701e-01
   3.1034295e-01   2.4138410e-01   4.4827295e-01
   2.0689707e-01   3.7931013e-01   4.1379280e-01
   6.4285581e-01   3.5714419e-01   0.0000000e+00
   1.0026091e-01   4.6786151e-01   4.3187758e-01
   3.1034709e-01   3.7930909e-01   3.1034382e-01
   2.4137683e-01   3.1034547e-01   4.4827770e-01
   2.7586215e-01   3.4482738e-01   3.7931046e-01
   5.0000038e-01   2.4999934e-01   2.5000027e-01
   4.6423847e-01   1.0037327e-04   5.3566115e-01
   2.4137946e-01   2.4137946e-01   5.1724109e-01
   4.1379624e-01   1.0344563e-01   4.8275813e-01
   2.0689753e-01   4.4827327e-01   3.4482921e-01
   2.7586235e-01   6.8963300e-02   6.5517435e-01
   1.0025394e-04   5.3565602e-01   4.6424372e-01
   3.4482841e-01   1.3792897e-01   5.1724262e-01
   1.6667204e-01   6.6667657e-02   7.6666031e-01
   2.4137143e-01   1.3793338e-01   6.2069519e-01
   5.3333221e-01   4.6666779e-01   0.0000000e+00
   2.0000380e-01   1.0000156e-01   6.9999464e-01
   6.0000011e-01   3.9999989e-01   0.0000000e+00
   9.9998571e-02   9.0000143e-01   0.0000000e+00
   1.0222909e-04   7.4989750e-01   2.5000027e-01
   1.0321252e-04   3.1031393e-01   6.8958286e-01
   4.1379379e-01   2.7586240e-01   3.1034382e-01
   2.7586980e-01   4.4826704e-01   2.7586316e-01
   1.0344536e-01   3.1034532e-01   5.8620931e-01
   4.8275985e-01   6.8964661e-02   4.4827549e-01
   4.3333427e-01   1.3333431e-01   4.3333142e-01
   4.8275489e-01   1.3793203e-01   3.7931308e-01
   8.9999355e-01   1.0000645e-01   0.0000000e+00
   4.3333481e-01   5.6666519e-01   0.0000000e+00
   5.5172358e-01   1.0344835e-01   3.4482806e-01
   1.3792736e-01   2.4138129e-01   6.2069134e-01
   6.1363129e-01   1.3636843e-01   2.5000027e-01
   6.8965667e-01   3.1034333e-01   0.0000000e+00
   1.0331813e-04   6.5510475e-01   3.4479193e-01
   1.0304343e-04   3.7927129e-01   6.2062567e-01
   1.0343693e-01   5.5173386e-01   3.4482921e-01
   1.7240846e-01   2.7586375e-01   5.5172779e-01
   3.4482535e-01   3.1034606e-01   3.4482859e-01
   6.6666271e-02   9.3333373e-01   0.0000000e+00
   1.6664605e-01   7.5261854e-05   8.3327869e-01
   1.7241459e-01   3.4482728e-01   4.8275813e-01
   5.8620735e-01   3.4482002e-02   3.7931064e-01
   3.4482090e-02   1.7241056e-01   7.9310735e-01
   3.4467116e-02   5.8621837e-01   3.7931452e-01
   2.4135426e-01   1.0340004e-04   7.5854234e-01
   1.0344758e-01   3.7931012e-01   5.1724230e-01
   1.0000053e-01   1.9999996e-01   6.9999951e-01
   7.4989826e-01   1.0146583e-04   2.5000027e-01
   6.8964333e-02   2.7586132e-01   6.5517435e-01
   1.0000004e-01   6.6666665e-02   8.3333329e-01
   1.0305918e-04   2.4134980e-01   7.5854714e-01
   2.4396088e-01   5.0603884e-01   2.5000027e-01
   3.7927094e-01   1.0339745e-04   6.2062566e-01
   3.4477277e-02   6.8965957e-01   2.7586315e-01
   6.5510468e-01   1.0322638e-04   3.4479209e-01
   6.5517959e-01   6.8957536e-02   2.7586288e-01
   4.4915642e-05   9.9991784e-02   8.9996330e-01
   1.7241283e-01   1.7241282e-01   6.5517435e-01
   8.3851430e-05   1.3329911e-01   8.6661704e-01
   3.3325953e-02   3.3324003e-02   9.3335004e-01
   9.9995227e-02   3.7397497e-05   8.9996738e-01
   9.1448867e-05   9.7951197e-05   9.9981060e-01
