   3.5714688e-01   6.4285312e-01   0.0000000e+00
   6.0714318e-01   3.9285682e-01   0.0000000e+00
   8.9999983e-01   1.0000017e-01   0.0000000e+00
   3.3332174e-02   9.6666783e-01   0.0000000e+00
   8.6207150e-01   1.3792850e-01   0.0000000e+00
   3.0769251e-01   6.9230749e-01   0.0000000e+00
   9.3333442e-01   6.6665580e-02   0.0000000e+00
   1.0276601e-04   4.8270924e-01   5.1718799e-01
   2.6666801e-01   7.3333199e-01   0.0000000e+00
   3.4482914e-01   2.0689719e-01   4.4827366e-01
   5.5177472e-01   1.3791548e-01   3.1030981e-01
   4.4823000e-01   1.0322475e-04   5.5166677e-01
   4.3333186e-01   5.6666814e-01   0.0000000e+00
   1.3791935e-01   8.6208065e-01   0.0000000e+00
   1.0139170e-04   3.5710250e-01   6.4279611e-01
   9.9923258e-05   2.6664584e-01   7.3325424e-01
   9.9990007e-01   9.9926608e-05   0.0000000e+00
   3.3333846e-02   1.3333244e-01   8.3333372e-01
   1.7241366e-01   1.7241366e-01   6.5517267e-01
   6.6668521e-02   9.3333148e-01   0.0000000e+00
   5.1852925e-01   4.8147075e-01   0.0000000e+00
   4.4826251e-01   1.3793613e-01   4.1380136e-01
   9.9999578e-02   1.3333413e-01   7.6666630e-01
   1.0226623e-01   6.4773375e-01   2.5000002e-01
   1.3403031e-01   3.9690210e-01   4.6906759e-01
   5.6666756e-01   4.3333244e-01   0.0000000e+00
   5.7136535e-01   1.0068133e-04   4.2853397e-01
   3.1034398e-01   6.8965326e-02   6.2069070e-01
   9.6666725e-01   3.3332755e-02   0.0000000e+00
   4.6666633e-01   5.3333367e-01   0.0000000e+00
   3.7927379e-01   1.0321517e-04   6.2062299e-01
   1.7856620e-01   8.2143380e-01   0.0000000e+00
   1.0344699e-01   4.8275362e-01   4.1379939e-01
   4.8275959e-01   1.7241215e-01   3.4482826e-01
   3.9999863e-01   6.0000137e-01   0.0000000e+00
   1.3333349e-01   3.3333362e-02   8.3333315e-01
   6.9999753e-01   3.0000247e-01   0.0000000e+00
   1.0000042e-01   8.9999958e-01   0.0000000e+00
   2.0689561e-01   3.1034520e-01   4.8275919e-01
   2.4137937e-01   3.4481364e-02   7.2413926e-01
   6.1363635e-01   1.3636363e-01   2.5000002e-01
   1.0344342e-01   2.7586585e-01   6.2069073e-01
   4.9996539e-01   3.3335419e-02   4.6669920e-01
   3.1031175e-01   1.0329856e-04   6.8958495e-01
   9.9994769e-02   5.0916165e-05   8.9995431e-01
   6.6667876e-02   2.3334079e-01   6.9999134e-01
   1.0339854e-01   5.8640447e-01   3.1019699e-01
   2.0687145e-01   1.0337956e-04   7.9302517e-01
   2.8560840e-01   3.5737960e-01   3.5701200e-01
   1.0338029e-04   2.0687171e-01   7.9302491e-01
   2.0689296e-01   4.8276168e-01   3.1034537e-01
   6.5510484e-01   1.0324425e-04   3.4479192e-01
   3.4482529e-02   3.1034480e-01   6.5517267e-01
   7.4989779e-01   1.0219185e-04   2.5000002e-01
   2.0348799e-01   7.7431438e-01   2.3142032e-02
   2.8569990e-01   4.6430009e-01   2.5000002e-01
   9.7294630e-05   9.9987330e-02   8.9991538e-01
   2.4137933e-01   2.4137933e-01   5.1724133e-01
   7.3333348e-01   2.6666652e-01   0.0000000e+00
   3.4482702e-01   1.0344834e-01   5.5172464e-01
   2.7586317e-01   2.7586317e-01   4.4827366e-01
   1.0213848e-04   7.4989784e-01   2.5000002e-01
   7.6923038e-01   2.3076962e-01   0.0000000e+00
   6.8965480e-02   4.4827538e-01   4.8275914e-01
   3.7931093e-01   3.1034384e-01   3.1034523e-01
   8.1481246e-01   1.8518754e-01   0.0000000e+00
   9.9964347e-05   5.6661643e-01   4.3328360e-01
   1.0344672e-01   2.0689185e-01   6.8966143e-01
   9.9028702e-05   9.9990097e-01   0.0000000e+00
   5.1724136e-01   1.0344829e-01   3.7931035e-01
   6.5515933e-01   3.4484067e-01   0.0000000e+00
   2.4137650e-01   1.0344828e-01   6.5517522e-01
   2.7586188e-01   1.3793098e-01   5.8620713e-01
   3.1034480e-01   1.7241387e-01   5.1724133e-01
   1.7241305e-01   1.0344768e-01   7.2413927e-01
   3.9285940e-01   3.5714058e-01   2.5000002e-01
   1.0337678e-04   4.1375101e-01   5.8614561e-01
   1.7857008e-01   5.7142990e-01   2.5000002e-01
   3.4482951e-01   2.7585935e-01   3.7931115e-01
   1.0342006e-04   6.5510464e-01   3.4479194e-01
   3.1034473e-01   4.1379307e-01   2.7586220e-01
   5.8620566e-01   6.8965753e-02   3.4482858e-01
   6.8965654e-02   5.5172327e-01   3.7931108e-01
   2.4138418e-01   3.4481446e-01   4.1380136e-01
   6.6662439e-02   6.6662439e-02   8.6667512e-01
   2.0689643e-01   2.0689643e-01   5.8620713e-01
   3.7930898e-01   1.3793312e-01   4.8275791e-01
   4.4827611e-01   2.7586169e-01   2.7586220e-01
   4.9999994e-01   2.5000005e-01   2.5000002e-01
   4.1379306e-01   2.0689659e-01   3.7931034e-01
   1.3793107e-01   3.1034463e-01   5.5172430e-01
   2.0689362e-01   4.1379521e-01   3.7931117e-01
   5.1727147e-01   2.0687353e-01   2.7585500e-01
   6.5516637e-01   6.8961442e-02   2.7587219e-01
   4.1379573e-01   6.8959749e-02   5.1724452e-01
   3.4480394e-02   6.8965752e-01   2.7586209e-01
   6.8965375e-02   3.7931038e-01   5.5172424e-01
   9.7718968e-05   9.2785805e-05   9.9980950e-01
   1.3792469e-01   5.1724521e-01   3.4483010e-01
   3.3333713e-02   3.3333713e-02   9.3333257e-01
