   1.3792915e-01   5.1724251e-01   3.4482834e-01
   1.8518530e-01   8.1481470e-01   0.0000000e+00
   1.0224537e-04   7.4989775e-01   2.5000000e-01
   4.6429149e-01   2.8570851e-01   2.5000000e-01
   6.6666404e-02   6.6666703e-02   8.6666689e-01
   9.9990010e-01   9.9901487e-05   0.0000000e+00
   8.9999977e-01   1.0000023e-01   0.0000000e+00
   4.9999888e-01   5.0000112e-01   0.0000000e+00
   6.8000393e-01   3.1999607e-01   0.0000000e+00
   1.7241202e-01   3.4482520e-01   4.8276278e-01
   5.7955210e-01   1.7044790e-01   2.5000000e-01
   8.0769014e-01   1.9230986e-01   0.0000000e+00
   2.0689493e-01   1.3792996e-01   6.5517511e-01
   6.0000000e-01   4.0000000e-01   0.0000000e+00
   1.7240882e-01   4.4827856e-01   3.7931262e-01
   3.0769248e-01   6.9230752e-01   0.0000000e+00
   2.0687490e-01   1.0337835e-04   7.9302172e-01
   7.4989776e-01   1.0224191e-04   2.5000000e-01
   5.5555723e-01   4.4444277e-01   0.0000000e+00
   1.3333357e-01   6.6664239e-02   8.0000219e-01
   3.3329864e-02   9.6667014e-01   0.0000000e+00
   2.3863732e-01   5.1136268e-01   2.5000000e-01
   4.4827562e-01   2.0689664e-01   3.4482773e-01
   6.8965444e-02   3.1034485e-01   6.2068970e-01
   1.3636351e-01   6.1363649e-01   2.5000000e-01
   3.7930757e-01   3.4483238e-01   2.7586005e-01
   1.3792854e-01   8.6207146e-01   0.0000000e+00
   9.9904996e-05   9.9990010e-01   0.0000000e+00
   1.0343626e-04   5.5166696e-01   4.4822961e-01
   4.1379311e-01   2.7586207e-01   3.1034482e-01
   1.0000026e-01   8.9999974e-01   0.0000000e+00
   2.3076911e-01   7.6923089e-01   0.0000000e+00
   1.0023444e-01   4.3200289e-01   4.6776266e-01
   7.3076770e-01   2.6923230e-01   0.0000000e+00
   3.1034628e-01   2.7585867e-01   4.1379504e-01
   2.4138397e-01   4.1378184e-01   3.4483419e-01
   3.5714397e-01   6.4285603e-01   0.0000000e+00
   5.3565794e-01   1.0031668e-04   4.6424174e-01
   1.0344702e-01   1.7241404e-01   7.2413894e-01
   2.6666894e-01   7.3333106e-01   0.0000000e+00
   3.4482830e-01   3.1034339e-01   3.4482830e-01
   5.1723078e-01   1.0345053e-01   3.7931869e-01
   1.0344744e-01   2.4137745e-01   6.5517511e-01
   9.6666620e-01   3.3333796e-02   0.0000000e+00
   4.0000199e-01   5.9999801e-01   0.0000000e+00
   6.3333411e-01   3.6666589e-01   0.0000000e+00
   6.8177327e-02   6.8182267e-01   2.5000000e-01
   1.0344821e-01   3.4482761e-01   5.5172417e-01
   5.8620809e-01   6.8963628e-02   3.4482829e-01
   2.7585863e-01   4.4828272e-01   2.7585864e-01
   3.3333538e-02   1.3332705e-01   8.3333941e-01
   2.7586307e-01   3.4482523e-01   3.7931170e-01
   6.6666667e-02   9.3333333e-01   0.0000000e+00
   7.6666853e-01   2.3333147e-01   0.0000000e+00
   2.0689651e-01   2.4137944e-01   5.5172404e-01
   3.1034451e-01   3.7931098e-01   3.1034451e-01
   4.2852869e-01   1.0080756e-04   5.7137051e-01
   3.4090910e-01   4.0909090e-01   2.5000000e-01
   4.4827704e-01   1.0344449e-01   4.4827847e-01
   3.4481015e-02   2.4137974e-01   7.2413925e-01
   1.7241380e-01   2.0689654e-01   6.2068966e-01
   1.0343001e-04   6.2062546e-01   3.7927111e-01
   9.9975966e-05   4.3328596e-01   5.6661406e-01
   6.8182008e-01   6.8179918e-02   2.5000000e-01
   3.4480487e-02   6.5517396e-01   3.1034556e-01
   4.4444702e-01   5.5555298e-01   0.0000000e+00
   5.5172536e-01   1.3792912e-01   3.1034552e-01
   2.4137988e-01   3.4480497e-02   7.2413962e-01
   6.2062550e-01   1.0332865e-04   3.7927117e-01
   3.4481624e-02   3.7930429e-01   5.8621409e-01
   3.4482795e-01   3.4481738e-02   6.2069031e-01
   9.3333387e-01   6.6666125e-02   0.0000000e+00
   6.8958403e-01   1.0330474e-04   3.1031267e-01
   3.7931099e-01   2.4137803e-01   3.7931099e-01
   3.1034487e-01   1.3793092e-01   5.5172421e-01
   3.8004774e-01   1.0332552e-01   5.1662674e-01
   3.4482756e-01   2.0689652e-01   4.4827592e-01
   5.1724320e-01   2.0689376e-01   2.7586304e-01
   4.4828331e-01   3.4478353e-02   5.1723833e-01
   2.0689486e-01   3.7931116e-01   4.1379398e-01
   1.7238241e-01   5.5180569e-01   2.7581190e-01
   1.3792833e-01   2.7585758e-01   5.8621409e-01
   2.7586646e-01   2.0689520e-01   5.1723833e-01
   6.8963848e-02   5.8620795e-01   3.4482821e-01
   6.8965031e-02   5.1723996e-01   4.1379501e-01
   3.4482482e-02   4.8275474e-01   4.8276278e-01
   8.5714337e-01   1.4285663e-01   0.0000000e+00
   2.4137480e-01   3.1034673e-01   4.4827847e-01
   4.1379994e-01   1.7240408e-01   4.1379598e-01
   2.7586141e-01   1.0344837e-01   6.2069022e-01
   1.0337032e-04   3.1031460e-01   6.8958203e-01
   6.2069062e-01   1.0344800e-01   2.7586138e-01
   2.0689350e-01   4.8276626e-01   3.1034023e-01
   1.6666579e-01   9.9999465e-02   7.3333475e-01
   1.0339286e-04   2.0687488e-01   7.9302172e-01
   3.1031463e-01   1.0331616e-04   6.8958205e-01
   1.3331219e-01   8.8469954e-05   8.6659934e-01
   9.7032303e-05   9.9990202e-02   8.9991277e-01
   6.6653469e-02   8.7173709e-05   9.3325936e-01
   9.8105890e-05   9.9801186e-05   9.9980209e-01
