   3.0769255e-01   6.9230745e-01   0.0000000e+00
   6.5517045e-01   3.4482955e-01   0.0000000e+00
   6.4773016e-01   1.0226981e-01   2.5000002e-01
   4.8275930e-01   2.4137899e-01   2.7586171e-01
   7.6923127e-01   2.3076873e-01   0.0000000e+00
   9.9933072e-05   4.9994927e-01   4.9995080e-01
   2.3076923e-01   7.6923077e-01   0.0000000e+00
   6.0714108e-01   3.9285892e-01   0.0000000e+00
   2.6666680e-01   7.3333320e-01   0.0000000e+00
   5.4544762e-01   2.0455235e-01   2.5000002e-01
   4.4317571e-01   3.0682426e-01   2.5000002e-01
   3.9999985e-01   6.0000015e-01   0.0000000e+00
   3.4482807e-01   3.1034387e-01   3.4482806e-01
   1.7240677e-01   5.5174238e-01   2.7585085e-01
   2.3863373e-01   5.1136624e-01   2.5000002e-01
   5.8620770e-01   1.3792985e-01   2.7586245e-01
   3.3330560e-02   9.6666944e-01   0.0000000e+00
   5.6666616e-01   4.3333384e-01   0.0000000e+00
   6.8958391e-01   1.0341090e-04   3.1031268e-01
   3.5714280e-01   6.4285720e-01   0.0000000e+00
   3.3557057e-02   4.2951994e-01   5.3692300e-01
   9.9990009e-01   9.9909419e-05   0.0000000e+00
   3.4090586e-01   4.0909411e-01   2.5000002e-01
   5.1851910e-01   4.8148090e-01   0.0000000e+00
   1.0340624e-04   6.5510464e-01   3.4479195e-01
   1.3792319e-01   3.7934565e-01   4.8273116e-01
   6.6667011e-02   1.0000058e-01   8.3333241e-01
   5.5172154e-01   6.8965906e-02   3.7931255e-01
   6.6667698e-02   9.3333230e-01   0.0000000e+00
   2.7586108e-01   4.4827782e-01   2.7586110e-01
   3.4482776e-01   1.0344804e-01   5.5172420e-01
   4.4827429e-01   2.0689714e-01   3.4482857e-01
   2.0687493e-01   1.0337031e-04   7.9302170e-01
   1.0338164e-04   2.0687492e-01   7.9302170e-01
   1.0223430e-04   7.4989774e-01   2.5000002e-01
   2.0689651e-01   4.8275872e-01   3.1034477e-01
   3.7931010e-01   3.4482800e-01   2.7586189e-01
   1.0344261e-01   4.4830603e-01   4.4825136e-01
   2.0689605e-01   3.7931058e-01   4.1379336e-01
   6.2068557e-01   3.4483130e-02   3.4483130e-01
   9.9887010e-05   9.9990011e-01   0.0000000e+00
   1.0344826e-01   3.4482754e-01   5.5172420e-01
   1.3636216e-01   6.1363782e-01   2.5000002e-01
   6.9999736e-01   3.0000264e-01   0.0000000e+00
   2.0689666e-01   2.0689616e-01   5.8620718e-01
   2.0689649e-01   1.0344797e-01   6.8965554e-01
   5.8614630e-01   1.0333721e-04   4.1375036e-01
   1.0334727e-04   3.7927131e-01   6.2062534e-01
   7.4989772e-01   1.0225368e-04   2.5000002e-01
   3.3323481e-02   2.3333568e-01   7.3334084e-01
   8.9999834e-01   1.0000166e-01   0.0000000e+00
   9.3333253e-01   6.6667468e-02   0.0000000e+00
   4.9994924e-01   9.9960909e-05   4.9995080e-01
   4.4827662e-01   1.0344675e-01   4.4827662e-01
   7.3333152e-01   2.6666848e-01   0.0000000e+00
   1.0000263e-01   8.9999737e-01   0.0000000e+00
   3.1034207e-01   2.7586317e-01   4.1379476e-01
   5.1725108e-01   1.7241005e-01   3.1033887e-01
   1.8518105e-01   8.1481895e-01   0.0000000e+00
   3.7927124e-01   1.0341604e-04   6.2062534e-01
   1.3792675e-01   8.6207325e-01   0.0000000e+00
   2.7585266e-01   3.4483206e-01   3.7931528e-01
   9.6666828e-01   3.3331718e-02   0.0000000e+00
   1.3333808e-01   1.0000152e-01   7.6666041e-01
   8.6207020e-01   1.3792980e-01   0.0000000e+00
   6.7265143e-02   5.3811232e-01   3.9462254e-01
   4.3333345e-01   5.6666655e-01   0.0000000e+00
   3.7930815e-01   1.3793152e-01   4.8276034e-01
   4.6667389e-01   5.3332611e-01   0.0000000e+00
   1.0336574e-04   3.1031275e-01   6.8958389e-01
   3.1034513e-01   2.0689646e-01   4.8275842e-01
   4.1379544e-01   6.8960307e-02   5.1724425e-01
   1.7241359e-01   4.4827606e-01   3.7931035e-01
   2.4138001e-01   4.1379141e-01   3.4482858e-01
   3.1034586e-01   3.7930978e-01   3.1034436e-01
   2.4137152e-01   3.4482186e-02   7.2414629e-01
   1.7241342e-01   1.7241300e-01   6.5517358e-01
   4.4822947e-01   1.0342419e-04   5.5166710e-01
   4.1379454e-01   1.7241153e-01   4.1379393e-01
   6.8963150e-02   2.7586325e-01   6.5517360e-01
   1.3793162e-01   2.4137620e-01   6.2069218e-01
   4.1379344e-01   2.7586190e-01   3.1034466e-01
   2.7586213e-01   1.3793069e-01   5.8620718e-01
   4.8275924e-01   1.3792996e-01   3.7931081e-01
   1.0344777e-01   1.7241342e-01   7.2413881e-01
   3.1034505e-01   6.8964603e-02   6.2069035e-01
   8.1481414e-01   1.8518586e-01   0.0000000e+00
   3.1031277e-01   1.0333325e-04   6.8958390e-01
   1.7241377e-01   3.1034486e-01   5.1724137e-01
   1.3333459e-01   3.3333002e-02   8.3333241e-01
   3.7930579e-01   2.4138109e-01   3.7931313e-01
   1.0344836e-01   5.5172377e-01   3.4482787e-01
   6.8965514e-02   6.5517242e-01   2.7586207e-01
   7.2872340e-05   6.6658349e-02   9.3326878e-01
   9.9985657e-02   8.8221532e-05   8.9992612e-01
   1.0342774e-04   5.8614621e-01   4.1375036e-01
   2.4137946e-01   2.4137887e-01   5.1724167e-01
   2.4137955e-01   3.1034383e-01   4.4827661e-01
   2.5991355e-05   1.3332930e-01   8.6664471e-01
   9.7578113e-05   8.3101136e-05   9.9981932e-01
