   2.4137604e-01   1.3793032e-01   6.2069364e-01
   7.3333183e-01   2.6666817e-01   0.0000000e+00
   4.8275870e-01   6.8965366e-02   4.4827593e-01
   5.8621370e-01   6.8954706e-02   3.4483159e-01
   6.6667445e-02   9.3333256e-01   0.0000000e+00
   9.9990005e-01   9.9949968e-05   0.0000000e+00
   4.7727108e-01   2.7272862e-01   2.5000030e-01
   3.3333237e-01   6.6666763e-01   0.0000000e+00
   6.2062544e-01   1.0340394e-04   3.7927115e-01
   6.9230849e-01   3.0769151e-01   0.0000000e+00
   5.3333332e-01   4.6666668e-01   0.0000000e+00
   4.1379312e-01   1.0344823e-01   4.8275865e-01
   9.9957719e-05   1.9998075e-01   7.9991929e-01
   1.0025947e-01   4.6787810e-01   4.3186243e-01
   1.3636163e-01   6.1363807e-01   2.5000030e-01
   3.4482951e-01   1.3792623e-01   5.1724426e-01
   1.0342418e-04   4.4822954e-01   5.5166704e-01
   4.1379320e-01   2.0689637e-01   3.7931043e-01
   2.7586214e-01   6.8965503e-02   6.5517236e-01
   3.5714411e-01   3.9285559e-01   2.5000030e-01
   1.7240481e-01   3.7931447e-01   4.4828072e-01
   8.9999999e-01   1.0000001e-01   0.0000000e+00
   5.7954173e-01   1.7045797e-01   2.5000030e-01
   2.3333386e-01   7.6666614e-01   0.0000000e+00
   1.0344742e-01   3.1035032e-01   5.8620226e-01
   4.4827728e-01   2.4137869e-01   3.1034403e-01
   3.4482787e-01   6.8964739e-02   5.8620739e-01
   6.6983851e-02   4.3062767e-01   5.0238848e-01
   8.0769894e-01   1.9230106e-01   0.0000000e+00
   9.9999828e-02   9.0000017e-01   0.0000000e+00
   2.0689584e-01   4.1379348e-01   3.7931069e-01
   1.4285597e-01   8.5714403e-01   0.0000000e+00
   5.6666605e-01   4.3333395e-01   0.0000000e+00
   4.1379425e-01   3.1034422e-01   2.7586153e-01
   9.3333552e-01   6.6664476e-02   0.0000000e+00
   9.6666581e-01   3.3334192e-02   0.0000000e+00
   2.4312215e-01   5.0687756e-01   2.5000030e-01
   8.5714294e-01   1.4285706e-01   0.0000000e+00
   1.6665159e-01   9.9977885e-05   8.3324843e-01
   4.4827705e-01   1.3792875e-01   4.1379420e-01
   6.8965474e-02   2.4138002e-01   6.8965450e-01
   3.4479193e-01   1.0340520e-04   6.5510467e-01
   1.0343188e-04   2.7583187e-01   7.2406470e-01
   1.7241380e-01   5.5172413e-01   2.7586208e-01
   2.7586160e-01   7.2413840e-01   0.0000000e+00
   1.0344627e-01   5.5172537e-01   3.4482836e-01
   1.7241305e-01   1.0344844e-01   7.2413851e-01
   3.7931046e-01   1.7241355e-01   4.4827599e-01
   2.0000002e-01   3.3333314e-02   7.6666666e-01
   6.2068970e-01   1.0344821e-01   2.7586209e-01
   1.0341447e-04   6.5510460e-01   3.4479198e-01
   5.1725146e-01   2.0689222e-01   2.7585632e-01
   5.3328225e-01   9.9962322e-05   4.6661779e-01
   2.7586294e-01   1.7241277e-01   5.5172429e-01
   3.8461468e-01   6.1538532e-01   0.0000000e+00
   4.8148019e-01   5.1851981e-01   0.0000000e+00
   1.7241278e-01   4.8275921e-01   3.4482801e-01
   1.3792868e-01   2.4137768e-01   6.2069364e-01
   3.7931123e-01   2.7586037e-01   3.4482839e-01
   6.8181831e-01   6.8181395e-02   2.5000030e-01
   6.8965034e-02   6.5517275e-01   2.7586221e-01
   1.3793117e-01   1.7241433e-01   6.8965450e-01
   2.7586118e-01   3.7931081e-01   3.4482801e-01
   4.4827591e-01   3.4482646e-02   5.1724144e-01
   1.9230697e-01   8.0769303e-01   0.0000000e+00
   7.4989746e-01   1.0224505e-04   2.5000030e-01
   3.1034515e-01   4.1379291e-01   2.7586194e-01
   6.4285684e-01   3.5714316e-01   0.0000000e+00
   9.9701069e-05   6.6659398e-02   9.3324090e-01
   7.6666711e-01   2.3333289e-01   0.0000000e+00
   1.0223102e-04   7.4989747e-01   2.5000030e-01
   4.3333054e-01   5.6666946e-01   0.0000000e+00
   4.2852364e-01   1.0081897e-04   5.7137554e-01
   9.9903470e-05   9.9990010e-01   0.0000000e+00
   1.0042948e-04   5.3565577e-01   4.6424380e-01
   5.1724203e-01   1.0344715e-01   3.7931082e-01
   6.8958385e-01   1.0343277e-04   3.1031272e-01
   1.0330710e-04   3.4479197e-01   6.5510472e-01
   3.1034495e-01   2.0689639e-01   4.8275866e-01
   1.3792949e-01   3.4482818e-01   5.1724233e-01
   6.0000028e-01   3.9999972e-01   0.0000000e+00
   9.9912439e-05   1.3331983e-01   8.6658025e-01
   2.0689680e-01   2.7586198e-01   5.1724122e-01
   2.7583263e-01   1.0326327e-04   7.2406411e-01
   6.6666054e-02   1.6666728e-01   7.6666666e-01
   3.3333468e-02   9.6666653e-01   0.0000000e+00
   3.4479746e-02   5.8620875e-01   3.7931150e-01
   3.1034475e-01   3.1034484e-01   3.7931041e-01
   2.7586198e-01   2.7586209e-01   4.4827593e-01
   2.4137711e-01   3.4482865e-01   4.1379424e-01
   4.8275474e-01   1.7241526e-01   3.4483001e-01
   3.4482533e-01   2.4138043e-01   4.1379424e-01
   6.6666696e-02   6.6666719e-02   8.6666658e-01
   3.4479576e-02   3.7931025e-01   5.8621018e-01
   2.0689651e-01   2.0689651e-01   5.8620698e-01
   2.4137667e-01   4.4828153e-01   3.1034181e-01
   3.4482755e-01   3.4482768e-01   3.1034477e-01
   9.9987711e-02   7.4827630e-05   8.9993746e-01
   9.9999981e-02   1.0000002e-01   8.0000000e-01
   9.9695453e-05   9.9682229e-05   9.9980062e-01
