   2.6923133e-01   7.3076867e-01   0.0000000e+00
   9.9858288e-05   9.9990014e-01   0.0000000e+00
   3.9280233e-01   1.0116789e-04   6.0709650e-01
   6.5516982e-01   3.4483018e-01   0.0000000e+00
   1.0042748e-04   5.3565955e-01   4.6424002e-01
   6.0714307e-01   3.9285693e-01   0.0000000e+00
   1.4285847e-01   8.5714153e-01   0.0000000e+00
   3.4475959e-02   4.4827902e-01   5.1724502e-01
   2.3334283e-01   3.3332621e-02   7.3332455e-01
   1.0223868e-04   7.4989776e-01   2.5000000e-01
   3.5714450e-01   6.4285550e-01   0.0000000e+00
   1.0000143e-01   1.3333615e-01   7.6666242e-01
   3.3331470e-02   9.6666853e-01   0.0000000e+00
   5.3333126e-01   4.6666874e-01   0.0000000e+00
   7.6666751e-01   2.3333249e-01   0.0000000e+00
   8.0769638e-01   1.9230362e-01   0.0000000e+00
   2.0455013e-01   5.4544987e-01   2.5000000e-01
   1.9230756e-01   8.0769244e-01   0.0000000e+00
   5.6666686e-01   4.3333314e-01   0.0000000e+00
   3.1034304e-01   6.8965696e-01   0.0000000e+00
   2.3333397e-01   7.6666603e-01   0.0000000e+00
   6.8100329e-01   6.8102697e-02   2.5089402e-01
   2.0687482e-01   1.0339476e-04   7.9302178e-01
   1.0343016e-04   6.8958386e-01   3.1031271e-01
   3.4482546e-01   3.7931417e-01   2.7586037e-01
   3.0681904e-01   4.4318096e-01   2.5000000e-01
   9.0000006e-01   9.9999939e-02   0.0000000e+00
   5.8614608e-01   1.0332114e-04   4.1375060e-01
   4.8276240e-01   1.3792428e-01   3.7931331e-01
   2.0689655e-01   2.0689655e-01   5.8620689e-01
   5.1724205e-01   6.8964332e-02   4.1379362e-01
   6.6664925e-02   9.3333507e-01   0.0000000e+00
   9.3333211e-01   6.6667891e-02   0.0000000e+00
   1.0343324e-04   6.2062538e-01   3.7927118e-01
   3.9999964e-01   6.0000036e-01   0.0000000e+00
   6.2068961e-01   1.0344829e-01   2.7586210e-01
   4.8148094e-01   5.1851906e-01   0.0000000e+00
   8.5714283e-01   1.4285717e-01   0.0000000e+00
   2.4137932e-01   2.4137932e-01   5.1724136e-01
   4.2857527e-01   3.2142473e-01   2.5000000e-01
   1.7241145e-01   3.7931142e-01   4.4827712e-01
   2.4137931e-01   4.8275862e-01   2.7586207e-01
   2.7586167e-01   1.3793111e-01   5.8620722e-01
   1.0344763e-01   3.1034505e-01   5.8620732e-01
   9.9990008e-01   9.9915928e-05   0.0000000e+00
   1.0327325e-04   4.1375038e-01   5.8614635e-01
   9.6666951e-01   3.3330488e-02   0.0000000e+00
   2.0689645e-01   1.3793105e-01   6.5517249e-01
   3.7930652e-01   3.1035177e-01   3.1034171e-01
   4.1378772e-01   2.4138153e-01   3.4483074e-01
   1.0344787e-01   2.0689574e-01   6.8965639e-01
   2.7586185e-01   4.1379340e-01   3.1034475e-01
   4.3333757e-01   5.6666243e-01   0.0000000e+00
   4.3326874e-01   3.3337072e-02   5.3339419e-01
   3.4482284e-01   2.7586407e-01   3.7931309e-01
   6.6672625e-02   6.6672625e-02   8.6665475e-01
   4.1379475e-01   1.7241048e-01   4.1379477e-01
   3.7931046e-01   1.3793076e-01   4.8275878e-01
   9.9990298e-02   9.9513639e-05   8.9991019e-01
   1.0342491e-04   3.4479182e-01   6.5510475e-01
   7.4989775e-01   1.0224611e-04   2.5000000e-01
   4.8275813e-01   2.4137954e-01   2.7586233e-01
   4.9994831e-01   9.9963654e-05   4.9995172e-01
   1.0000000e-01   9.0000000e-01   0.0000000e+00
   3.1031203e-01   1.0331767e-04   6.8958465e-01
   1.0344820e-01   4.1379354e-01   4.8275827e-01
   1.7241206e-01   4.8275964e-01   3.4482831e-01
   6.8965401e-02   2.7586210e-01   6.5517250e-01
   6.8965217e-02   5.5172432e-01   3.7931047e-01
   1.7241316e-01   1.0344663e-01   7.2414021e-01
   2.7586225e-01   6.8964907e-02   6.5517284e-01
   1.3792559e-01   5.8621061e-01   2.7586380e-01
   6.5510460e-01   1.0337227e-04   3.4479203e-01
   5.4545288e-01   2.0454712e-01   2.5000000e-01
   6.8964525e-02   3.7930967e-01   5.5172581e-01
   7.3333378e-01   2.6666622e-01   0.0000000e+00
   2.4137613e-01   3.4483612e-01   4.1378775e-01
   1.0334965e-04   2.0687487e-01   7.9302178e-01
   1.0227234e-01   6.4772766e-01   2.5000000e-01
   2.0689630e-01   3.1034492e-01   4.8275878e-01
   2.7586207e-01   2.7586207e-01   4.4827586e-01
   3.4482567e-01   1.0344852e-01   5.5172581e-01
   6.9999609e-01   3.0000391e-01   0.0000000e+00
   1.0329217e-04   2.7583238e-01   7.2406433e-01
   1.3793179e-01   3.4482402e-01   5.1724420e-01
   3.1034563e-01   1.7241019e-01   5.1724418e-01
   1.3333341e-01   3.3333034e-02   8.3333356e-01
   9.9920776e-05   9.9990023e-02   8.9991006e-01
   3.4483037e-01   2.0689568e-01   4.4827395e-01
   2.0689655e-01   4.1379309e-01   3.7931037e-01
   1.3793096e-01   2.4138148e-01   6.2068756e-01
   5.8618891e-01   6.8968515e-02   3.4484258e-01
   5.1723338e-01   1.7241671e-01   3.1034991e-01
   3.1034447e-01   3.4482777e-01   3.4482776e-01
   4.4827611e-01   1.0344785e-01   4.4827604e-01
   3.3332626e-02   3.3332626e-02   9.3333475e-01
   3.3333240e-02   1.3333320e-01   8.3333356e-01
   1.3792942e-01   4.4827670e-01   4.1379388e-01
   9.9546920e-05   9.9187571e-05   9.9980127e-01
   6.8965516e-02   6.2068964e-01   3.1034484e-01
