   1.0331036e-04   4.1375041e-01   5.8614628e-01
   3.1034344e-01   6.8965656e-01   0.0000000e+00
   1.0315157e-04   6.5510484e-01   3.4479201e-01
   1.0000652e-01   8.9999348e-01   0.0000000e+00
   9.9965700e-05   9.9990003e-01   0.0000000e+00
   3.6359783e-01   2.3644558e-01   3.9995659e-01
   4.6428607e-01   2.8571393e-01   2.5000000e-01
   3.1053254e-01   1.0342005e-01   5.8604741e-01
   5.9999850e-01   4.0000150e-01   0.0000000e+00
   1.4285670e-01   8.5714330e-01   0.0000000e+00
   6.8960584e-02   6.5517589e-01   2.7586353e-01
   3.3329415e-02   9.6667059e-01   0.0000000e+00
   3.1031076e-01   1.0332916e-04   6.8958591e-01
   9.3333566e-01   6.6664345e-02   0.0000000e+00
   2.6923388e-01   7.3076612e-01   0.0000000e+00
   8.5714324e-01   1.4285676e-01   0.0000000e+00
   4.6666627e-01   5.3333373e-01   0.0000000e+00
   3.5714685e-01   3.9285315e-01   2.5000000e-01
   2.4999979e-01   5.0000021e-01   2.5000000e-01
   7.6666659e-01   2.3333341e-01   0.0000000e+00
   4.8276785e-01   1.3791468e-01   3.7931748e-01
   6.9994198e-01   3.3339521e-02   2.6671850e-01
   1.0336072e-04   5.8614628e-01   4.1375036e-01
   6.6669451e-02   9.3333055e-01   0.0000000e+00
   8.0769488e-01   1.9230512e-01   0.0000000e+00
   4.3333255e-01   5.6666745e-01   0.0000000e+00
   6.3333860e-01   3.6666140e-01   0.0000000e+00
   1.3792735e-01   4.8276072e-01   3.7931193e-01
   1.0344844e-01   3.1034375e-01   5.8620781e-01
   6.4773445e-01   1.0226555e-01   2.5000000e-01
   1.7241317e-01   2.4138171e-01   5.8620512e-01
   7.4989782e-01   1.0217788e-04   2.5000000e-01
   3.7927697e-01   1.0340023e-04   6.2061963e-01
   5.6666369e-01   4.3333631e-01   0.0000000e+00
   2.0689842e-01   2.7586143e-01   5.1724015e-01
   2.3333018e-01   7.6666982e-01   0.0000000e+00
   1.3333230e-01   3.3333072e-02   8.3333463e-01
   6.8000388e-01   3.1999612e-01   0.0000000e+00
   1.7241101e-01   5.5172581e-01   2.7586318e-01
   2.7586035e-01   3.1034559e-01   4.1379406e-01
   3.4473686e-02   4.4828007e-01   5.1724624e-01
   1.0205846e-04   7.4989794e-01   2.5000000e-01
   5.1852022e-01   4.8147978e-01   0.0000000e+00
   3.5714115e-01   6.4285885e-01   0.0000000e+00
   7.3076784e-01   2.6923216e-01   0.0000000e+00
   1.9229988e-01   8.0770012e-01   0.0000000e+00
   6.8964658e-02   3.7931024e-01   5.5172510e-01
   2.0689902e-01   3.4481989e-01   4.4828109e-01
   9.6666572e-01   3.3334277e-02   0.0000000e+00
   2.4137838e-01   1.7241381e-01   5.8620781e-01
   4.4827191e-01   2.0689805e-01   3.4483004e-01
   2.0689235e-01   4.4827827e-01   3.4482938e-01
   5.7954308e-01   1.7045692e-01   2.5000000e-01
   3.4482354e-01   1.7241124e-01   4.8276522e-01
   6.6670138e-02   1.6667585e-01   7.6665401e-01
   4.1379139e-01   3.4479613e-02   5.5172900e-01
   5.1723847e-01   2.0689781e-01   2.7586372e-01
   1.0333199e-04   3.4479376e-01   6.5510291e-01
   3.1034725e-01   3.4482251e-01   3.4483024e-01
   8.9999984e-01   1.0000016e-01   0.0000000e+00
   4.1378613e-01   1.7241593e-01   4.1379794e-01
   2.3334206e-01   3.3331036e-02   7.3332690e-01
   9.9670339e-05   4.9994603e-01   4.9995430e-01
   9.9673172e-05   1.6665000e-01   8.3325033e-01
   6.5510460e-01   1.0339163e-04   3.4479201e-01
   1.7241303e-01   4.1379346e-01   4.1379351e-01
   1.3793093e-01   1.3793093e-01   7.2413813e-01
   4.4827909e-01   1.0344233e-01   4.4827858e-01
   1.3793033e-01   2.0689678e-01   6.5517288e-01
   3.7930920e-01   2.7586260e-01   3.4482820e-01
   2.0689310e-01   1.0344619e-01   6.8966071e-01
   3.7931109e-01   1.0344652e-01   5.1724239e-01
   6.2068998e-01   6.8965080e-02   3.1034494e-01
   2.0686220e-01   1.0341749e-04   7.9303438e-01
   4.9994603e-01   9.9661135e-05   4.9995430e-01
   3.3333746e-02   2.3333935e-01   7.3332690e-01
   5.8614623e-01   1.0341380e-04   4.1375036e-01
   5.5172411e-01   1.3793102e-01   3.1034487e-01
   3.1034628e-01   2.4137580e-01   4.4827792e-01
   1.3636731e-01   6.1363269e-01   2.5000000e-01
   2.7586177e-01   6.8965437e-02   6.5517279e-01
   9.9990003e-01   9.9965815e-05   0.0000000e+00
   1.0344703e-01   4.4827650e-01   4.4827647e-01
   6.8959512e-02   2.7586259e-01   6.5517790e-01
   6.8959462e-02   5.1724486e-01   4.1379568e-01
   1.3793096e-01   3.4482788e-01   5.1724116e-01
   2.7586008e-01   2.0689711e-01   5.1724281e-01
   5.5171860e-01   6.8965768e-02   3.7931563e-01
   1.0001097e-01   1.0001097e-01   7.9997806e-01
   6.8963197e-02   5.8620839e-01   3.4482841e-01
   3.3330061e-02   3.3330114e-02   9.3333983e-01
   3.9999851e-01   6.0000149e-01   0.0000000e+00
   2.4137883e-01   3.7930924e-01   3.7931193e-01
   6.6668778e-02   6.6668793e-02   8.6666243e-01
   1.0325958e-04   2.7583037e-01   7.2406637e-01
   4.1379072e-01   3.1034610e-01   2.7586318e-01
   2.7586103e-01   4.1379411e-01   3.1034487e-01
   9.9989465e-02   5.7711379e-05   8.9995282e-01
   7.2223072e-05   9.9974953e-02   8.9995282e-01
   8.5925507e-05   9.6277531e-05   9.9981780e-01
