   1.7241381e-01   1.0344774e-01   7.2413844e-01
   2.0689661e-01   2.7586209e-01   5.1724130e-01
   6.0714278e-01   3.9285722e-01   0.0000000e+00
   8.6206937e-01   1.3793063e-01   0.0000000e+00
   1.3792716e-01   8.6207284e-01   0.0000000e+00
   6.8182176e-01   6.8178243e-02   2.5000000e-01
   1.3636426e-01   6.1363574e-01   2.5000000e-01
   1.3461757e-01   3.6057643e-01   5.0480600e-01
   1.7241407e-01   1.7241248e-01   6.5517345e-01
   1.8518462e-01   8.1481538e-01   0.0000000e+00
   3.0769027e-01   6.9230973e-01   0.0000000e+00
   1.7241022e-01   5.5173342e-01   2.7585636e-01
   1.0001079e-01   8.9998921e-01   0.0000000e+00
   4.4827656e-01   2.0689531e-01   3.4482813e-01
   7.3333379e-01   2.6666621e-01   0.0000000e+00
   9.9990004e-01   9.9958779e-05   0.0000000e+00
   3.5714786e-01   3.9285214e-01   2.5000000e-01
   2.3863743e-01   5.1136257e-01   2.5000000e-01
   1.0335139e-04   5.5166731e-01   4.4822933e-01
   1.3793022e-01   2.4137954e-01   6.2069024e-01
   1.0331889e-04   2.4135152e-01   7.5854516e-01
   2.6666631e-01   7.3333369e-01   0.0000000e+00
   4.8275750e-01   1.3793133e-01   3.7931117e-01
   2.4137817e-01   6.8965499e-02   6.8965633e-01
   6.9999879e-01   3.0000121e-01   0.0000000e+00
   1.0000041e-01   1.3333385e-01   7.6666574e-01
   4.1379326e-01   1.3793069e-01   4.4827605e-01
   4.8148024e-01   5.1851976e-01   0.0000000e+00
   3.1045484e-01   1.3790906e-01   5.5163610e-01
   9.9989843e-05   4.9994937e-01   4.9995064e-01
   6.6666859e-02   9.3333314e-01   0.0000000e+00
   6.2069022e-01   3.4481888e-02   3.4482790e-01
   7.4989796e-01   1.0204399e-04   2.5000000e-01
   9.9985528e-05   1.3332151e-01   8.6657851e-01
   1.3333348e-01   6.6666695e-02   7.9999982e-01
   5.6666692e-01   4.3333308e-01   0.0000000e+00
   9.3333467e-01   6.6665335e-02   0.0000000e+00
   3.7931098e-01   3.4481923e-02   5.8620709e-01
   1.0222620e-04   7.4989777e-01   2.5000000e-01
   3.3557094e-02   4.2952743e-01   5.3691548e-01
   6.2077697e-01   1.0342445e-01   2.7579859e-01
   9.9961582e-05   9.9990004e-01   0.0000000e+00
   9.6667261e-01   3.3327388e-02   0.0000000e+00
   3.9999991e-01   6.0000009e-01   0.0000000e+00
   2.4137934e-01   1.3793093e-01   6.2068973e-01
   3.3333357e-02   9.6666664e-01   0.0000000e+00
   1.0339926e-04   6.5510443e-01   3.4479217e-01
   3.3333491e-02   1.6666669e-01   7.9999982e-01
   4.1379751e-01   3.1034250e-01   2.7586000e-01
   5.7954787e-01   1.7045213e-01   2.5000000e-01
   6.8958399e-01   1.0339198e-04   3.1031262e-01
   3.4482966e-01   3.4482649e-01   3.1034384e-01
   5.3333289e-01   4.6666711e-01   0.0000000e+00
   2.3076889e-01   7.6923111e-01   0.0000000e+00
   5.5172502e-01   6.8964023e-02   3.7931095e-01
   2.0689253e-01   4.8276858e-01   3.1033889e-01
   3.4482431e-01   1.7241204e-01   4.8276365e-01
   6.5516987e-01   3.4483013e-01   0.0000000e+00
   4.3333378e-01   5.6666622e-01   0.0000000e+00
   8.9999756e-01   1.0000244e-01   0.0000000e+00
   8.1481471e-01   1.8518529e-01   0.0000000e+00
   7.6923107e-01   2.3076893e-01   0.0000000e+00
   3.4479179e-01   1.0334890e-04   6.5510486e-01
   2.0689734e-01   3.7930858e-01   4.1379408e-01
   2.4137819e-01   2.0689508e-01   5.5172673e-01
   2.7586292e-01   3.4482557e-01   3.7931151e-01
   3.5714102e-01   6.4285898e-01   0.0000000e+00
   3.1034613e-01   2.7586155e-01   4.1379232e-01
   1.6665050e-01   9.9945283e-05   8.3324956e-01
   5.8614613e-01   1.0340311e-04   4.1375046e-01
   1.7241430e-01   4.4827423e-01   3.7931147e-01
   1.0343462e-04   3.1031281e-01   6.8958376e-01
   2.7585916e-01   2.4137719e-01   4.8276365e-01
   6.6666619e-02   9.9999967e-02   8.3333341e-01
   6.8964490e-02   2.7586221e-01   6.5517330e-01
   4.6428636e-01   2.8571364e-01   2.5000000e-01
   2.7583325e-01   1.0337835e-04   7.2406337e-01
   6.8965642e-02   5.1724049e-01   4.1379387e-01
   2.4138058e-01   4.1379001e-01   3.4482940e-01
   2.7586236e-01   4.4827529e-01   2.7586235e-01
   2.0000084e-01   3.3333419e-02   7.6666574e-01
   3.1034595e-01   6.8963197e-02   6.2069086e-01
   1.0344425e-01   3.1034866e-01   5.8620709e-01
   4.4822984e-01   1.0341286e-04   5.5166675e-01
   1.0340022e-04   3.7927167e-01   6.2062493e-01
   5.5172701e-01   1.3792507e-01   3.1034792e-01
   6.8966034e-02   6.5516984e-01   2.7586413e-01
   3.7931510e-01   2.0688674e-01   4.1379816e-01
   5.0119442e-01   3.3405370e-02   4.6540021e-01
   4.1379326e-01   6.8965433e-02   5.1724130e-01
   1.0344654e-01   4.4827673e-01   4.4827673e-01
   1.0344352e-01   5.5172706e-01   3.4482941e-01
   5.1723865e-01   2.0689771e-01   2.7586364e-01
   3.4480090e-02   5.8620852e-01   3.7931139e-01
   3.7931050e-01   2.7586177e-01   3.4482773e-01
   2.4137575e-01   3.1034629e-01   4.4827795e-01
   9.9020319e-05   6.6659282e-02   9.3324170e-01
   9.9994546e-02   2.0000524e-01   7.0000021e-01
   9.3736962e-05   9.5623814e-05   9.9981064e-01
   9.9984013e-02   8.8109959e-05   8.9992788e-01
