   4.8148146e-01   5.1851854e-01   0.0000000e+00
   6.0000011e-01   3.9999989e-01   0.0000000e+00
   3.5714176e-01   6.4285824e-01   0.0000000e+00
   8.1481448e-01   1.8518552e-01   0.0000000e+00
   4.3333342e-01   5.6666658e-01   0.0000000e+00
   3.1031145e-01   1.0338853e-04   6.8958516e-01
   8.6206911e-01   1.3793089e-01   0.0000000e+00
   6.8965447e-02   3.4482670e-01   5.8620785e-01
   1.3792726e-01   8.6207274e-01   0.0000000e+00
   5.8620710e-01   1.3793073e-01   2.7586217e-01
   1.0344596e-01   3.7931132e-01   5.1724271e-01
   3.3333423e-02   3.3333422e-02   9.3333316e-01
   3.9999984e-01   6.0000016e-01   0.0000000e+00
   3.3333735e-02   2.0000241e-01   7.6666385e-01
   1.0342124e-04   3.4479180e-01   6.5510478e-01
   2.0689677e-01   3.7930970e-01   4.1379353e-01
   4.6428744e-01   2.8571256e-01   2.5000001e-01
   2.3863732e-01   5.1136268e-01   2.5000001e-01
   3.7927115e-01   1.0342442e-04   6.2062543e-01
   4.2950131e-01   3.3558054e-02   5.3694064e-01
   9.9990005e-01   9.9951946e-05   0.0000000e+00
   2.7586265e-01   3.4482622e-01   3.7931114e-01
   1.8518392e-01   8.1481608e-01   0.0000000e+00
   2.4137981e-01   4.1379188e-01   3.4482830e-01
   1.3793120e-01   4.1379243e-01   4.4827637e-01
   6.4772921e-01   1.0227078e-01   2.5000001e-01
   9.9981583e-05   9.9990002e-01   0.0000000e+00
   2.0689608e-01   2.0689607e-01   5.8620785e-01
   1.0083327e-04   4.2851015e-01   5.7138902e-01
   5.8614624e-01   1.0336114e-04   4.1375040e-01
   6.6666600e-02   9.9999969e-02   8.3333343e-01
   9.6666719e-01   3.3332815e-02   0.0000000e+00
   5.6666702e-01   4.3333298e-01   0.0000000e+00
   6.9230791e-01   3.0769209e-01   0.0000000e+00
   5.4545569e-01   2.0454431e-01   2.5000001e-01
   5.3811744e-01   6.7254398e-02   3.9462816e-01
   9.3333469e-01   6.6665308e-02   0.0000000e+00
   3.4091059e-01   4.0908940e-01   2.5000001e-01
   7.6923057e-01   2.3076943e-01   0.0000000e+00
   1.7045461e-01   5.7954538e-01   2.5000001e-01
   6.8179181e-02   6.8182081e-01   2.5000001e-01
   3.3328141e-02   9.6667186e-01   0.0000000e+00
   3.1034573e-01   2.7585997e-01   4.1379430e-01
   1.0218391e-04   7.4989781e-01   2.5000001e-01
   1.7241368e-01   4.4827592e-01   3.7931039e-01
   7.3333345e-01   2.6666655e-01   0.0000000e+00
   1.0000160e-01   8.9999840e-01   0.0000000e+00
   9.9984435e-02   8.6449351e-05   8.9992912e-01
   7.4989775e-01   1.0224066e-04   2.5000001e-01
   1.7241362e-01   2.7586198e-01   5.5172440e-01
   4.8275685e-01   1.7241438e-01   3.4482877e-01
   2.3076948e-01   7.6923052e-01   0.0000000e+00
   1.3790392e-01   6.8951144e-02   7.9314493e-01
   3.4482729e-01   1.0344830e-01   5.5172440e-01
   3.1034278e-01   3.7931443e-01   3.1034279e-01
   4.9995119e-01   9.9973793e-05   4.9994884e-01
   9.0000010e-01   9.9999901e-02   0.0000000e+00
   9.9941068e-05   1.6665001e-01   8.3325005e-01
   1.7241425e-01   3.4482583e-01   4.8275991e-01
   2.0690070e-01   4.8275609e-01   3.1034321e-01
   1.0344874e-01   4.8275630e-01   4.1379496e-01
   2.6666692e-01   7.3333308e-01   0.0000000e+00
   1.0340099e-04   2.7583324e-01   7.2406336e-01
   2.7585904e-01   4.4828192e-01   2.7585904e-01
   3.4482892e-02   5.8620528e-01   3.7931183e-01
   1.0040517e-04   5.3566006e-01   4.6423953e-01
   1.0344759e-01   2.7586228e-01   6.2069013e-01
   5.3333340e-01   4.6666660e-01   0.0000000e+00
   3.0769278e-01   6.9230722e-01   0.0000000e+00
   2.4135323e-01   1.0343086e-04   7.5854334e-01
   2.4137888e-01   1.3793111e-01   6.2069001e-01
   6.4285711e-01   3.5714289e-01   0.0000000e+00
   1.7241380e-01   1.0344827e-01   7.2413793e-01
   6.8965023e-02   4.4827610e-01   4.8275888e-01
   4.1379077e-01   1.7241448e-01   4.1379475e-01
   1.7241378e-01   1.7241377e-01   6.5517245e-01
   1.0342062e-04   4.8270867e-01   5.1718791e-01
   1.6664998e-01   9.9976827e-05   8.3325004e-01
   6.5510466e-01   1.0341471e-04   3.4479193e-01
   2.4137727e-01   3.1034591e-01   4.4827681e-01
   1.0340641e-04   6.5510467e-01   3.4479193e-01
   6.8966636e-01   3.4467141e-02   2.7586650e-01
   1.0344744e-01   1.7241395e-01   7.2413860e-01
   4.4827630e-01   2.4137857e-01   3.1034513e-01
   4.4827546e-01   1.0344907e-01   4.4827547e-01
   3.7931007e-01   2.4137942e-01   3.7931051e-01
   3.1034466e-01   1.7241372e-01   5.1724162e-01
   3.4482756e-01   2.0689651e-01   4.4827593e-01
   3.7931038e-01   1.3793096e-01   4.8275866e-01
   5.5172608e-01   1.0344511e-01   3.4482880e-01
   2.7586263e-01   6.8964884e-02   6.5517248e-01
   6.8963968e-02   2.4138000e-01   6.8965603e-01
   3.7931041e-01   3.4482752e-01   2.7586207e-01
   9.0506630e-05   9.9980378e-02   8.9992912e-01
   3.4482642e-01   3.1034539e-01   3.4482819e-01
   1.0344828e-01   6.2068966e-01   2.7586207e-01
   1.3792964e-01   5.1724222e-01   3.4482814e-01
   2.7586209e-01   2.4137926e-01   4.8275865e-01
   6.6665799e-02   9.3333420e-01   0.0000000e+00
   9.0730109e-05   9.7170749e-05   9.9981210e-01
