   7.6922761e-01   2.3077239e-01   0.0000000e+00
   9.9990001e-01   9.9987960e-05   0.0000000e+00
   7.3332990e-01   2.6667010e-01   0.0000000e+00
   1.7240852e-01   3.7932916e-01   4.4826232e-01
   6.6668083e-02   9.3333192e-01   0.0000000e+00
   4.6539564e-01   3.3411249e-02   5.0119311e-01
   6.9999998e-01   3.0000002e-01   0.0000000e+00
   9.3333480e-01   6.6665201e-02   0.0000000e+00
   4.4827461e-01   2.7586408e-01   2.7586130e-01
   1.0344849e-01   3.1034465e-01   5.8620686e-01
   1.9230768e-01   8.0769232e-01   0.0000000e+00
   6.5517104e-01   3.4482896e-01   0.0000000e+00
   9.9978008e-05   9.9990002e-01   0.0000000e+00
   2.0689721e-01   1.7241418e-01   6.2068861e-01
   6.0714327e-01   3.9285673e-01   0.0000000e+00
   5.1724046e-01   1.3793130e-01   3.4482824e-01
   1.6666895e-01   1.3333568e-01   6.9999538e-01
   2.0454727e-01   5.4545273e-01   2.5000000e-01
   4.3333228e-01   5.6666772e-01   0.0000000e+00
   3.4479194e-01   1.0343628e-04   6.5510462e-01
   2.6923265e-01   7.3076735e-01   0.0000000e+00
   8.1481568e-01   1.8518432e-01   0.0000000e+00
   8.6207373e-01   1.3792627e-01   0.0000000e+00
   9.6666719e-01   3.3332811e-02   0.0000000e+00
   5.1852004e-01   4.8147996e-01   0.0000000e+00
   4.0909108e-01   3.4090892e-01   2.5000000e-01
   1.0042567e-04   4.6424047e-01   5.3565911e-01
   3.3331960e-02   9.6666804e-01   0.0000000e+00
   3.7931044e-01   2.0689635e-01   4.1379321e-01
   5.1136528e-01   2.3863472e-01   2.5000000e-01
   3.9999990e-01   6.0000010e-01   0.0000000e+00
   2.4137925e-01   4.8275866e-01   2.7586209e-01
   4.2853050e-01   1.0077457e-04   5.7136873e-01
   5.3565699e-01   1.0042586e-04   4.6424258e-01
   2.4137892e-01   2.0689779e-01   5.5172329e-01
   4.8276039e-01   1.0344498e-01   4.1379462e-01
   3.4482928e-01   1.7240972e-01   4.8276101e-01
   1.0344696e-01   5.1724214e-01   3.7931090e-01
   1.7241032e-01   4.8276065e-01   3.4482903e-01
   3.1034599e-01   6.8965403e-02   6.2068861e-01
   5.6666623e-01   4.3333377e-01   0.0000000e+00
   1.0326888e-04   2.7583178e-01   7.2406495e-01
   6.5516887e-01   6.8966225e-02   2.7586490e-01
   4.4827657e-01   1.7241248e-01   3.7931094e-01
   1.0344846e-01   4.1379209e-01   4.8275946e-01
   7.4989781e-01   1.0218824e-04   2.5000000e-01
   2.7586223e-01   3.1034443e-01   4.1379334e-01
   1.0344752e-01   5.8620739e-01   3.1034509e-01
   2.4137927e-01   1.0344827e-01   6.5517247e-01
   3.3333486e-02   3.3333486e-02   9.3333303e-01
   4.6666690e-01   5.3333310e-01   0.0000000e+00
   6.8958385e-01   1.0343347e-04   3.1031272e-01
   3.4482825e-01   3.7930996e-01   2.7586179e-01
   1.0341984e-04   3.4479196e-01   6.5510462e-01
   3.4471552e-02   3.7950806e-01   5.8602039e-01
   3.5714479e-01   6.4285521e-01   0.0000000e+00
   1.3793098e-01   2.0689655e-01   6.5517247e-01
   1.3636350e-01   6.1363650e-01   2.5000000e-01
   6.2062545e-01   1.0343757e-04   3.7927112e-01
   1.0342694e-04   6.5510466e-01   3.4479192e-01
   2.7586201e-01   2.4137949e-01   4.8275851e-01
   1.0220824e-04   7.4989779e-01   2.5000000e-01
   2.0689653e-01   3.1034491e-01   4.8275856e-01
   3.4477865e-02   5.8620987e-01   3.7931227e-01
   3.4482671e-01   2.7586244e-01   3.7931085e-01
   2.4137572e-01   3.7931214e-01   3.7931214e-01
   6.1363637e-01   1.3636363e-01   2.5000000e-01
   1.4285678e-01   8.5714322e-01   0.0000000e+00
   2.3333204e-01   7.6666796e-01   0.0000000e+00
   3.1034416e-01   3.4482792e-01   3.4482792e-01
   3.0681835e-01   4.4318165e-01   2.5000000e-01
   4.1379351e-01   2.4137857e-01   3.4482792e-01
   1.0337000e-04   5.5166710e-01   4.4822953e-01
   9.9853285e-05   1.3331996e-01   8.6658019e-01
   8.9999975e-01   1.0000025e-01   0.0000000e+00
   4.8275861e-01   2.0689657e-01   3.1034482e-01
   6.8963568e-02   2.4137689e-01   6.8965954e-01
   5.5175124e-01   1.7240333e-01   2.7584544e-01
   6.8965254e-02   1.7241384e-01   7.5862090e-01
   2.7583165e-01   1.0340358e-04   7.2406495e-01
   3.4481262e-02   6.8965625e-01   2.7586249e-01
   1.3331986e-01   9.9948887e-05   8.6658019e-01
   9.9454614e-05   9.9462033e-05   9.9980108e-01
   3.7931033e-01   3.1034486e-01   3.1034481e-01
   1.7241382e-01   6.8965361e-02   7.5862082e-01
   1.7241450e-01   2.7585838e-01   5.5172711e-01
   1.0000455e-01   8.9999545e-01   0.0000000e+00
   4.1379322e-01   1.3793098e-01   4.4827580e-01
   6.6666513e-02   6.6666513e-02   8.6666697e-01
   2.7586202e-01   4.1379320e-01   3.1034478e-01
   3.1034210e-01   6.8965790e-01   0.0000000e+00
   1.3793031e-01   4.4827625e-01   4.1379344e-01
   3.7930904e-01   1.0344577e-01   5.1724519e-01
   1.0000011e-01   1.0000011e-01   7.9999977e-01
   1.9998104e-01   9.9968473e-05   7.9991899e-01
   6.8964766e-02   4.8275901e-01   4.4827622e-01
   9.9971122e-05   1.9998104e-01   7.9991899e-01
   5.8620812e-01   6.8963575e-02   3.4482831e-01
   1.3792954e-01   3.4482527e-01   5.1724519e-01
   3.1034286e-01   1.3793002e-01   5.5172711e-01
