   7.3076978e-01   2.6923022e-01   0.0000000e+00
   9.9944836e-05   9.9990006e-01   0.0000000e+00
   3.9999986e-01   6.0000014e-01   0.0000000e+00
   7.6666809e-01   2.3333191e-01   0.0000000e+00
   9.3333205e-01   6.6667948e-02   0.0000000e+00
   1.0344758e-01   3.4483196e-01   5.5172046e-01
   6.6667034e-02   9.3333297e-01   0.0000000e+00
   3.5714104e-01   6.4285896e-01   0.0000000e+00
   1.7045475e-01   5.7954525e-01   2.5000000e-01
   5.1851866e-01   4.8148134e-01   0.0000000e+00
   1.3793124e-01   5.1724066e-01   3.4482810e-01
   8.5715916e-01   1.4284084e-01   0.0000000e+00
   4.8276123e-01   2.0689226e-01   3.1034651e-01
   6.4285695e-01   3.5714305e-01   0.0000000e+00
   4.3333285e-01   5.6666715e-01   0.0000000e+00
   5.8614609e-01   1.0342215e-04   4.1375049e-01
   3.3333139e-02   1.6666670e-01   8.0000016e-01
   4.1379286e-01   1.3792863e-01   4.4827851e-01
   1.9998013e-01   9.9952463e-05   7.9991992e-01
   1.0344791e-01   2.7586218e-01   6.2068991e-01
   1.3792772e-01   4.1379377e-01   4.4827851e-01
   3.4482823e-01   3.7930997e-01   2.7586180e-01
   5.6666761e-01   4.3333239e-01   0.0000000e+00
   2.4137945e-01   1.7241259e-01   5.8620795e-01
   5.9999991e-01   4.0000009e-01   0.0000000e+00
   1.0081101e-04   4.2852861e-01   5.7137058e-01
   9.9990012e-01   9.9878653e-05   0.0000000e+00
   2.3076922e-01   7.6923078e-01   0.0000000e+00
   3.3333506e-02   3.3333510e-02   9.3333298e-01
   3.4482818e-01   6.8963862e-02   5.8620795e-01
   6.8965927e-01   3.4477035e-02   2.7586369e-01
   1.0344624e-01   1.7241204e-01   7.2414172e-01
   2.0689898e-01   5.1723571e-01   2.7586531e-01
   1.8518222e-01   8.1481778e-01   0.0000000e+00
   4.1379475e-01   2.4137630e-01   3.4482895e-01
   3.2142610e-01   4.2857390e-01   2.5000000e-01
   3.4482779e-01   2.7586166e-01   3.7931056e-01
   3.3333580e-02   9.6666642e-01   0.0000000e+00
   1.7241567e-01   6.8964590e-02   7.5861974e-01
   1.3792443e-01   8.6207557e-01   0.0000000e+00
   3.0769263e-01   6.9230737e-01   0.0000000e+00
   1.0225172e-04   7.4989775e-01   2.5000000e-01
   6.8965560e-01   3.1034440e-01   0.0000000e+00
   6.8181530e-02   6.8181847e-01   2.5000000e-01
   2.0689598e-01   3.7931202e-01   4.1379200e-01
   2.7586216e-01   1.0344797e-01   6.2068987e-01
   1.0041884e-04   5.3566585e-01   4.6423373e-01
   9.9464256e-05   1.3332004e-01   8.6658049e-01
   5.0240021e-01   6.6974240e-02   4.3062555e-01
   6.6672712e-02   2.3335234e-01   6.9997495e-01
   2.0689557e-01   2.4137964e-01   5.5172479e-01
   2.4137866e-01   4.1379346e-01   3.4482788e-01
   2.6667173e-01   7.3332827e-01   0.0000000e+00
   4.9994989e-01   9.9962866e-05   4.9995014e-01
   1.0344849e-01   6.2068888e-01   2.7586263e-01
   6.5510464e-01   1.0338996e-04   3.4479197e-01
   1.0341806e-04   6.5510461e-01   3.4479197e-01
   9.6666715e-01   3.3332849e-02   0.0000000e+00
   3.7931109e-01   1.0344659e-01   5.1724232e-01
   9.9999988e-02   1.0000000e-01   8.0000001e-01
   1.7241336e-01   3.1034651e-01   5.1724012e-01
   1.0343478e-04   4.8270868e-01   5.1718788e-01
   4.4827544e-01   1.7241393e-01   3.7931063e-01
   1.0344486e-01   4.8276052e-01   4.1379463e-01
   6.1363128e-01   1.3636872e-01   2.5000000e-01
   3.7931393e-01   2.0688906e-01   4.1379701e-01
   2.7586090e-01   3.1034534e-01   4.1379377e-01
   1.0000413e-01   8.9999587e-01   0.0000000e+00
   6.6666253e-02   6.6666263e-02   8.6666748e-01
   3.1034655e-01   1.3792626e-01   5.5172719e-01
   2.4137929e-01   2.7586213e-01   4.8275858e-01
   2.7586184e-01   2.0689630e-01   5.1724185e-01
   3.7927105e-01   1.0343014e-04   6.2062552e-01
   3.7931467e-01   3.1034260e-01   3.1034273e-01
   3.4482604e-02   3.4482764e-01   6.2068975e-01
   4.6666659e-01   5.3333341e-01   0.0000000e+00
   1.3792848e-01   2.0689285e-01   6.5517867e-01
   3.4482661e-01   1.7241405e-01   4.8275934e-01
   2.0689277e-01   1.3792856e-01   6.5517867e-01
   7.4989777e-01   1.0223487e-04   2.5000000e-01
   4.2857156e-01   3.2142844e-01   2.5000000e-01
   5.5174896e-01   1.7240420e-01   2.7584684e-01
   5.1136389e-01   2.3863611e-01   2.5000000e-01
   1.3331970e-01   9.9812683e-05   8.6658049e-01
   3.4483301e-02   5.8619994e-01   3.7931676e-01
   5.5172311e-01   1.0344851e-01   3.4482838e-01
   2.7586071e-01   4.4827855e-01   2.7586074e-01
   3.1034472e-01   2.4137678e-01   4.4827851e-01
   6.8963302e-02   4.4827715e-01   4.8275955e-01
   1.0341773e-04   3.1031777e-01   6.8957881e-01
   8.0769355e-01   1.9230645e-01   0.0000000e+00
   1.7241531e-01   4.4827101e-01   3.7931368e-01
   9.9900632e-05   2.3331124e-01   7.6658886e-01
   4.1379430e-01   3.4480248e-02   5.5172545e-01
   9.0000032e-01   9.9999683e-02   0.0000000e+00
   2.4137929e-01   3.4478989e-02   7.2414172e-01
   3.1031788e-01   1.0331132e-04   6.8957881e-01
   3.1033901e-01   3.4483260e-01   3.4482839e-01
   6.2068987e-01   6.8965298e-02   3.1034484e-01
   8.6542221e-05   8.7122154e-05   9.9982634e-01
