   9.9990003e-01   9.9973158e-05   0.0000000e+00
   5.6666588e-01   4.3333412e-01   0.0000000e+00
   2.7583319e-01   1.0340754e-04   7.2406341e-01
   9.3333272e-01   6.6667281e-02   0.0000000e+00
   9.9999997e-02   9.0000000e-01   0.0000000e+00
   1.8518561e-01   8.1481439e-01   0.0000000e+00
   5.3333056e-01   4.6666944e-01   0.0000000e+00
   3.5714099e-01   6.4285901e-01   0.0000000e+00
   2.7586064e-01   3.4482827e-01   3.7931110e-01
   3.4482759e-01   3.1034482e-01   3.4482759e-01
   3.9285701e-01   3.5714299e-01   2.5000000e-01
   4.4827661e-01   2.0689524e-01   3.4482816e-01
   6.6666235e-02   9.3333376e-01   0.0000000e+00
   1.7239444e-01   6.8956501e-02   7.5864906e-01
   1.3793018e-01   1.7241396e-01   6.8965586e-01
   6.1364084e-01   1.3635916e-01   2.5000000e-01
   2.0689616e-01   1.0344798e-01   6.8965586e-01
   2.3076675e-01   7.6923325e-01   0.0000000e+00
   1.0225216e-04   7.4989775e-01   2.5000000e-01
   3.0682644e-01   4.4317356e-01   2.5000000e-01
   1.0337543e-04   5.5166700e-01   4.4822962e-01
   2.4137940e-01   1.3793071e-01   6.2068989e-01
   1.0343286e-04   6.2062545e-01   3.7927112e-01
   6.2068965e-01   6.8965519e-02   3.1034483e-01
   6.8965646e-02   2.7586067e-01   6.5517368e-01
   1.0344676e-01   3.7931099e-01   5.1724224e-01
   7.4989776e-01   1.0223534e-04   2.5000000e-01
   1.3332014e-01   9.9965475e-05   8.6657990e-01
   6.5510463e-01   1.0343337e-04   3.4479194e-01
   9.0000000e-01   1.0000000e-01   0.0000000e+00
   9.6666671e-01   3.3333290e-02   0.0000000e+00
   2.6667283e-01   7.3332717e-01   0.0000000e+00
   4.8276098e-01   1.3792682e-01   3.7931220e-01
   4.3333667e-01   5.6666333e-01   0.0000000e+00
   9.9833839e-05   2.3331003e-01   7.6659014e-01
   3.7931101e-01   2.4137798e-01   3.7931101e-01
   6.8965712e-01   3.4480070e-02   2.7586281e-01
   2.4137881e-01   3.1034503e-01   4.4827616e-01
   1.0226614e-01   6.4773386e-01   2.5000000e-01
   3.1034428e-01   2.7586229e-01   4.1379343e-01
   6.8965292e-02   2.0689589e-01   7.2413882e-01
   6.6987074e-02   5.0240320e-01   4.3060973e-01
   1.3793071e-01   3.1034495e-01   5.5172434e-01
   3.0769173e-01   6.9230827e-01   0.0000000e+00
   2.4137951e-01   2.4137925e-01   5.1724124e-01
   1.9999148e-01   9.9901097e-05   7.9990862e-01
   1.3793027e-01   8.6206973e-01   0.0000000e+00
   1.3792892e-01   2.4137979e-01   6.2069130e-01
   5.8614627e-01   1.0342785e-04   4.1375031e-01
   3.9999932e-01   6.0000068e-01   0.0000000e+00
   5.0000016e-01   2.4999984e-01   2.5000000e-01
   1.0343691e-04   3.1031268e-01   6.8958388e-01
   9.9984497e-05   9.9990002e-01   0.0000000e+00
   3.7927116e-01   1.0339273e-04   6.2062545e-01
   4.9994923e-01   9.9972830e-05   4.9995080e-01
   6.5516983e-01   3.4483017e-01   0.0000000e+00
   5.5172426e-01   1.7241362e-01   2.7586213e-01
   5.5172783e-01   1.0344229e-01   3.4482988e-01
   1.3793103e-01   4.1379311e-01   4.4827587e-01
   7.6667227e-01   2.3332773e-01   0.0000000e+00
   1.0344831e-01   5.5172399e-01   3.4482770e-01
   2.0689666e-01   2.0689643e-01   5.8620691e-01
   1.3791511e-01   5.8625455e-01   2.7583034e-01
   6.8964044e-02   6.2069774e-01   3.1033821e-01
   7.3333259e-01   2.6666741e-01   0.0000000e+00
   3.1034436e-01   1.7241391e-01   5.1724173e-01
   8.5714291e-01   1.4285709e-01   0.0000000e+00
   4.4822960e-01   1.0338384e-04   5.5166702e-01
   9.9950806e-05   4.6661684e-01   5.3328321e-01
   4.1379260e-01   2.7586295e-01   3.1034445e-01
   2.0454483e-01   5.4545517e-01   2.5000000e-01
   2.0689513e-01   3.7931094e-01   4.1379393e-01
   6.9999830e-01   3.0000170e-01   0.0000000e+00
   1.0336294e-04   4.1375118e-01   5.8614545e-01
   3.1034273e-01   3.7931452e-01   3.1034275e-01
   4.4827650e-01   1.0344701e-01   4.4827650e-01
   1.0343578e-04   6.8958388e-01   3.1031268e-01
   1.0344413e-01   1.0344402e-01   7.9311185e-01
   3.7930986e-01   1.3793138e-01   4.8275876e-01
   1.7241273e-01   4.4827644e-01   3.7931083e-01
   3.4482814e-01   2.0689529e-01   4.4827657e-01
   2.4137981e-01   4.1379188e-01   3.4482830e-01
   3.1034432e-01   3.4482703e-02   6.5517298e-01
   9.9823589e-05   1.6664962e-01   8.3325056e-01
   1.7241379e-01   5.1724138e-01   3.1034483e-01
   4.1379312e-01   6.8965490e-02   5.1724139e-01
   1.7241373e-01   3.4482751e-01   4.8275876e-01
   3.3331206e-02   9.6666879e-01   0.0000000e+00
   5.1724545e-01   6.8958197e-02   4.1379636e-01
   3.4478531e-02   3.4482916e-01   6.2069231e-01
   3.4482772e-01   1.0344795e-01   5.5172434e-01
   4.8148135e-01   5.1851865e-01   0.0000000e+00
   6.6666455e-02   6.6666381e-02   8.6666716e-01
   6.0714199e-01   3.9285801e-01   0.0000000e+00
   4.1379419e-01   1.7241155e-01   4.1379427e-01
   8.0769204e-01   1.9230796e-01   0.0000000e+00
   2.4137928e-01   4.8275862e-01   2.7586210e-01
   7.3833863e-05   9.9987647e-02   8.9993852e-01
   9.6692563e-05   9.7876792e-05   9.9980543e-01
   6.6639871e-02   8.6111897e-05   9.3327402e-01
