   3.0768789e-01   6.9231211e-01   0.0000000e+00
   2.7273236e-01   4.7726757e-01   2.5000007e-01
   4.3333345e-01   5.6666655e-01   0.0000000e+00
   1.0335647e-04   6.2062550e-01   3.7927114e-01
   3.1034479e-01   3.1034484e-01   3.7931036e-01
   2.6666425e-01   7.3333575e-01   0.0000000e+00
   3.5714210e-01   6.4285790e-01   0.0000000e+00
   1.7240923e-01   4.8276129e-01   3.4482948e-01
   2.0689655e-01   1.3793103e-01   6.5517242e-01
   1.7045821e-01   5.7954172e-01   2.5000007e-01
   3.4483170e-01   6.8954401e-02   5.8621390e-01
   6.5517214e-01   3.4482786e-01   0.0000000e+00
   3.4482601e-01   2.4137999e-01   4.1379400e-01
   2.4138086e-01   2.0689606e-01   5.5172308e-01
   1.3793069e-01   8.6206931e-01   0.0000000e+00
   7.3333179e-01   2.6666821e-01   0.0000000e+00
   1.0000217e-01   8.9999783e-01   0.0000000e+00
   6.8182624e-02   6.8181731e-01   2.5000007e-01
   9.6666972e-01   3.3330276e-02   0.0000000e+00
   5.6666381e-01   4.3333619e-01   0.0000000e+00
   4.2857139e-01   3.2142854e-01   2.5000007e-01
   1.0338163e-04   3.4479198e-01   6.5510464e-01
   9.0000033e-01   9.9999668e-02   0.0000000e+00
   6.8964592e-02   3.1034514e-01   6.2069027e-01
   5.1852004e-01   4.8147996e-01   0.0000000e+00
   6.1363746e-01   1.3636247e-01   2.5000007e-01
   3.7499993e-01   3.7500000e-01   2.5000007e-01
   6.0714008e-01   3.9285992e-01   0.0000000e+00
   1.8518450e-01   8.1481550e-01   0.0000000e+00
   6.8181932e-01   6.8180608e-02   2.5000007e-01
   3.3329029e-02   9.6667097e-01   0.0000000e+00
   8.5714193e-01   1.4285807e-01   0.0000000e+00
   1.3333595e-01   1.0000197e-01   7.6666208e-01
   6.6666743e-02   1.3333351e-01   7.9999975e-01
   1.0341347e-04   2.4134678e-01   7.5854981e-01
   1.7241312e-01   3.7931065e-01   4.4827623e-01
   3.9999812e-01   6.0000188e-01   0.0000000e+00
   1.0344510e-01   2.4138016e-01   6.5517474e-01
   3.1034487e-01   3.4482636e-02   6.5517250e-01
   2.4137754e-01   3.4482847e-01   4.1379400e-01
   9.3333385e-01   6.6666148e-02   0.0000000e+00
   3.4482757e-01   3.4482762e-01   3.1034481e-01
   1.9998204e-01   9.9983137e-05   7.9991798e-01
   4.3062042e-01   6.6986170e-02   5.0239341e-01
   5.8620697e-01   1.0344816e-01   3.1034487e-01
   8.0769445e-01   1.9230555e-01   0.0000000e+00
   2.7586203e-01   1.0344828e-01   6.2068969e-01
   7.4989771e-01   1.0222157e-04   2.5000007e-01
   5.4545447e-01   2.0454546e-01   2.5000007e-01
   3.1034430e-01   4.1379410e-01   2.7586160e-01
   3.3333327e-02   2.6666667e-01   7.0000000e-01
   5.3565704e-01   1.0040723e-04   4.6424255e-01
   1.3793058e-01   4.4827542e-01   4.1379400e-01
   2.4137906e-01   4.4827644e-01   3.1034451e-01
   9.9872433e-05   1.6665021e-01   8.3324991e-01
   5.5172475e-01   6.8964492e-02   3.7931076e-01
   2.7586203e-01   2.7586208e-01   4.4827588e-01
   1.7241619e-01   3.1035016e-01   5.1723366e-01
   1.0344522e-01   6.2069177e-01   2.7586301e-01
   1.0333316e-01   3.8000035e-01   5.1666649e-01
   2.0689652e-01   4.1379312e-01   3.7931036e-01
   6.9999854e-01   3.0000146e-01   0.0000000e+00
   3.7931041e-01   1.7241365e-01   4.4827594e-01
   6.8967581e-02   5.8619450e-01   3.4483792e-01
   1.0344709e-01   5.1724206e-01   3.7931085e-01
   1.0343551e-04   5.5166691e-01   4.4822965e-01
   3.1034359e-01   2.0689571e-01   4.8276070e-01
   2.7583420e-01   1.0340764e-04   7.2406239e-01
   1.0221794e-04   7.4989771e-01   2.5000007e-01
   1.0039654e-04   4.6423727e-01   5.3566233e-01
   9.9999921e-02   6.6666610e-02   8.3333347e-01
   7.6666847e-01   2.3333153e-01   0.0000000e+00
   4.6667217e-01   5.3332783e-01   0.0000000e+00
   3.7930806e-01   2.7586308e-01   3.4482885e-01
   4.4822973e-01   1.0340836e-04   5.5166687e-01
   2.3076868e-01   7.6923132e-01   0.0000000e+00
   1.0337268e-04   6.8958389e-01   3.1031273e-01
   3.7927125e-01   1.0341637e-04   6.2062534e-01
   6.5517287e-01   3.4482128e-02   3.1034501e-01
   2.0689494e-01   6.8964628e-02   7.2414043e-01
   1.7241385e-01   2.0689631e-01   6.2068984e-01
   6.6666658e-02   9.3333334e-01   0.0000000e+00
   2.7586408e-01   3.7930639e-01   3.4482954e-01
   9.9990006e-01   9.9937838e-05   0.0000000e+00
   4.1379377e-01   2.0689528e-01   3.7931095e-01
   4.8275884e-01   1.7241341e-01   3.4482774e-01
   4.6786807e-01   1.0025409e-01   4.3187784e-01
   9.9869434e-05   9.9990013e-01   0.0000000e+00
   3.4481483e-02   3.7931084e-01   5.8620768e-01
   1.3793104e-01   2.7586212e-01   5.8620685e-01
   6.8964690e-02   4.8275906e-01   4.4827625e-01
   3.1039209e-01   1.3792156e-01   5.5168635e-01
   1.3332414e-01   9.9927601e-05   8.6657593e-01
   2.0689798e-01   5.1724033e-01   2.7586169e-01
   6.2062542e-01   1.0343204e-04   3.7927114e-01
   4.8275956e-01   2.4137791e-01   2.7586254e-01
   9.9445739e-05   9.9989739e-02   8.9991082e-01
   6.6639957e-02   6.7385952e-05   9.3329266e-01
   1.0344626e-01   1.7241371e-01   7.2414003e-01
   9.9270328e-05   9.9216151e-05   9.9980151e-01
