   1.0342497e-04   6.2062526e-01   3.7927132e-01
   1.7045157e-01   5.7954843e-01   2.5000000e-01
   9.9700166e-05   9.9990030e-01   0.0000000e+00
   3.1034406e-01   6.8965594e-01   0.0000000e+00
   1.3792978e-01   5.5172494e-01   3.1034528e-01
   6.4285800e-01   3.5714200e-01   0.0000000e+00
   6.6705914e-02   4.3298852e-01   5.0030556e-01
   4.3061857e-01   6.6986283e-02   5.0239515e-01
   3.3332660e-02   2.3333905e-01   7.3332829e-01
   3.4482760e-01   3.4482758e-01   3.1034482e-01
   2.6923145e-01   7.3076855e-01   0.0000000e+00
   1.0344572e-01   3.7931142e-01   5.1724285e-01
   3.2142871e-01   4.2857129e-01   2.5000000e-01
   1.0339222e-04   3.7927178e-01   6.2062483e-01
   4.2856996e-01   3.2143004e-01   2.5000000e-01
   6.6667076e-02   9.3333292e-01   0.0000000e+00
   6.8964839e-02   2.7586227e-01   6.5517289e-01
   9.9990044e-01   9.9555665e-05   0.0000000e+00
   9.9957468e-05   1.0000152e-01   8.9989853e-01
   3.4479200e-01   1.0341806e-04   6.5510458e-01
   1.0343434e-04   2.0687305e-01   7.9302351e-01
   4.4822971e-01   1.0342290e-04   5.5166687e-01
   1.0043598e-04   5.3565878e-01   4.6424078e-01
   6.0000017e-01   3.9999983e-01   0.0000000e+00
   2.3333489e-01   7.6666511e-01   0.0000000e+00
   2.0689642e-01   2.4137983e-01   5.5172375e-01
   7.4989777e-01   1.0222665e-04   2.5000000e-01
   2.4137998e-01   1.3792919e-01   6.2069083e-01
   3.7931445e-01   2.7585423e-01   3.4483132e-01
   5.3333301e-01   4.6666699e-01   0.0000000e+00
   4.8275867e-01   1.3793095e-01   3.7931038e-01
   2.7583333e-01   1.0333555e-04   7.2406333e-01
   3.1034624e-01   2.0689735e-01   4.8275641e-01
   9.9999013e-02   9.9999009e-02   8.0000198e-01
   9.9999799e-02   3.3333082e-02   8.6666712e-01
   1.0216489e-04   7.4989784e-01   2.5000000e-01
   2.3863997e-01   5.1136003e-01   2.5000000e-01
   2.4137759e-01   4.4827978e-01   3.1034263e-01
   6.8958388e-01   1.0338836e-04   3.1031274e-01
   1.7241411e-01   3.7930919e-01   4.4827669e-01
   1.0000124e-01   8.9999876e-01   0.0000000e+00
   8.0769273e-01   1.9230727e-01   0.0000000e+00
   2.0689602e-01   4.1379339e-01   3.7931060e-01
   1.0344718e-01   3.1034393e-01   5.8620889e-01
   1.9230835e-01   8.0769165e-01   0.0000000e+00
   1.0339575e-04   6.8958387e-01   3.1031274e-01
   3.7931055e-01   3.4480562e-02   5.8620889e-01
   3.4482951e-01   2.4137509e-01   4.1379541e-01
   5.1724513e-01   6.8958769e-02   4.1379610e-01
   3.7930860e-01   1.7241428e-01   4.4827712e-01
   5.6666627e-01   4.3333373e-01   0.0000000e+00
   6.0707190e-01   1.0115764e-04   3.9282695e-01
   9.3333053e-01   6.6669467e-02   0.0000000e+00
   3.9999834e-01   6.0000166e-01   0.0000000e+00
   2.7586207e-01   2.7586206e-01   4.4827587e-01
   6.9230719e-01   3.0769281e-01   0.0000000e+00
   4.3333448e-01   5.6666552e-01   0.0000000e+00
   9.6666810e-01   3.3331901e-02   0.0000000e+00
   2.4137929e-01   6.8965462e-02   6.8965525e-01
   5.4544963e-01   2.0455037e-01   2.5000000e-01
   3.3333294e-02   1.3333459e-01   8.3333212e-01
   1.3793108e-01   4.4827571e-01   4.1379321e-01
   3.1034483e-01   3.1034482e-01   3.7931035e-01
   5.3327979e-01   9.9980222e-05   4.6662023e-01
   3.5714254e-01   6.4285746e-01   0.0000000e+00
   7.3333362e-01   2.6666638e-01   0.0000000e+00
   6.8960761e-02   5.8620989e-01   3.4482935e-01
   2.0000473e-01   3.3333960e-02   7.6666131e-01
   2.7586216e-01   3.7931016e-01   3.4482768e-01
   7.6667111e-01   2.3332889e-01   0.0000000e+00
   1.6665026e-01   9.9984788e-05   8.3324975e-01
   1.0344890e-01   5.1723841e-01   3.7931270e-01
   6.8177448e-02   6.8182255e-01   2.5000000e-01
   6.2068945e-01   6.8965778e-02   3.1034477e-01
   8.5714345e-01   1.4285655e-01   0.0000000e+00
   8.9999963e-01   1.0000037e-01   0.0000000e+00
   4.8276066e-01   2.0689319e-01   3.1034614e-01
   4.1379254e-01   2.0689675e-01   3.7931071e-01
   2.7586247e-01   1.7241258e-01   5.5172495e-01
   2.4138079e-01   3.4482358e-01   4.1379563e-01
   1.7241379e-01   1.7241379e-01   6.5517242e-01
   6.6660391e-02   8.6346237e-05   9.3325326e-01
   1.7241372e-01   3.1034513e-01   5.1724115e-01
   1.0341048e-04   4.4822972e-01   5.5166687e-01
   6.4772849e-01   1.0227151e-01   2.5000000e-01
   5.8620903e-01   1.3792800e-01   2.7586298e-01
   1.7241228e-01   1.0344824e-01   7.2413948e-01
   1.0339639e-04   3.1031270e-01   6.8958390e-01
   3.3330190e-02   9.6666981e-01   0.0000000e+00
   1.0344826e-01   1.7241368e-01   7.2413805e-01
   3.1034376e-01   1.0344735e-01   5.8620889e-01
   4.8147720e-01   5.1852280e-01   0.0000000e+00
   1.7241327e-01   4.8275901e-01   3.4482772e-01
   4.4828217e-01   2.7585892e-01   2.7585891e-01
   3.4482858e-01   1.3792856e-01   5.1724287e-01
   1.3792919e-01   2.4137997e-01   6.2069084e-01
   1.4285715e-01   8.5714285e-01   0.0000000e+00
   1.0344638e-01   6.2069470e-01   2.7585892e-01
   9.7586690e-05   8.3828744e-05   9.9981858e-01
   5.5172452e-01   1.0344776e-01   3.4482773e-01
