   1.0344675e-01   2.4137971e-01   6.5517353e-01
   2.4137873e-01   3.1034648e-01   4.4827479e-01
   3.4489967e-01   1.3791585e-01   5.1718448e-01
   3.3331492e-02   9.6666851e-01   0.0000000e+00
   3.4471878e-02   3.7931459e-01   5.8621353e-01
   1.0225098e-04   7.4989772e-01   2.5000003e-01
   4.6666884e-01   5.3333116e-01   0.0000000e+00
   5.5172448e-01   1.0344773e-01   3.4482779e-01
   6.6666138e-02   9.3333386e-01   0.0000000e+00
   3.9285852e-01   3.5714145e-01   2.5000003e-01
   9.9962743e-05   2.3331073e-01   7.6658931e-01
   3.3331471e-02   1.6666956e-01   7.9999897e-01
   1.0000042e-01   1.0000061e-01   7.9999897e-01
   9.9990026e-01   9.9735525e-05   0.0000000e+00
   8.0769255e-01   1.9230745e-01   0.0000000e+00
   3.7940732e-01   6.8954640e-02   5.5163804e-01
   1.8517999e-01   8.1482001e-01   0.0000000e+00
   6.8965552e-02   6.2068946e-01   3.1034499e-01
   9.9943591e-05   9.9990006e-01   0.0000000e+00
   6.9997074e-01   3.3332309e-02   2.6669695e-01
   4.1374991e-01   1.0335719e-04   5.8614673e-01
   6.4772773e-01   1.0227224e-01   2.5000003e-01
   4.3333421e-01   5.6666579e-01   0.0000000e+00
   1.7241301e-01   3.7931070e-01   4.4827628e-01
   1.3636240e-01   6.1363757e-01   2.5000003e-01
   2.3863793e-01   5.1136204e-01   2.5000003e-01
   4.1379645e-01   2.7586049e-01   3.1034305e-01
   9.9976779e-05   4.3328752e-01   5.6661250e-01
   5.1853027e-01   4.8146973e-01   0.0000000e+00
   3.0682036e-01   4.4317961e-01   2.5000003e-01
   7.4989782e-01   1.0214894e-04   2.5000003e-01
   4.4827614e-01   1.0344772e-01   4.4827614e-01
   7.3076649e-01   2.6923351e-01   0.0000000e+00
   6.8965544e-01   3.1034456e-01   0.0000000e+00
   3.5714257e-01   6.4285743e-01   0.0000000e+00
   4.0000088e-01   5.9999912e-01   0.0000000e+00
   1.7240801e-01   3.4480788e-02   7.9311120e-01
   2.4134595e-01   1.0339506e-04   7.5855065e-01
   4.8275790e-01   1.3793109e-01   3.7931101e-01
   5.6666645e-01   4.3333355e-01   0.0000000e+00
   3.1034507e-01   3.7931021e-01   3.1034472e-01
   2.7585935e-01   3.4482888e-01   3.7931177e-01
   9.9908395e-05   1.3332235e-01   8.6657775e-01
   1.0343218e-04   6.5510465e-01   3.4479192e-01
   6.8964364e-02   2.0689547e-01   7.2414016e-01
   1.0336781e-04   3.1031247e-01   6.8958416e-01
   2.7586217e-01   6.8965304e-02   6.5517253e-01
   1.0000007e-01   8.9999993e-01   0.0000000e+00
   9.0000026e-01   9.9999741e-02   0.0000000e+00
   6.8964838e-02   3.1034521e-01   6.2068996e-01
   2.3076901e-01   7.6923099e-01   0.0000000e+00
   1.3333342e-01   1.3333368e-01   7.3333290e-01
   3.1031253e-01   1.0330691e-04   6.8958416e-01
   2.6666749e-01   7.3333251e-01   0.0000000e+00
   9.6666573e-01   3.3334274e-02   0.0000000e+00
   6.7037223e-02   4.3019086e-01   5.0277192e-01
   4.4827460e-01   2.0689702e-01   3.4482837e-01
   5.1724375e-01   6.8961253e-02   4.1379500e-01
   5.1725236e-01   1.7240987e-01   3.1033777e-01
   1.3792921e-01   8.6207079e-01   0.0000000e+00
   2.4137936e-01   4.4827576e-01   3.1034489e-01
   3.4482817e-01   2.0689520e-01   4.4827662e-01
   3.0769294e-01   6.9230706e-01   0.0000000e+00
   1.3792993e-01   2.7586239e-01   5.8620768e-01
   7.6667015e-01   2.3332985e-01   0.0000000e+00
   6.4285654e-01   3.5714346e-01   0.0000000e+00
   6.2068978e-01   6.8965332e-02   3.1034489e-01
   1.3332231e-01   9.9947037e-05   8.6657775e-01
   5.8614630e-01   1.0338177e-04   4.1375032e-01
   6.6660216e-02   3.3330108e-02   9.0000968e-01
   3.4482734e-01   3.1034495e-01   3.4482771e-01
   1.0344516e-01   5.5172606e-01   3.4482878e-01
   3.4482619e-02   6.8965540e-01   2.7586198e-01
   8.5714455e-01   1.4285545e-01   0.0000000e+00
   1.0344819e-01   3.4482774e-01   5.5172407e-01
   9.9983361e-05   4.9995074e-01   4.9994928e-01
   2.0689717e-01   2.4137876e-01   5.5172407e-01
   2.7586197e-01   2.0689684e-01   5.1724118e-01
   3.1034573e-01   1.0344552e-01   5.8620875e-01
   5.8621010e-01   1.3792633e-01   2.7586357e-01
   1.3793167e-01   4.4827333e-01   4.1379500e-01
   9.3333232e-01   6.6667681e-02   0.0000000e+00
   1.7241457e-01   5.5172216e-01   2.7586327e-01
   6.5510465e-01   1.0342751e-04   3.4479192e-01
   1.7241129e-01   4.8276009e-01   3.4482862e-01
   4.9999998e-01   2.4999999e-01   2.5000003e-01
   2.0689650e-01   1.0344825e-01   6.8965525e-01
   6.0000028e-01   3.9999972e-01   0.0000000e+00
   2.4138015e-01   1.7241082e-01   5.8620903e-01
   9.4698187e-05   6.6645407e-02   9.3325990e-01
   6.8965246e-02   5.1724153e-01   4.1379323e-01
   1.7241357e-01   1.7241390e-01   6.5517253e-01
   1.0341692e-04   5.8614627e-01   4.1375032e-01
   2.0689506e-01   4.1379392e-01   3.7931102e-01
   4.9995074e-01   9.9981840e-05   4.9994928e-01
   1.7241364e-01   3.1034493e-01   5.1724143e-01
   3.7931112e-01   2.4137786e-01   3.7931102e-01
   4.1379489e-01   1.7241011e-01   4.1379500e-01
   3.1034485e-01   2.7586203e-01   4.1379312e-01
   9.6490920e-05   9.8820972e-05   9.9980469e-01
