   5.4545297e-01   2.0454697e-01   2.5000006e-01
   2.6666673e-01   7.3333327e-01   0.0000000e+00
   6.8958400e-01   1.0343142e-04   3.1031257e-01
   2.3076923e-01   7.6923077e-01   0.0000000e+00
   5.8614622e-01   1.0336802e-04   4.1375042e-01
   2.0689586e-01   2.0689586e-01   5.8620827e-01
   2.7586108e-01   3.7931087e-01   3.4482806e-01
   1.0344746e-01   2.7586232e-01   6.2069022e-01
   7.3077093e-01   2.6922907e-01   0.0000000e+00
   2.3863692e-01   5.1136302e-01   2.5000006e-01
   7.6666576e-01   2.3333424e-01   0.0000000e+00
   1.0338739e-04   3.1031292e-01   6.8958369e-01
   5.5171648e-01   1.3793339e-01   3.1035013e-01
   1.0216823e-04   7.4989777e-01   2.5000006e-01
   9.3333307e-01   6.6666926e-02   0.0000000e+00
   2.7586262e-01   1.7241215e-01   5.5172523e-01
   5.5171935e-01   6.8966253e-02   3.7931440e-01
   3.4481747e-02   6.8965590e-01   2.7586236e-01
   6.4285613e-01   3.5714387e-01   0.0000000e+00
   3.3333900e-02   9.6666610e-01   0.0000000e+00
   8.5714291e-01   1.4285709e-01   0.0000000e+00
   6.6665789e-02   9.3333421e-01   0.0000000e+00
   1.7241277e-01   2.7586241e-01   5.5172482e-01
   8.9999943e-01   1.0000057e-01   0.0000000e+00
   1.7843314e-01   4.2864382e-01   3.9292304e-01
   3.4482810e-01   1.0344695e-01   5.5172496e-01
   4.0000007e-01   5.9999993e-01   0.0000000e+00
   1.0000331e-01   3.3334334e-02   8.6666236e-01
   4.8148042e-01   5.1851958e-01   0.0000000e+00
   3.7931092e-01   2.7586097e-01   3.4482811e-01
   1.0344842e-01   2.0689523e-01   6.8965635e-01
   1.8518404e-01   8.1481596e-01   0.0000000e+00
   9.9959286e-05   9.9990004e-01   0.0000000e+00
   3.7931014e-01   1.3793108e-01   4.8275878e-01
   1.7241379e-01   1.7241379e-01   6.5517243e-01
   6.0000001e-01   3.9999999e-01   0.0000000e+00
   3.4091078e-01   4.0908916e-01   2.5000006e-01
   3.5714185e-01   6.4285815e-01   0.0000000e+00
   4.1375072e-01   1.0343471e-04   5.8614585e-01
   9.9990006e-01   9.9938044e-05   0.0000000e+00
   6.8100308e-01   6.8101520e-02   2.5089540e-01
   3.4482759e-01   3.4482759e-01   3.1034483e-01
   1.7239488e-01   1.0342420e-04   8.2750169e-01
   4.1379317e-01   1.7241366e-01   4.1379317e-01
   1.0340624e-04   5.5166708e-01   4.4822952e-01
   3.4479176e-01   1.0342300e-04   6.5510481e-01
   3.3333260e-02   1.3332989e-01   8.3333685e-01
   4.9994570e-01   9.9978828e-05   4.9995433e-01
   1.3636458e-01   6.1363535e-01   2.5000006e-01
   3.4482289e-02   4.8275886e-01   4.8275886e-01
   2.4137780e-01   3.4482827e-01   4.1379393e-01
   6.2068968e-01   1.0344824e-01   2.7586209e-01
   3.0769208e-01   6.9230792e-01   0.0000000e+00
   4.3333456e-01   5.6666544e-01   0.0000000e+00
   1.0344828e-01   3.4482759e-01   5.5172414e-01
   2.4137437e-01   1.0344894e-01   6.5517669e-01
   8.0769129e-01   1.9230871e-01   0.0000000e+00
   2.7586207e-01   2.7586207e-01   4.4827586e-01
   6.8965457e-02   6.2068972e-01   3.1034483e-01
   3.1034532e-01   6.8964044e-02   6.2069063e-01
   9.9929733e-05   4.3328782e-01   5.6661225e-01
   9.9999912e-02   9.0000009e-01   0.0000000e+00
   4.8275980e-01   2.4137745e-01   2.7586274e-01
   6.2068983e-01   3.4482487e-02   3.4482768e-01
   3.4482761e-01   2.4137927e-01   4.1379313e-01
   1.0342849e-04   6.5510461e-01   3.4479196e-01
   1.3793079e-01   5.1724153e-01   3.4482768e-01
   7.4989768e-01   1.0225770e-04   2.5000006e-01
   5.3333223e-01   4.6666777e-01   0.0000000e+00
   3.1034484e-01   2.0689655e-01   4.8275861e-01
   3.1034483e-01   3.1034483e-01   3.7931035e-01
   3.4479528e-02   5.8620886e-01   3.7931161e-01
   9.6666854e-01   3.3331464e-02   0.0000000e+00
   1.7240580e-01   5.5174489e-01   2.7584931e-01
   2.7586279e-01   4.4827442e-01   2.7586279e-01
   2.0689659e-01   6.8965318e-02   7.2413809e-01
   4.4827283e-01   2.0689769e-01   3.4482948e-01
   2.7583357e-01   1.0343089e-04   7.2406300e-01
   1.0344817e-01   4.4827592e-01   4.4827592e-01
   1.3793105e-01   3.7931027e-01   4.8275868e-01
   6.8966196e-02   5.1723662e-01   4.1379718e-01
   6.6665582e-02   1.6666739e-01   7.6666703e-01
   6.8965599e-01   3.1034401e-01   0.0000000e+00
   4.8275930e-01   1.3792983e-01   3.7931087e-01
   5.6666615e-01   4.3333385e-01   0.0000000e+00
   4.2857142e-01   3.2142852e-01   2.5000006e-01
   4.1379207e-01   6.8965317e-02   5.1724261e-01
   4.4827473e-01   1.0344849e-01   4.4827678e-01
   3.4480878e-02   3.4482826e-01   6.2069086e-01
   1.3792892e-01   8.6207108e-01   0.0000000e+00
   6.6652317e-02   7.6052944e-05   9.3327163e-01
   9.7742875e-05   9.9981896e-02   8.9992036e-01
   6.8964993e-02   4.1379240e-01   5.1724261e-01
   9.4971593e-05   1.9998064e-01   7.9992439e-01
   2.0689660e-01   3.1034481e-01   4.8275860e-01
   3.4481649e-02   2.4137955e-01   7.2413880e-01
   2.4137869e-01   2.4137869e-01   5.1724261e-01
   1.3793122e-01   1.0344841e-01   7.5862038e-01
   2.0689703e-01   4.8275775e-01   3.1034523e-01
   9.8727373e-05   8.9620941e-05   9.9981165e-01
