   3.1031276e-01   1.0335259e-04   6.8958389e-01
   2.3076966e-01   7.6923034e-01   0.0000000e+00
   4.6666691e-01   5.3333309e-01   0.0000000e+00
   6.7999991e-01   3.2000009e-01   0.0000000e+00
   6.3333541e-01   3.6666459e-01   0.0000000e+00
   6.6667256e-02   9.3333274e-01   0.0000000e+00
   5.6666574e-01   4.3333426e-01   0.0000000e+00
   5.1851875e-01   4.8148125e-01   0.0000000e+00
   5.7954564e-01   1.7045436e-01   2.5000000e-01
   1.0344663e-01   5.1724234e-01   3.7931103e-01
   7.3076741e-01   2.6923259e-01   0.0000000e+00
   8.0769132e-01   1.9230868e-01   0.0000000e+00
   1.7241321e-01   4.8275896e-01   3.4482783e-01
   4.6424461e-01   1.0042130e-04   5.3565497e-01
   6.8965132e-02   3.1034363e-01   6.2069124e-01
   8.9999895e-01   1.0000105e-01   0.0000000e+00
   3.1034483e-01   3.1034483e-01   3.7931035e-01
   2.0689417e-01   4.1379435e-01   3.7931148e-01
   1.9997995e-01   9.9821835e-05   7.9992023e-01
   6.0000105e-01   3.9999895e-01   0.0000000e+00
   3.3327625e-02   9.6667237e-01   0.0000000e+00
   2.4137644e-01   2.4137644e-01   5.1724713e-01
   2.6667047e-01   7.3332953e-01   0.0000000e+00
   2.0689548e-01   2.0689548e-01   5.8620905e-01
   4.3334168e-01   5.6665832e-01   0.0000000e+00
   2.4137634e-01   3.4482894e-01   4.1379473e-01
   9.6666868e-01   3.3331322e-02   0.0000000e+00
   1.0223496e-04   7.4989776e-01   2.5000000e-01
   3.7500000e-01   3.7500000e-01   2.5000000e-01
   6.5510468e-01   1.0333216e-04   3.4479198e-01
   2.4137858e-01   4.4827752e-01   3.1034390e-01
   1.7241122e-01   3.7931155e-01   4.4827723e-01
   3.3328640e-02   5.0000251e-01   4.6666885e-01
   9.9990005e-01   9.9948773e-05   0.0000000e+00
   9.9893895e-05   1.6665254e-01   8.3324757e-01
   2.7586061e-01   3.7931111e-01   3.4482828e-01
   5.5166642e-01   1.0342359e-04   4.4823015e-01
   1.3793148e-01   4.4827410e-01   4.1379442e-01
   9.3333483e-01   6.6665166e-02   0.0000000e+00
   5.1723757e-01   1.3793213e-01   3.4483030e-01
   3.1034449e-01   1.0344646e-01   5.8620905e-01
   1.3792690e-01   8.6207310e-01   0.0000000e+00
   1.0344865e-01   2.4137644e-01   6.5517490e-01
   1.0342859e-04   6.5510459e-01   3.4479198e-01
   1.0344850e-01   3.4482750e-01   5.5172400e-01
   3.4482184e-01   2.4138143e-01   4.1379674e-01
   6.8181569e-01   6.8184309e-02   2.5000000e-01
   2.7586206e-01   2.7586206e-01   4.4827588e-01
   3.7931059e-01   2.7586159e-01   3.4482781e-01
   1.0063802e-04   5.7137069e-01   4.2852867e-01
   1.3333337e-01   1.3333337e-01   7.3333327e-01
   1.0227273e-01   6.4772727e-01   2.5000000e-01
   1.7045306e-01   5.7954694e-01   2.5000000e-01
   1.7241429e-01   2.7585996e-01   5.5172575e-01
   5.0000087e-01   6.6666359e-02   4.3333277e-01
   6.8953488e-02   5.8621448e-01   3.4483203e-01
   3.4482931e-01   1.7241366e-01   4.8275703e-01
   9.9761756e-05   9.9990024e-01   0.0000000e+00
   2.7586223e-01   1.7241337e-01   5.5172440e-01
   3.7931228e-01   6.8960777e-02   5.5172694e-01
   3.4477511e-02   6.8965895e-01   2.7586353e-01
   1.7241380e-01   1.7241380e-01   6.5517240e-01
   6.7029228e-02   4.3025612e-01   5.0271465e-01
   3.5714266e-01   6.4285734e-01   0.0000000e+00
   7.6666755e-01   2.3333245e-01   0.0000000e+00
   1.0000051e-01   1.0000051e-01   7.9999898e-01
   1.8518530e-01   8.1481470e-01   0.0000000e+00
   7.4989782e-01   1.0217781e-04   2.5000000e-01
   1.6666609e-01   6.6665017e-02   7.6666889e-01
   4.8274985e-01   2.0690004e-01   3.1035010e-01
   6.8965576e-02   2.0690493e-01   7.2412950e-01
   5.8620793e-01   3.4481059e-02   3.7931101e-01
   6.2069021e-01   1.0344747e-01   2.7586232e-01
   4.1379279e-01   1.0344824e-01   4.8275897e-01
   1.0342057e-04   3.1031272e-01   6.8958386e-01
   9.9801517e-05   2.3331136e-01   7.6658884e-01
   5.0360239e-01   2.4639761e-01   2.5000000e-01
   1.3331985e-01   9.8565808e-05   8.6658158e-01
   1.0000259e-01   8.9999741e-01   0.0000000e+00
   3.9999905e-01   6.0000095e-01   0.0000000e+00
   8.5714392e-01   1.4285608e-01   0.0000000e+00
   4.4827545e-01   1.3793028e-01   4.1379426e-01
   2.0689586e-01   3.1034503e-01   4.8275911e-01
   6.6669296e-02   3.3334450e-02   8.9999625e-01
   3.1034502e-01   4.1379294e-01   2.7586205e-01
   3.7927108e-01   1.0342601e-04   6.2062549e-01
   4.1379739e-01   3.1034223e-01   2.7586038e-01
   3.4482759e-01   3.4482759e-01   3.1034483e-01
   2.3333407e-01   3.3332791e-02   7.3333314e-01
   1.0337125e-04   3.7927119e-01   6.2062544e-01
   1.0339992e-04   4.4822985e-01   5.5166675e-01
   2.0689662e-01   1.0344773e-01   6.8965565e-01
   3.0769453e-01   6.9230547e-01   0.0000000e+00
   1.3793081e-01   5.5172433e-01   3.1034485e-01
   2.7586197e-01   6.8965521e-02   6.5517251e-01
   4.1379362e-01   2.0689559e-01   3.7931079e-01
   3.3333231e-02   1.0000048e-01   8.6666628e-01
   2.4935201e-01   5.0064799e-01   2.5000000e-01
   3.8290152e-05   6.6653506e-02   9.3330820e-01
   9.2798489e-05   9.8456689e-05   9.9980874e-01
