   1.0225162e-04   7.4989775e-01   2.5000000e-01
   3.5714439e-01   6.4285561e-01   0.0000000e+00
   9.9833828e-05   9.9990017e-01   0.0000000e+00
   1.0000106e-01   8.9999894e-01   0.0000000e+00
   7.4989781e-01   1.0219308e-04   2.5000000e-01
   6.6666703e-02   9.3333330e-01   0.0000000e+00
   8.9999954e-01   1.0000046e-01   0.0000000e+00
   5.7137201e-01   1.0069513e-04   4.2852729e-01
   7.3333223e-01   2.6666777e-01   0.0000000e+00
   1.4285509e-01   8.5714491e-01   0.0000000e+00
   5.5172590e-01   1.7241116e-01   2.7586295e-01
   1.7856894e-01   5.7143106e-01   2.5000000e-01
   6.1363497e-01   1.3636503e-01   2.5000000e-01
   3.7931811e-01   1.7241285e-01   4.4826904e-01
   4.3333323e-01   5.6666677e-01   0.0000000e+00
   4.6428948e-01   2.8571052e-01   2.5000000e-01
   9.3333614e-01   6.6663856e-02   0.0000000e+00
   1.3792473e-01   2.0688710e-01   6.5518817e-01
   6.9231012e-01   3.0768988e-01   0.0000000e+00
   3.5715201e-01   3.9284799e-01   2.5000000e-01
   1.0080194e-04   5.7137191e-01   4.2852729e-01
   6.7733760e-02   3.2266315e-01   6.0960309e-01
   4.6666511e-01   6.6666909e-02   4.6666798e-01
   2.6667214e-01   7.3332786e-01   0.0000000e+00
   4.1379297e-01   2.0689659e-01   3.7931045e-01
   8.5714494e-01   1.4285506e-01   0.0000000e+00
   1.0344820e-01   2.7586209e-01   6.2068971e-01
   6.5517163e-01   6.8965675e-02   2.7586269e-01
   1.3792798e-01   5.1724322e-01   3.4482881e-01
   2.4137926e-01   4.4827589e-01   3.1034485e-01
   9.9990012e-01   9.9876945e-05   0.0000000e+00
   7.6666990e-01   2.3333010e-01   0.0000000e+00
   3.0769334e-01   6.9230666e-01   0.0000000e+00
   6.6667054e-02   5.0000010e-01   4.3333285e-01
   3.1034215e-01   6.8965786e-02   6.2069206e-01
   1.0344778e-01   1.7241243e-01   7.2413979e-01
   9.6666792e-01   3.3332084e-02   0.0000000e+00
   6.0000006e-01   3.9999994e-01   0.0000000e+00
   3.9999999e-01   6.0000001e-01   0.0000000e+00
   3.1034484e-01   2.0689651e-01   4.8275865e-01
   3.7930834e-01   3.4483104e-01   2.7586061e-01
   2.0689583e-01   1.0344797e-01   6.8965620e-01
   8.0769360e-01   1.9230640e-01   0.0000000e+00
   1.0339267e-04   2.0686260e-01   7.9303400e-01
   1.0344433e-01   3.4482935e-01   5.5172632e-01
   1.3793063e-01   5.8620809e-01   2.7586127e-01
   6.8961052e-02   5.8620971e-01   3.4482924e-01
   1.0339600e-04   6.5510476e-01   3.4479185e-01
   1.7240748e-01   4.4827929e-01   3.7931323e-01
   5.1851901e-01   4.8148099e-01   0.0000000e+00
   2.0689499e-01   2.0689607e-01   5.8620894e-01
   6.2069029e-01   3.4481765e-02   3.4482794e-01
   6.4285767e-01   3.5714233e-01   0.0000000e+00
   3.1034357e-01   4.1379548e-01   2.7586095e-01
   3.4476425e-02   6.8965970e-01   2.7586387e-01
   2.0651215e-01   1.0318346e-04   7.9338466e-01
   1.0026149e-01   4.3185591e-01   4.6788260e-01
   1.0227268e-01   6.4772732e-01   2.5000000e-01
   5.5172441e-01   1.0344783e-01   3.4482776e-01
   2.7586294e-01   3.7930838e-01   3.4482868e-01
   5.6666513e-01   4.3333487e-01   0.0000000e+00
   3.4482795e-01   3.1034410e-01   3.4482795e-01
   3.3333986e-02   6.6667965e-02   8.9999805e-01
   2.4137379e-01   1.3793115e-01   6.2069505e-01
   1.3334232e-01   1.0000964e-01   7.6664804e-01
   3.4482823e-01   2.4137946e-01   4.1379231e-01
   2.7586221e-01   3.1034548e-01   4.1379231e-01
   4.1379317e-01   2.7586204e-01   3.1034480e-01
   3.4482893e-01   1.3792850e-01   5.1724257e-01
   2.0689776e-01   5.1723856e-01   2.7586368e-01
   2.0689749e-01   3.7931020e-01   4.1379231e-01
   1.7241309e-01   2.7586077e-01   5.5172614e-01
   4.6666659e-01   5.3333341e-01   0.0000000e+00
   4.8275873e-01   2.0689639e-01   3.1034487e-01
   6.8127165e-05   1.3331875e-01   8.6661312e-01
   3.3332353e-02   9.6666765e-01   0.0000000e+00
   4.1379403e-01   1.0344622e-01   4.8275974e-01
   1.0000850e-01   6.6672317e-02   8.3331918e-01
   3.9381990e-01   3.3676358e-02   5.7250374e-01
   1.0317468e-04   3.7927130e-01   6.2062552e-01
   4.8270894e-01   1.0337580e-04   5.1718768e-01
   2.7586246e-01   1.7241139e-01   5.5172615e-01
   1.9230512e-01   8.0769488e-01   0.0000000e+00
   1.0328746e-04   4.8270903e-01   5.1718768e-01
   4.8275910e-01   1.3792932e-01   3.7931158e-01
   3.1031280e-01   1.0322795e-04   6.8958397e-01
   3.7927114e-01   1.0336557e-04   6.2062549e-01
   2.3333189e-01   7.6666811e-01   0.0000000e+00
   2.7272514e-01   4.7727486e-01   2.5000000e-01
   1.7241380e-01   3.4482756e-01   4.8275865e-01
   6.6666043e-02   1.3333207e-01   8.0000188e-01
   1.3332479e-01   6.3396899e-05   8.6661182e-01
   6.8958386e-01   1.0342729e-04   3.1031271e-01
   2.4137807e-01   3.4482140e-02   7.2413979e-01
   1.0327671e-04   3.1031277e-01   6.8958396e-01
   6.6662059e-02   3.7350267e-05   9.3330059e-01
   3.4475468e-02   4.1379822e-01   5.5172631e-01
   3.4478235e-02   2.4137877e-01   7.2414299e-01
   2.4137929e-01   2.7586213e-01   4.8275858e-01
   9.5439040e-05   8.5438724e-05   9.9981912e-01
