   2.4137964e-01   3.7930951e-01   3.7931086e-01
   3.3330545e-02   9.6666945e-01   0.0000000e+00
   4.4444390e-01   5.5555610e-01   0.0000000e+00
   1.0223867e-04   7.4989772e-01   2.5000004e-01
   3.1034463e-01   3.4482769e-01   3.4482768e-01
   5.5555564e-01   4.4444436e-01   0.0000000e+00
   8.0769739e-01   1.9230261e-01   0.0000000e+00
   2.4137950e-01   1.0344750e-01   6.5517299e-01
   2.7586384e-01   2.4137460e-01   4.8276155e-01
   9.6667181e-01   3.3328186e-02   0.0000000e+00
   9.9990028e-01   9.9722567e-05   0.0000000e+00
   8.5714493e-01   1.4285507e-01   0.0000000e+00
   9.3333246e-01   6.6667540e-02   0.0000000e+00
   1.7241302e-01   2.7586529e-01   5.5172168e-01
   2.7583278e-01   1.0343422e-04   7.2406379e-01
   1.3792692e-01   5.8620969e-01   2.7586338e-01
   4.9999777e-01   5.0000223e-01   0.0000000e+00
   1.0320789e-04   4.8270827e-01   5.1718852e-01
   3.5714455e-01   6.4285545e-01   0.0000000e+00
   1.0318294e-04   3.1031197e-01   6.8958485e-01
   9.9652567e-05   9.9990035e-01   0.0000000e+00
   3.7930809e-01   2.4138028e-01   3.7931163e-01
   1.7241475e-01   4.4827280e-01   3.7931245e-01
   6.4285792e-01   3.5714208e-01   0.0000000e+00
   1.0344825e-01   3.1034487e-01   5.8620688e-01
   6.6661911e-02   9.3333809e-01   0.0000000e+00
   4.1379144e-01   1.7241383e-01   4.1379473e-01
   3.1034746e-01   2.7585593e-01   4.1379661e-01
   1.0042297e-04   5.3566028e-01   4.6423930e-01
   2.0454544e-01   5.4545452e-01   2.5000004e-01
   3.4482907e-01   2.0689418e-01   4.4827674e-01
   4.8275802e-01   1.3793119e-01   3.7931078e-01
   6.8966348e-01   3.1033652e-01   0.0000000e+00
   3.4483184e-01   1.3792163e-01   5.1724654e-01
   2.0689928e-01   1.7240343e-01   6.2069729e-01
   1.0227002e-01   6.4772994e-01   2.5000004e-01
   3.4469682e-02   4.1379871e-01   5.5173161e-01
   4.6424009e-01   1.0009714e-04   5.3565981e-01
   5.4545446e-01   2.0454549e-01   2.5000004e-01
   6.8958391e-01   1.0334257e-04   3.1031275e-01
   1.3792760e-01   5.1724344e-01   3.4482896e-01
   7.3076812e-01   2.6923188e-01   0.0000000e+00
   4.8276204e-01   2.4137771e-01   2.7586024e-01
   3.0682398e-01   4.4317597e-01   2.5000004e-01
   9.6777332e-05   1.3331883e-01   8.6658439e-01
   3.4482990e-01   3.1034373e-01   3.4482637e-01
   4.1379330e-01   1.0344786e-01   4.8275884e-01
   6.1363126e-01   1.3636870e-01   2.5000004e-01
   7.6666438e-01   2.3333562e-01   0.0000000e+00
   7.4989775e-01   1.0221144e-04   2.5000004e-01
   5.5172570e-01   1.0344574e-01   3.4482856e-01
   6.8965439e-02   2.0689639e-01   7.2413817e-01
   3.7927128e-01   1.0333872e-04   6.2062538e-01
   2.4138104e-01   2.0689089e-01   5.5172808e-01
   1.6666783e-01   1.3333422e-01   6.9999795e-01
   1.0344533e-01   3.7931158e-01   5.1724309e-01
   4.4827854e-01   2.0689185e-01   3.4482961e-01
   1.0343161e-04   3.7927118e-01   6.2062539e-01
   6.2069094e-01   3.4480771e-02   3.4482829e-01
   9.9998494e-02   9.0000151e-01   0.0000000e+00
   2.3332797e-01   7.6667203e-01   0.0000000e+00
   1.3333376e-01   6.6665965e-02   8.0000028e-01
   2.6666983e-01   7.3333017e-01   0.0000000e+00
   1.0339674e-04   6.8958386e-01   3.1031274e-01
   5.0119200e-01   3.3405447e-02   4.6540255e-01
   6.8970573e-02   5.8617655e-01   3.4485288e-01
   5.7137269e-01   1.0082797e-04   4.2852648e-01
   2.4137982e-01   4.8275752e-01   2.7586266e-01
   1.4285286e-01   8.5714714e-01   0.0000000e+00
   6.0000178e-01   3.9999822e-01   0.0000000e+00
   4.2857418e-01   3.2142577e-01   2.5000004e-01
   6.8962015e-02   2.7586310e-01   6.5517489e-01
   9.9991046e-02   8.4314468e-05   8.9992464e-01
   5.1725326e-01   1.7240956e-01   3.1033718e-01
   1.9998090e-01   9.8756704e-05   7.9992034e-01
   9.9905116e-05   2.3331020e-01   7.6658989e-01
   3.7931071e-01   6.8963083e-02   5.5172621e-01
   6.5517123e-01   6.8964883e-02   2.7586388e-01
   1.0335305e-04   6.2062562e-01   3.7927103e-01
   1.9230745e-01   8.0769255e-01   0.0000000e+00
   1.3793091e-01   2.0689658e-01   6.5517251e-01
   3.1034503e-01   1.0344825e-01   5.8620672e-01
   2.7586195e-01   4.1379335e-01   3.1034470e-01
   8.9999991e-01   1.0000009e-01   0.0000000e+00
   3.4482648e-01   3.7931206e-01   2.7586145e-01
   2.4137939e-01   3.1034474e-01   4.4827587e-01
   3.3332785e-02   1.6666694e-01   8.0000028e-01
   3.1034480e-01   3.4482718e-02   6.5517248e-01
   4.1378996e-01   2.7586324e-01   3.1034680e-01
   1.0000882e-01   1.3334348e-01   7.6664770e-01
   9.8475503e-05   6.6658020e-02   9.3324350e-01
   3.9999976e-01   6.0000024e-01   0.0000000e+00
   1.7241438e-01   3.4482725e-01   4.8275836e-01
   1.0344413e-01   4.8276101e-01   4.1379486e-01
   2.0000269e-01   6.6667500e-02   7.3332981e-01
   6.8963507e-02   4.4827681e-01   4.8275968e-01
   1.3793099e-01   4.1379313e-01   4.4827587e-01
   6.6667485e-02   1.0000133e-01   8.3333119e-01
   3.0769916e-01   6.9230084e-01   0.0000000e+00
   9.7521773e-05   9.4423358e-05   9.9980805e-01
