   2.6923106e-01   7.3076894e-01   0.0000000e+00
   8.6206993e-01   1.3793007e-01   0.0000000e+00
   4.3333612e-01   5.6666388e-01   0.0000000e+00
   1.0000150e-01   8.9999850e-01   0.0000000e+00
   2.0689651e-01   1.3793099e-01   6.5517250e-01
   2.7586173e-01   3.4482775e-01   3.7931052e-01
   3.4482021e-02   3.4482765e-01   6.2069033e-01
   9.9970847e-05   2.3331031e-01   7.6658972e-01
   3.1999965e-01   6.8000035e-01   0.0000000e+00
   3.9568505e-01   1.0071750e-01   5.0359746e-01
   6.2062539e-01   1.0342866e-04   3.7927118e-01
   3.4482806e-01   3.1034387e-01   3.4482806e-01
   2.3333510e-01   7.6666490e-01   0.0000000e+00
   3.7931080e-01   2.4137839e-01   3.7931080e-01
   1.0329780e-04   3.1031379e-01   6.8958291e-01
   9.9999821e-02   6.6666543e-02   8.3333364e-01
   4.8148156e-01   5.1851844e-01   0.0000000e+00
   9.6666902e-01   3.3330977e-02   0.0000000e+00
   1.0000090e-01   1.3333439e-01   7.6666471e-01
   3.4480748e-02   5.8620812e-01   3.7931114e-01
   4.9995096e-01   9.9972109e-05   4.9994906e-01
   1.0223270e-04   7.4989776e-01   2.5000000e-01
   9.9925590e-05   9.9990007e-01   0.0000000e+00
   5.6666682e-01   4.3333318e-01   0.0000000e+00
   6.0000002e-01   3.9999998e-01   0.0000000e+00
   6.1363755e-01   1.3636244e-01   2.5000000e-01
   7.4989783e-01   1.0216484e-04   2.5000000e-01
   1.9230681e-01   8.0769319e-01   0.0000000e+00
   1.0341717e-04   4.8270855e-01   5.1718803e-01
   1.0340958e-04   6.5510465e-01   3.4479194e-01
   8.9999997e-01   1.0000003e-01   0.0000000e+00
   3.3333529e-02   9.6666647e-01   0.0000000e+00
   1.4285817e-01   8.5714183e-01   0.0000000e+00
   1.3636588e-01   6.1363412e-01   2.5000000e-01
   6.6667473e-02   9.3333253e-01   0.0000000e+00
   2.4137965e-01   4.8275790e-01   2.7586245e-01
   4.2857418e-01   3.2142582e-01   2.5000000e-01
   5.5172420e-01   6.8965416e-02   3.7931039e-01
   3.2142877e-01   4.2857122e-01   2.5000000e-01
   8.1481575e-01   1.8518425e-01   0.0000000e+00
   1.0344649e-01   3.7931103e-01   5.1724249e-01
   6.8182258e-01   6.8177419e-02   2.5000000e-01
   6.9230768e-01   3.0769232e-01   0.0000000e+00
   6.8958384e-01   1.0341041e-04   3.1031275e-01
   4.4822992e-01   1.0335277e-04   5.5166673e-01
   3.3333699e-02   1.6666839e-01   7.9999791e-01
   7.6923134e-01   2.3076866e-01   0.0000000e+00
   1.3333377e-01   1.6666749e-01   6.9999874e-01
   2.4137988e-01   6.8964222e-02   6.8965589e-01
   1.7241388e-01   4.8275833e-01   3.4482778e-01
   5.5173003e-01   1.3792921e-01   3.1034076e-01
   3.6666648e-01   6.3333352e-01   0.0000000e+00
   4.4827700e-01   2.4137738e-01   3.1034562e-01
   3.4482762e-01   2.0689647e-01   4.4827591e-01
   1.6666903e-01   1.0000137e-01   7.3332960e-01
   5.3333240e-01   2.0000046e-01   2.6666714e-01
   1.3793109e-01   4.1379288e-01   4.4827603e-01
   1.0082881e-04   4.2852868e-01   5.7137049e-01
   5.1136285e-01   2.3863715e-01   2.5000000e-01
   3.1034343e-01   2.7586263e-01   4.1379394e-01
   3.1034481e-01   1.3793104e-01   5.5172415e-01
   2.4137945e-01   3.1034443e-01   4.4827612e-01
   1.7241283e-01   3.1034867e-01   5.1723850e-01
   4.8275956e-01   1.7241219e-01   3.4482825e-01
   2.0454467e-01   5.4545533e-01   2.5000000e-01
   4.8275826e-01   1.0344835e-01   4.1379339e-01
   1.0344786e-01   2.4137956e-01   6.5517257e-01
   6.6667423e-02   3.3319706e-02   9.0001287e-01
   2.7583359e-01   1.0343182e-04   7.2406298e-01
   5.1724171e-01   3.4482170e-02   4.4827612e-01
   3.7931221e-01   3.4482655e-01   2.7586124e-01
   1.0344663e-01   5.8620797e-01   3.1034540e-01
   3.4479190e-01   1.0343718e-04   6.5510466e-01
   9.9990005e-01   9.9949229e-05   0.0000000e+00
   6.4285720e-01   3.5714280e-01   0.0000000e+00
   6.2068957e-01   6.8965532e-02   3.1034490e-01
   3.1034447e-01   3.7931106e-01   3.1034447e-01
   9.3333611e-01   6.6663894e-02   0.0000000e+00
   4.1379504e-01   1.7240992e-01   4.1379504e-01
   1.0344831e-01   5.1724123e-01   3.7931046e-01
   2.4137930e-01   2.0689656e-01   5.5172414e-01
   3.4480630e-02   6.8965669e-01   2.7586268e-01
   2.0686833e-01   1.0336034e-04   7.9302831e-01
   1.0042669e-04   5.3566542e-01   4.6423416e-01
   2.0689235e-01   3.7931236e-01   4.1379529e-01
   7.3333087e-01   2.6666913e-01   0.0000000e+00
   6.8965373e-02   2.0689593e-01   7.2413870e-01
   2.4137990e-01   4.1379172e-01   3.4482838e-01
   1.3793132e-01   2.7586184e-01   5.8620684e-01
   3.7931228e-01   3.4480883e-02   5.8620684e-01
   2.7585987e-01   1.0344787e-01   6.2069225e-01
   5.3333261e-01   4.6666739e-01   0.0000000e+00
   4.0000352e-01   5.9999648e-01   0.0000000e+00
   1.3331879e-01   9.6746309e-05   8.6658446e-01
   9.5482984e-05   1.3332005e-01   8.6658446e-01
   1.7241262e-01   2.0689710e-01   6.2069028e-01
   6.8964715e-02   4.4827447e-01   4.8276082e-01
   9.0672433e-05   6.6656354e-02   9.3325297e-01
   2.7586052e-01   2.4137866e-01   4.8276082e-01
   8.6716672e-05   8.8209083e-05   9.9982507e-01
