   7.6923033e-01   2.3076967e-01   0.0000000e+00
   2.0689754e-01   3.4482445e-01   4.4827801e-01
   1.8518539e-01   8.1481461e-01   0.0000000e+00
   4.2875244e-01   1.7822418e-01   3.9302337e-01
   9.9820731e-05   5.3328430e-01   4.6661587e-01
   8.1481492e-01   1.8518508e-01   0.0000000e+00
   6.8178380e-02   6.8182162e-01   2.5000000e-01
   1.3334505e-01   6.6672825e-02   7.9998213e-01
   1.0000090e-01   8.9999910e-01   0.0000000e+00
   4.8148159e-01   5.1851841e-01   0.0000000e+00
   9.9990010e-01   9.9902926e-05   0.0000000e+00
   4.4827558e-01   2.4137943e-01   3.1034499e-01
   9.6666658e-01   3.3333424e-02   0.0000000e+00
   7.4989777e-01   1.0223190e-04   2.5000000e-01
   6.0000053e-01   3.9999947e-01   0.0000000e+00
   3.3331432e-02   9.6666857e-01   0.0000000e+00
   1.7045417e-01   5.7954583e-01   2.5000000e-01
   6.6664847e-02   9.3333515e-01   0.0000000e+00
   2.8571378e-01   4.6428622e-01   2.5000000e-01
   1.0343484e-04   4.4822953e-01   5.5166704e-01
   2.0689661e-01   1.3793077e-01   6.5517263e-01
   3.0768734e-01   6.9231266e-01   0.0000000e+00
   1.0340182e-04   3.1031180e-01   6.8958480e-01
   9.3333275e-01   6.6667255e-02   0.0000000e+00
   8.6207063e-01   1.3792937e-01   0.0000000e+00
   1.3792938e-01   8.6207062e-01   0.0000000e+00
   9.9982645e-05   2.3331066e-01   7.6658936e-01
   1.0344819e-01   6.2068972e-01   2.7586210e-01
   6.6666908e-02   6.6664470e-02   8.6666862e-01
   6.1363738e-01   1.3636262e-01   2.5000000e-01
   3.7931032e-01   6.8965587e-02   5.5172409e-01
   2.6666667e-01   7.3333333e-01   0.0000000e+00
   6.9230786e-01   3.0769214e-01   0.0000000e+00
   4.0909105e-01   3.4090895e-01   2.5000000e-01
   3.5714300e-01   6.4285700e-01   0.0000000e+00
   6.5517663e-01   6.8959535e-02   2.7586383e-01
   3.4492210e-01   1.3791104e-01   5.1716686e-01
   3.4479198e-01   1.0341172e-04   6.5510461e-01
   1.3332005e-01   9.9514694e-05   8.6658044e-01
   5.3333320e-01   4.6666680e-01   0.0000000e+00
   1.3792463e-01   4.8276223e-01   3.7931314e-01
   1.0224024e-04   7.4989776e-01   2.5000000e-01
   2.0686764e-01   1.0340348e-04   7.9302896e-01
   6.4285746e-01   3.5714254e-01   0.0000000e+00
   2.7583320e-01   1.0343541e-04   7.2406336e-01
   5.6666582e-01   4.3333418e-01   0.0000000e+00
   9.9999251e-02   1.3333347e-01   7.6666727e-01
   1.0340410e-04   3.7927129e-01   6.2062530e-01
   2.4137987e-01   2.0689476e-01   5.5172537e-01
   3.9999995e-01   6.0000005e-01   0.0000000e+00
   2.4137947e-01   3.7930995e-01   3.7931059e-01
   7.3333221e-01   2.6666779e-01   0.0000000e+00
   9.9986053e-05   9.9990001e-01   0.0000000e+00
   1.7241369e-01   1.0344775e-01   7.2413856e-01
   5.8614622e-01   1.0339539e-04   4.1375039e-01
   2.0689516e-01   2.7586257e-01   5.1724227e-01
   2.7586147e-01   2.4137892e-01   4.8275962e-01
   3.4482841e-01   2.7586033e-01   3.7931125e-01
   6.8965467e-02   4.1379320e-01   5.1724133e-01
   6.5510476e-01   1.0330340e-04   3.4479194e-01
   5.8620633e-01   6.8965612e-02   3.4482806e-01
   1.3793077e-01   3.7930961e-01   4.8275962e-01
   3.4482860e-01   2.0689622e-01   4.4827518e-01
   1.0344489e-01   2.4138021e-01   6.5517489e-01
   9.0000059e-01   9.9999409e-02   0.0000000e+00
   3.1034502e-01   6.8964934e-02   6.2069004e-01
   1.7241411e-01   2.0689459e-01   6.2069130e-01
   3.4478893e-02   5.8620924e-01   3.7931186e-01
   2.4137755e-01   6.8964585e-02   6.8965787e-01
   2.7586282e-01   3.1034295e-01   4.1379423e-01
   2.4137931e-01   4.8275862e-01   2.7586207e-01
   4.3333399e-01   5.6666601e-01   0.0000000e+00
   1.0340714e-04   6.5510465e-01   3.4479194e-01
   6.8959732e-02   5.1724459e-01   4.1379568e-01
   2.0689667e-01   4.4827556e-01   3.4482777e-01
   4.9993940e-01   9.9962546e-05   4.9996064e-01
   3.1034182e-01   3.4482964e-01   3.4482854e-01
   3.4482868e-01   3.7930970e-01   2.7586162e-01
   6.8965575e-02   3.1034425e-01   6.2069018e-01
   5.0597654e-01   2.4402346e-01   2.5000000e-01
   1.0344619e-01   4.4827691e-01   4.4827690e-01
   1.7241287e-01   4.1379356e-01   4.1379356e-01
   5.1724005e-01   1.3793141e-01   3.4482854e-01
   6.8965361e-02   2.0689608e-01   7.2413856e-01
   1.7241387e-01   5.1724167e-01   3.1034446e-01
   4.4827640e-01   1.0344720e-01   4.4827640e-01
   4.1375032e-01   1.0343604e-04   5.8614624e-01
   1.0344248e-01   5.5172898e-01   3.4482853e-01
   2.7586122e-01   1.3793124e-01   5.8620754e-01
   3.7930873e-01   3.1034776e-01   3.1034351e-01
   2.7586204e-01   4.1379316e-01   3.1034480e-01
   9.9777576e-05   1.6664895e-01   8.3325127e-01
   2.3076926e-01   7.6923074e-01   0.0000000e+00
   5.1724053e-01   6.8965646e-02   4.1379383e-01
   5.5172454e-01   1.7241328e-01   2.7586218e-01
   1.0344826e-01   3.4482746e-01   5.5172428e-01
   6.6651732e-02   6.5528574e-05   9.3328274e-01
   1.3793112e-01   2.7586224e-01   5.8620664e-01
   9.5170472e-05   9.9983594e-02   8.9992124e-01
   8.0019154e-05   9.4635334e-05   9.9982535e-01
