   2.3863799e-01   5.1136201e-01   2.5000000e-01
   1.0225585e-04   7.4989774e-01   2.5000000e-01
   9.9999852e-02   9.0000015e-01   0.0000000e+00
   3.4482643e-02   2.4137902e-01   7.2413833e-01
   2.7586226e-01   2.7586157e-01   4.4827617e-01
   8.6206941e-01   1.3793059e-01   0.0000000e+00
   3.4482815e-01   3.4482729e-01   3.1034456e-01
   6.8963774e-02   5.1724345e-01   4.1379278e-01
   8.1481358e-01   1.8518642e-01   0.0000000e+00
   6.0000000e-01   4.0000000e-01   0.0000000e+00
   2.4137827e-01   6.8965611e-02   6.8965612e-01
   6.5517061e-01   6.8965940e-02   2.7586345e-01
   9.9936574e-05   9.9990006e-01   0.0000000e+00
   6.8962503e-02   4.1379444e-01   5.1724305e-01
   3.1034483e-01   2.0689655e-01   4.8275862e-01
   5.6666636e-01   4.3333364e-01   0.0000000e+00
   6.4285822e-01   3.5714178e-01   0.0000000e+00
   4.1379310e-01   1.0344828e-01   4.8275862e-01
   2.7586261e-01   1.3793093e-01   5.8620646e-01
   6.1363773e-01   1.3636227e-01   2.5000000e-01
   6.6673621e-02   1.6668420e-01   7.6664218e-01
   1.0334847e-04   3.1031278e-01   6.8958387e-01
   1.4285139e-01   8.5714861e-01   0.0000000e+00
   7.3332984e-01   2.6667016e-01   0.0000000e+00
   4.1379334e-01   2.0689611e-01   3.7931056e-01
   9.9684124e-05   1.9998064e-01   7.9991968e-01
   3.9285990e-01   6.0714010e-01   0.0000000e+00
   1.0227059e-01   6.4772941e-01   2.5000000e-01
   1.7241202e-01   2.0689679e-01   6.2069118e-01
   9.9990025e-01   9.9751276e-05   0.0000000e+00
   1.7240937e-01   2.7586354e-01   5.5172709e-01
   1.0344627e-01   4.4827688e-01   4.4827686e-01
   1.7241374e-01   5.1724141e-01   3.1034485e-01
   2.4137946e-01   2.4137885e-01   5.1724169e-01
   1.0342484e-04   3.7927305e-01   6.2062353e-01
   9.3333476e-01   6.6665241e-02   0.0000000e+00
   1.0337055e-04   6.5510485e-01   3.4479178e-01
   1.9230777e-01   8.0769223e-01   0.0000000e+00
   7.6923084e-01   2.3076916e-01   0.0000000e+00
   4.2852845e-01   1.0078291e-04   5.7137077e-01
   3.7931236e-01   2.7585821e-01   3.4482942e-01
   2.4138047e-01   3.4482675e-01   4.1379278e-01
   1.0344824e-01   3.1034484e-01   5.8620692e-01
   3.3334032e-02   9.6666597e-01   0.0000000e+00
   6.8965412e-02   6.2068973e-01   3.1034486e-01
   2.0689555e-01   3.1034522e-01   4.8275923e-01
   9.6667091e-01   3.3329085e-02   0.0000000e+00
   7.4989783e-01   1.0216688e-04   2.5000000e-01
   9.9979745e-05   5.6660993e-01   4.3329009e-01
   1.0000002e-01   9.9999767e-02   8.0000022e-01
   6.8958387e-01   1.0339522e-04   3.1031274e-01
   3.7930542e-01   1.7241516e-01   4.4827942e-01
   3.3333155e-02   6.6666046e-02   9.0000080e-01
   3.2142464e-01   4.2857536e-01   2.5000000e-01
   3.1034507e-01   3.1034429e-01   3.7931064e-01
   2.3333135e-01   7.6666865e-01   0.0000000e+00
   3.4481851e-02   4.8275908e-01   4.8275907e-01
   2.7583321e-01   1.0337713e-04   7.2406341e-01
   4.6786965e-01   1.0025522e-01   4.3187512e-01
   4.4827810e-01   3.4477945e-02   5.1724395e-01
   2.6666967e-01   7.3333033e-01   0.0000000e+00
   5.5172414e-01   1.3793103e-01   3.1034483e-01
   3.4482950e-01   6.8960312e-02   5.8621018e-01
   1.3333755e-01   3.3334389e-02   8.3332806e-01
   1.9998044e-01   9.9887976e-05   7.9991968e-01
   8.9999993e-01   1.0000007e-01   0.0000000e+00
   1.0343880e-01   5.5172998e-01   3.4483122e-01
   6.6664971e-02   9.3333503e-01   0.0000000e+00
   1.3792951e-01   1.7241422e-01   6.8965628e-01
   1.3793224e-01   5.8620431e-01   2.7586345e-01
   5.3571474e-01   2.1428526e-01   2.5000000e-01
   5.1851736e-01   4.8148264e-01   0.0000000e+00
   4.4827651e-01   2.4137903e-01   3.1034447e-01
   3.3328872e-02   6.9999495e-01   2.6667618e-01
   5.8620863e-01   6.8962743e-02   3.4482862e-01
   1.3793056e-01   4.8275889e-01   3.7931056e-01
   6.2062545e-01   1.0341615e-04   3.7927114e-01
   1.7239776e-01   6.8958900e-02   7.5864334e-01
   6.9230730e-01   3.0769270e-01   0.0000000e+00
   1.0342772e-04   4.4822937e-01   5.5166721e-01
   3.0000351e-01   6.9999649e-01   0.0000000e+00
   2.0689692e-01   4.1379219e-01   3.7931090e-01
   5.3565819e-01   1.0043482e-04   4.6424138e-01
   3.4482773e-01   1.3793068e-01   5.1724159e-01
   3.4483143e-01   6.5516857e-01   0.0000000e+00
   1.3793093e-01   3.4482763e-01   5.1724144e-01
   6.8962978e-02   2.7586276e-01   6.5517426e-01
   3.3329975e-01   9.9457518e-05   6.6660080e-01
   9.6144445e-05   1.3331851e-01   8.6658534e-01
   4.6666681e-01   5.3333319e-01   0.0000000e+00
   4.3333342e-01   5.6666658e-01   0.0000000e+00
   4.2857114e-01   3.2142886e-01   2.5000000e-01
   2.4137903e-01   4.4827650e-01   3.1034447e-01
   4.8275313e-01   1.7241564e-01   3.4483123e-01
   3.4482725e-01   2.4137997e-01   4.1379278e-01
   1.7240763e-01   3.7931293e-01   4.4827944e-01
   2.0689545e-01   1.3793030e-01   6.5517426e-01
   9.9989862e-02   9.8208254e-05   8.9991193e-01
   2.7586167e-01   3.7930976e-01   3.4482857e-01
   7.6205898e-05   9.8799265e-05   9.9982499e-01
