   1.4285696e-01   8.5714304e-01   0.0000000e+00
   6.8961038e-02   5.8620972e-01   3.4482925e-01
   4.3333137e-01   5.6666863e-01   0.0000000e+00
   2.6923933e-01   7.3076067e-01   0.0000000e+00
   6.4285609e-01   3.5714391e-01   0.0000000e+00
   2.7586414e-01   2.7586414e-01   4.4827171e-01
   2.0689658e-01   4.1379303e-01   3.7931039e-01
   3.5714732e-01   6.4285268e-01   0.0000000e+00
   8.9999981e-01   1.0000019e-01   0.0000000e+00
   1.0342546e-04   6.8958384e-01   3.1031273e-01
   9.6666915e-01   3.3330848e-02   0.0000000e+00
   6.6668187e-02   9.3333181e-01   0.0000000e+00
   8.6207276e-01   1.3792724e-01   0.0000000e+00
   5.1724195e-01   6.8964481e-02   4.1379357e-01
   1.0082271e-04   4.2852899e-01   5.7137018e-01
   1.0335064e-04   6.2062545e-01   3.7927120e-01
   6.9230619e-01   3.0769381e-01   0.0000000e+00
   2.0689703e-01   1.0344726e-01   6.8965571e-01
   1.0040156e-04   5.3566678e-01   4.6423281e-01
   5.6665639e-01   4.3334361e-01   0.0000000e+00
   1.3792742e-01   5.8620937e-01   2.7586322e-01
   1.9230616e-01   8.0769384e-01   0.0000000e+00
   3.7931167e-01   2.0689379e-01   4.1379454e-01
   7.6922947e-01   2.3077053e-01   0.0000000e+00
   3.1034275e-01   6.8965725e-01   0.0000000e+00
   1.0335848e-04   4.8270746e-01   5.1718918e-01
   1.0344878e-01   4.8275611e-01   4.1379511e-01
   6.8952637e-02   2.7586583e-01   6.5518153e-01
   1.3406690e-01   3.9688570e-01   4.6904739e-01
   4.4827785e-01   1.7241013e-01   3.7931202e-01
   1.3792793e-01   5.1724325e-01   3.4482882e-01
   4.4826813e-01   2.4138271e-01   3.1034915e-01
   9.9706979e-05   1.6665018e-01   8.3325012e-01
   1.6666700e-01   6.6665967e-02   7.6666704e-01
   1.0344457e-01   1.3792602e-01   7.5862941e-01
   5.8620800e-01   3.4480948e-02   3.7931106e-01
   4.3188098e-01   1.0025577e-01   4.6786325e-01
   5.1724334e-01   1.3792778e-01   3.4482889e-01
   9.3333375e-01   6.6666246e-02   0.0000000e+00
   1.0344403e-01   3.4485457e-01   5.5170140e-01
   9.9563818e-05   9.9990044e-01   0.0000000e+00
   2.4137935e-01   4.8275856e-01   2.7586209e-01
   5.5171813e-01   1.7241612e-01   2.7586575e-01
   2.7586333e-01   1.3792999e-01   5.8620669e-01
   9.9870599e-05   2.3331014e-01   7.6658999e-01
   5.6659309e-01   9.9934636e-05   4.3330698e-01
   2.0454899e-01   5.4545101e-01   2.5000000e-01
   9.9998661e-02   9.0000134e-01   0.0000000e+00
   4.6667278e-01   5.3332722e-01   0.0000000e+00
   2.4137930e-01   2.4137930e-01   5.1724139e-01
   1.6795802e-01   4.7028211e-01   3.6175987e-01
   5.1852086e-01   4.8147914e-01   0.0000000e+00
   3.7927121e-01   1.0338901e-04   6.2062540e-01
   2.3333448e-01   7.6666552e-01   0.0000000e+00
   3.9999960e-01   6.0000040e-01   0.0000000e+00
   6.0000000e-01   4.0000000e-01   0.0000000e+00
   3.4482758e-01   3.4482758e-01   3.1034483e-01
   2.7586301e-01   3.7930902e-01   3.4482797e-01
   3.4482819e-01   1.3792956e-01   5.1724225e-01
   3.4479557e-02   3.4482869e-01   6.2069175e-01
   1.7241377e-01   1.7241377e-01   6.5517246e-01
   6.2068918e-01   6.8965608e-02   3.1034521e-01
   4.1379661e-01   3.1034207e-01   2.7586131e-01
   3.1034483e-01   2.0689655e-01   4.8275862e-01
   3.1034483e-01   3.1034483e-01   3.7931035e-01
   1.0000033e-01   6.6666886e-02   8.3333279e-01
   6.8958388e-01   1.0337730e-04   3.1031274e-01
   7.3333444e-01   2.6666556e-01   0.0000000e+00
   3.1031271e-01   1.0342426e-04   6.8958387e-01
   1.0340327e-04   3.1031273e-01   6.8958387e-01
   3.3332038e-02   9.6666796e-01   0.0000000e+00
   4.6422798e-01   1.0041035e-04   5.3567161e-01
   2.4137946e-01   3.4482656e-02   7.2413788e-01
   3.7931173e-01   6.8962007e-02   5.5172626e-01
   6.8182161e-01   6.8178389e-02   2.5000000e-01
   2.0689629e-01   3.1034495e-01   4.8275876e-01
   2.4137903e-01   3.4482779e-01   4.1379318e-01
   3.9285196e-01   3.5714804e-01   2.5000000e-01
   6.8959820e-02   4.4828050e-01   4.8275968e-01
   3.2142865e-01   4.2857129e-01   2.5000006e-01
   6.1363720e-01   1.3636280e-01   2.5000000e-01
   3.1034506e-01   6.8965051e-02   6.2068989e-01
   2.0689666e-01   2.0689666e-01   5.8620669e-01
   1.7241249e-01   2.7586170e-01   5.5172582e-01
   8.1481719e-01   1.8518281e-01   0.0000000e+00
   5.0430391e-01   2.4569609e-01   2.5000000e-01
   1.0228344e-01   6.4771656e-01   2.5000000e-01
   1.3793078e-01   2.4137943e-01   6.2068979e-01
   1.0220470e-04   7.4989780e-01   2.5000000e-01
   3.7931025e-01   2.7586210e-01   3.4482765e-01
   9.3958524e-05   6.6658215e-02   9.3324783e-01
   6.8965445e-02   2.0689695e-01   7.2413761e-01
   6.6656723e-02   9.5444431e-05   9.3324783e-01
   7.4989783e-01   1.0216733e-04   2.5000000e-01
   4.8275873e-01   3.4482533e-02   4.8275873e-01
   1.9999695e-01   9.0638705e-05   7.9991241e-01
   1.3331197e-01   7.4707577e-05   8.6661332e-01
   9.9990009e-01   9.9909208e-05   0.0000000e+00
   3.3332866e-02   9.9998925e-02   8.6666821e-01
   9.8709518e-05   9.3989925e-05   9.9980730e-01
