   1.7241051e-01   3.7931185e-01   4.4827764e-01
   4.8148288e-01   5.1851712e-01   0.0000000e+00
   1.8518301e-01   8.1481699e-01   0.0000000e+00
   6.6666713e-01   3.3333287e-01   0.0000000e+00
   9.9990003e-01   9.9974468e-05   0.0000000e+00
   9.9811466e-05   9.9990019e-01   0.0000000e+00
   2.7273281e-01   4.7726719e-01   2.5000000e-01
   5.1718789e-01   1.0339571e-04   4.8270871e-01
   4.3333418e-01   5.6666582e-01   0.0000000e+00
   1.3793022e-01   8.6206978e-01   0.0000000e+00
   2.7586334e-01   1.0344416e-01   6.2069250e-01
   3.5714596e-01   6.4285404e-01   0.0000000e+00
   7.6659555e-01   2.3331373e-01   9.3578905e-05
   3.3317643e-02   9.6668236e-01   0.0000000e+00
   9.9999972e-02   9.0000003e-01   0.0000000e+00
   6.8965824e-01   3.4478518e-02   2.7586324e-01
   7.4989778e-01   1.0221959e-04   2.5000000e-01
   2.3076748e-01   7.6923252e-01   0.0000000e+00
   9.3333530e-01   6.6664698e-02   0.0000000e+00
   1.7241491e-01   2.0689142e-01   6.2069367e-01
   3.0768978e-01   6.9231022e-01   0.0000000e+00
   6.7272926e-02   5.3812253e-01   3.9460455e-01
   6.6661988e-02   9.3333801e-01   0.0000000e+00
   1.0344823e-01   2.4137878e-01   6.5517299e-01
   1.0000120e-01   1.3333476e-01   7.6666405e-01
   6.1538870e-01   3.8461130e-01   0.0000000e+00
   2.6666689e-01   7.3333311e-01   0.0000000e+00
   3.4482692e-02   3.1034432e-01   6.5517299e-01
   4.0000043e-01   5.9999957e-01   0.0000000e+00
   2.0688661e-01   1.0344309e-01   6.8967031e-01
   3.1034511e-01   4.1379294e-01   2.7586196e-01
   9.6666865e-01   3.3331347e-02   0.0000000e+00
   6.2068966e-01   6.8965517e-02   3.1034483e-01
   2.7586215e-01   3.7931015e-01   3.4482769e-01
   7.2413686e-01   2.7586314e-01   0.0000000e+00
   3.1034492e-01   2.0689632e-01   4.8275876e-01
   6.1363649e-01   1.3636351e-01   2.5000000e-01
   1.0333132e-04   2.7584074e-01   7.2405593e-01
   9.9483285e-05   1.9998011e-01   7.9992041e-01
   3.7927134e-01   1.0342165e-04   6.2062524e-01
   9.0000000e-01   9.9999999e-02   0.0000000e+00
   2.4137672e-01   4.4828177e-01   3.1034150e-01
   1.7045560e-01   5.7954440e-01   2.5000000e-01
   2.0689329e-01   5.1724900e-01   2.7585771e-01
   9.9858646e-05   4.9995099e-01   4.9994915e-01
   2.7584068e-01   1.0339006e-04   7.2405593e-01
   6.6665311e-02   2.0000004e-01   7.3333465e-01
   3.7930683e-01   6.8965895e-02   5.5172728e-01
   5.7138294e-01   1.0078908e-04   4.2851627e-01
   1.0223112e-04   7.4989777e-01   2.5000000e-01
   4.1379328e-01   2.0689621e-01   3.7931051e-01
   1.7241289e-01   6.8965261e-02   7.5862185e-01
   5.6667151e-01   4.3332849e-01   0.0000000e+00
   1.3333270e-01   1.6666919e-01   6.9999811e-01
   2.7586116e-01   2.7586241e-01   4.4827642e-01
   3.7930912e-01   1.7241414e-01   4.4827674e-01
   6.5510463e-01   1.0339906e-04   3.4479197e-01
   1.0342471e-04   6.5510460e-01   3.4479197e-01
   3.3333324e-02   1.3333234e-01   8.3333433e-01
   4.1379435e-01   1.0344560e-01   4.8276005e-01
   5.3333303e-01   4.6666697e-01   0.0000000e+00
   4.6423748e-01   1.0043045e-04   5.3566209e-01
   3.4482704e-01   3.4482861e-01   3.1034435e-01
   4.8276014e-01   6.8962575e-02   4.4827729e-01
   1.0336387e-04   5.8614628e-01   4.1375035e-01
   1.0227175e-01   6.4772825e-01   2.5000000e-01
   1.0344275e-01   4.1382420e-01   4.8273305e-01
   1.3332159e-01   9.8840131e-05   8.6657957e-01
   3.1034431e-01   3.4482701e-02   6.5517299e-01
   8.0769194e-01   1.9230806e-01   0.0000000e+00
   3.4482789e-01   2.4137865e-01   4.1379346e-01
   3.9286168e-01   3.5713832e-01   2.5000000e-01
   4.4827684e-01   1.3792915e-01   4.1379400e-01
   2.4137848e-01   2.4137958e-01   5.1724195e-01
   1.7241227e-01   4.8275976e-01   3.4482798e-01
   1.0342058e-01   3.4500166e-01   5.5157776e-01
   3.4480917e-02   4.1379207e-01   5.5172702e-01
   3.4467315e-02   6.8966777e-01   2.7586491e-01
   3.1034385e-01   3.1034526e-01   3.7931089e-01
   2.0689666e-01   3.1034442e-01   4.8275892e-01
   2.4138022e-01   3.4482544e-01   4.1379434e-01
   5.0713814e-01   2.4286186e-01   2.5000000e-01
   4.4827483e-01   2.7586270e-01   2.7586247e-01
   2.4138574e-01   1.7241538e-01   5.8619888e-01
   3.7930830e-01   2.7586298e-01   3.4482872e-01
   5.5172589e-01   1.0344543e-01   3.4482868e-01
   1.9997996e-01   9.9860705e-05   7.9992018e-01
   1.3791753e-01   4.4828295e-01   4.1379952e-01
   8.5714678e-01   1.4285322e-01   0.0000000e+00
   1.0324275e-04   3.7927152e-01   6.2062524e-01
   1.0344386e-01   5.8621101e-01   3.1034513e-01
   5.5172055e-01   1.7241519e-01   2.7586425e-01
   3.4482703e-01   1.3793102e-01   5.1724195e-01
   4.8275828e-01   1.7241378e-01   3.4482794e-01
   9.3947961e-05   9.9983727e-02   8.9992233e-01
   9.9999456e-02   6.6666211e-02   8.3333433e-01
   1.3793069e-01   2.7587043e-01   5.8619888e-01
   2.0689651e-01   4.1379306e-01   3.7931043e-01
   9.9168425e-05   9.6727180e-05   9.9980410e-01
   6.6657518e-02   7.4139436e-05   9.3326834e-01
