   6.6668234e-02   9.3333177e-01   0.0000000e+00
   6.8965598e-01   3.1034402e-01   0.0000000e+00
   3.1031399e-01   1.0336499e-04   6.8958265e-01
   8.0769430e-01   1.9230570e-01   0.0000000e+00
   1.7240383e-01   4.8276444e-01   3.4483173e-01
   3.0769426e-01   6.9230574e-01   0.0000000e+00
   7.6666827e-01   2.3333173e-01   0.0000000e+00
   6.4285693e-01   3.5714307e-01   0.0000000e+00
   1.0080979e-04   5.7137081e-01   4.2852838e-01
   1.0000077e-01   1.6666787e-01   7.3333136e-01
   8.5714762e-01   1.4285238e-01   0.0000000e+00
   3.9302567e-01   3.2113971e-01   2.8583462e-01
   1.0226592e-01   6.4773407e-01   2.5000000e-01
   1.8518660e-01   8.1481340e-01   0.0000000e+00
   9.9990054e-01   9.9463063e-05   0.0000000e+00
   3.4481206e-02   2.4137970e-01   7.2413909e-01
   9.0000085e-01   9.9999148e-02   0.0000000e+00
   2.4137612e-01   2.7587157e-01   4.8275231e-01
   9.6666822e-01   3.3331779e-02   0.0000000e+00
   1.0340936e-04   2.0687215e-01   7.9302444e-01
   2.7586275e-01   3.7930881e-01   3.4482844e-01
   4.3333373e-01   5.6666627e-01   0.0000000e+00
   1.0310821e-04   5.1718793e-01   4.8270896e-01
   5.1724066e-01   1.0344841e-01   3.7931093e-01
   4.8274687e-01   1.7241771e-01   3.4483542e-01
   3.9999972e-01   6.0000028e-01   0.0000000e+00
   1.6666573e-01   3.3333237e-02   8.0000103e-01
   1.0344858e-01   2.7585991e-01   6.2069151e-01
   7.4989775e-01   1.0225401e-04   2.5000000e-01
   1.7241245e-01   3.7931095e-01   4.4827659e-01
   4.4827603e-01   6.8965178e-02   4.8275880e-01
   1.3331864e-01   9.9261735e-05   8.6658210e-01
   3.4483047e-01   3.4474679e-02   6.2069485e-01
   1.3793090e-01   2.0689659e-01   6.5517251e-01
   5.6666218e-01   4.3333782e-01   0.0000000e+00
   6.4772863e-01   1.0227137e-01   2.5000000e-01
   2.3332131e-01   9.9578408e-05   7.6657911e-01
   1.6666954e-01   1.3333413e-01   6.9999634e-01
   1.0000028e-01   8.9999972e-01   0.0000000e+00
   1.0337508e-04   3.1031398e-01   6.8958265e-01
   1.7241069e-01   3.1034599e-01   5.1724332e-01
   2.6667352e-01   7.3332648e-01   0.0000000e+00
   9.9906798e-05   9.9990009e-01   0.0000000e+00
   4.8148000e-01   5.1852000e-01   0.0000000e+00
   1.3793277e-01   5.8620169e-01   2.7586554e-01
   3.1034028e-01   1.3793193e-01   5.5172778e-01
   9.3333045e-01   6.6669546e-02   0.0000000e+00
   5.4545119e-01   2.0454881e-01   2.5000000e-01
   7.3076913e-01   2.6923087e-01   0.0000000e+00
   4.1379194e-01   1.3793131e-01   4.4827675e-01
   4.4317443e-01   3.0682557e-01   2.5000000e-01
   3.5713787e-01   6.4286213e-01   0.0000000e+00
   3.4469761e-02   3.4483220e-01   6.2069803e-01
   5.3333372e-01   4.6666628e-01   0.0000000e+00
   4.8270812e-01   1.0343324e-04   5.1718845e-01
   4.8275863e-01   2.4137931e-01   2.7586206e-01
   2.0454706e-01   5.4545294e-01   2.5000000e-01
   1.3793022e-01   4.4827629e-01   4.1379350e-01
   2.4137870e-01   1.0344841e-01   6.5517289e-01
   3.1034615e-01   2.4137884e-01   4.4827502e-01
   4.1379426e-01   2.4137720e-01   3.4482854e-01
   1.0080730e-04   4.2852220e-01   5.7137699e-01
   3.4480986e-02   6.8965644e-01   2.7586257e-01
   6.8958376e-01   1.0338752e-04   3.1031285e-01
   6.8962523e-02   4.8276018e-01   4.4827730e-01
   2.0689649e-01   1.7241386e-01   6.2068965e-01
   2.0689677e-01   2.4137846e-01   5.5172477e-01
   5.7137079e-01   1.0082858e-04   4.2852838e-01
   3.2143267e-01   4.2856732e-01   2.5000000e-01
   2.0689543e-01   6.8965475e-02   7.2413909e-01
   1.0337051e-04   6.5510453e-01   3.4479210e-01
   6.0000156e-01   3.9999844e-01   0.0000000e+00
   3.3329275e-02   9.6667072e-01   0.0000000e+00
   6.2069182e-01   3.4478597e-02   3.4482958e-01
   3.4482765e-02   4.4827580e-01   5.1724143e-01
   1.0344674e-01   5.1724227e-01   3.7931099e-01
   3.7931135e-01   2.0689461e-01   4.1379404e-01
   3.4482758e-01   1.7241379e-01   4.8275862e-01
   1.0344832e-01   4.1379288e-01   4.8275880e-01
   7.0863158e-05   6.6660223e-02   9.3326891e-01
   5.8620983e-01   1.3792672e-01   2.7586345e-01
   3.4482824e-01   3.4482755e-01   3.1034422e-01
   1.0221343e-04   7.4989779e-01   2.5000000e-01
   2.7586265e-01   2.0689539e-01   5.1724197e-01
   9.8397324e-05   1.3331950e-01   8.6658210e-01
   2.4138019e-01   3.4482683e-01   4.1379297e-01
   3.4482866e-01   2.7585982e-01   3.7931151e-01
   2.0689674e-01   4.1379257e-01   3.7931069e-01
   2.4137958e-01   4.8275804e-01   2.7586238e-01
   1.0000217e-01   6.6667679e-02   8.3333015e-01
   6.8958936e-02   5.8621108e-01   3.4482999e-01
   1.0344825e-01   3.4482757e-01   5.5172418e-01
   4.2852233e-01   1.0066036e-04   5.7137701e-01
   3.7931039e-01   1.0344767e-01   5.1724194e-01
   6.6668347e-02   3.3334173e-02   8.9999748e-01
   5.1724143e-01   3.4482659e-02   4.4827591e-01
   9.1878832e-05   8.9507187e-05   9.9981861e-01
   6.6666427e-02   1.3333255e-01   8.0000103e-01
   1.3792851e-01   8.6207149e-01   0.0000000e+00
   2.3076919e-01   7.6923081e-01   0.0000000e+00
