   7.4989780e-01   1.0220499e-04   2.5000000e-01
   1.3793088e-01   8.6206912e-01   0.0000000e+00
   1.0079665e-04   5.7137421e-01   4.2852499e-01
   8.6206963e-01   1.3793037e-01   0.0000000e+00
   5.0000447e-01   2.4999553e-01   2.5000000e-01
   9.3333353e-01   6.6666474e-02   0.0000000e+00
   4.3062998e-01   6.6984788e-02   5.0238523e-01
   9.9862330e-05   9.9990014e-01   0.0000000e+00
   6.9230745e-01   3.0769255e-01   0.0000000e+00
   2.4137920e-01   4.8275886e-01   2.7586194e-01
   6.6665695e-02   9.3333431e-01   0.0000000e+00
   7.6923265e-01   2.3076735e-01   0.0000000e+00
   2.8571593e-01   4.6428407e-01   2.5000000e-01
   2.7586062e-01   1.7241414e-01   5.5172524e-01
   2.0689602e-01   6.8965446e-02   7.2413854e-01
   1.0343117e-04   4.8270860e-01   5.1718797e-01
   7.3333289e-01   2.6666711e-01   0.0000000e+00
   2.0689131e-01   4.4827883e-01   3.4482986e-01
   4.8148096e-01   5.1851904e-01   0.0000000e+00
   1.0000049e-01   1.3333049e-01   7.6666901e-01
   9.9999764e-02   9.0000024e-01   0.0000000e+00
   5.3329040e-01   9.9964674e-05   4.6660963e-01
   5.3333205e-01   4.6666795e-01   0.0000000e+00
   1.7045528e-01   5.7954472e-01   2.5000000e-01
   1.3793092e-01   2.7586210e-01   5.8620698e-01
   2.7583352e-01   1.0340677e-04   7.2406307e-01
   6.5517361e-01   6.8963813e-02   2.7586257e-01
   1.0344754e-01   3.4482787e-01   5.5172459e-01
   3.4474467e-02   5.1724582e-01   4.4827971e-01
   2.6666439e-01   7.3333561e-01   0.0000000e+00
   5.8621419e-01   6.8953941e-02   3.4483187e-01
   2.0689703e-01   2.4137755e-01   5.5172542e-01
   1.0072074e-01   5.0359841e-01   3.9568084e-01
   3.0769256e-01   6.9230744e-01   0.0000000e+00
   8.1481341e-01   1.8518659e-01   0.0000000e+00
   9.6666646e-01   3.3333541e-02   0.0000000e+00
   6.1363316e-01   1.3636684e-01   2.5000000e-01
   9.0000000e-01   9.9999998e-02   0.0000000e+00
   6.6666523e-02   6.6666648e-02   8.6666683e-01
   6.8965737e-02   2.4137663e-01   6.8965764e-01
   3.3329442e-02   9.6667056e-01   0.0000000e+00
   3.1034450e-01   1.0344833e-01   5.8620718e-01
   2.7586202e-01   4.1379321e-01   3.1034477e-01
   6.8181029e-02   6.8181897e-01   2.5000000e-01
   2.3076783e-01   7.6923217e-01   0.0000000e+00
   6.4285666e-01   3.5714334e-01   0.0000000e+00
   2.7586244e-01   6.8964267e-02   6.5517330e-01
   1.7241363e-01   3.1034488e-01   5.1724149e-01
   5.6666537e-01   4.3333463e-01   0.0000000e+00
   1.3332066e-01   9.9964825e-05   8.6657938e-01
   1.3333397e-01   6.6665195e-02   8.0000084e-01
   1.0225767e-04   7.4989774e-01   2.5000000e-01
   4.3333361e-01   5.6666639e-01   0.0000000e+00
   3.5713889e-01   2.5000036e-01   3.9286075e-01
   3.4480869e-02   2.0688552e-01   7.5863361e-01
   3.4482863e-01   1.3792849e-01   5.1724288e-01
   1.8518363e-01   8.1481637e-01   0.0000000e+00
   3.1034482e-01   2.0689655e-01   4.8275863e-01
   1.0343615e-04   6.5510464e-01   3.4479192e-01
   5.5172383e-01   1.7241391e-01   2.7586226e-01
   9.9990015e-01   9.9850833e-05   0.0000000e+00
   1.9998043e-01   9.9819506e-05   7.9991975e-01
   3.9285808e-01   3.5714192e-01   2.5000000e-01
   1.3792965e-01   3.7931096e-01   4.8275939e-01
   3.4479207e-01   1.0341988e-04   6.5510451e-01
   4.4822956e-01   1.0343435e-04   5.5166701e-01
   6.0000000e-01   4.0000000e-01   0.0000000e+00
   3.9999989e-01   6.0000011e-01   0.0000000e+00
   6.5510465e-01   1.0342582e-04   3.4479192e-01
   3.4475626e-02   4.1379615e-01   5.5172822e-01
   2.4137717e-01   3.7930979e-01   3.7931305e-01
   4.4827618e-01   2.0689600e-01   3.4482782e-01
   1.0344814e-01   6.2068975e-01   2.7586211e-01
   4.4827596e-01   1.3793085e-01   4.1379319e-01
   3.5714260e-01   6.4285740e-01   0.0000000e+00
   4.1379312e-01   2.7586208e-01   3.1034480e-01
   1.7241331e-01   2.0689667e-01   6.2069001e-01
   1.0343696e-04   3.7927115e-01   6.2062541e-01
   1.3334516e-01   1.6668279e-01   6.9997205e-01
   1.7241024e-01   5.1725125e-01   3.1033851e-01
   1.0342917e-04   3.1031251e-01   6.8958407e-01
   6.8961174e-02   5.8620963e-01   3.4482919e-01
   6.8962956e-02   4.4829626e-01   4.8274078e-01
   3.7931193e-01   3.4478687e-02   5.8620938e-01
   5.1724043e-01   1.0344652e-01   3.7931304e-01
   2.4137712e-01   2.7586287e-01   4.8276002e-01
   3.7931033e-01   1.7241381e-01   4.4827586e-01
   5.5172464e-01   3.4481573e-02   4.1379378e-01
   1.7241232e-01   4.1379384e-01   4.1379384e-01
   6.8965260e-02   3.1034491e-01   6.2068983e-01
   2.7586123e-01   3.1034519e-01   4.1379358e-01
   3.4482749e-01   3.7931052e-01   2.7586199e-01
   9.9989200e-05   1.6666053e-01   8.3323948e-01
   2.0689647e-01   1.3793098e-01   6.5517255e-01
   9.9179510e-05   2.3330845e-01   7.6659237e-01
   2.0689665e-01   3.4482728e-01   4.4827607e-01
   3.1034245e-01   3.4482917e-01   3.4482838e-01
   9.9150229e-05   9.9140994e-05   9.9980171e-01
   6.6643839e-02   6.5022844e-05   9.3329114e-01
   9.3274980e-05   9.9969923e-02   8.9993680e-01
