   3.0000073e-01   6.9999927e-01   0.0000000e+00
   5.1724161e-01   6.8965114e-02   4.1379328e-01
   2.7586302e-01   2.4137763e-01   4.8275935e-01
   8.9999547e-01   1.0000453e-01   0.0000000e+00
   6.2069103e-01   3.4480612e-02   3.4482835e-01
   7.3076821e-01   2.6923179e-01   0.0000000e+00
   1.3792291e-01   5.8621479e-01   2.7586230e-01
   1.4285669e-01   8.5714331e-01   0.0000000e+00
   5.8614655e-01   1.0282494e-04   4.1375063e-01
   1.3334148e-01   1.6667678e-01   6.9998174e-01
   9.6666350e-01   3.3336501e-02   0.0000000e+00
   4.3332078e-01   5.6667922e-01   0.0000000e+00
   3.9285607e-01   3.5714393e-01   2.5000000e-01
   9.3333238e-01   6.6667618e-02   0.0000000e+00
   6.8965481e-01   3.1034519e-01   0.0000000e+00
   2.6667171e-01   7.3332829e-01   0.0000000e+00
   8.0769392e-01   1.9230608e-01   0.0000000e+00
   9.9990016e-01   9.9839889e-05   0.0000000e+00
   7.6666852e-01   2.3333148e-01   0.0000000e+00
   2.7584993e-01   3.4480630e-02   6.8966944e-01
   6.6665732e-02   9.3333427e-01   0.0000000e+00
   6.8958405e-01   1.0331830e-04   3.1031263e-01
   4.4827513e-01   2.7586257e-01   2.7586230e-01
   6.4285920e-01   3.5714080e-01   0.0000000e+00
   6.8964080e-02   5.8620778e-01   3.4482814e-01
   3.3331892e-02   9.6666811e-01   0.0000000e+00
   1.9230860e-01   8.0769140e-01   0.0000000e+00
   1.6666731e-01   3.3333646e-02   7.9999904e-01
   2.0455977e-01   5.4544023e-01   2.5000000e-01
   2.3333238e-01   7.6666762e-01   0.0000000e+00
   5.7954295e-01   1.7045705e-01   2.5000000e-01
   8.5714454e-01   1.4285546e-01   0.0000000e+00
   2.7586305e-01   1.0344625e-01   6.2069070e-01
   2.0689656e-01   2.7586229e-01   5.1724115e-01
   3.9282304e-01   1.0114118e-04   6.0707582e-01
   4.3288857e-01   3.3358810e-02   5.3375262e-01
   1.7241316e-01   4.8275924e-01   3.4482760e-01
   4.4827675e-01   1.0344650e-01   4.4827675e-01
   1.0304544e-04   2.7583486e-01   7.2406210e-01
   4.9995561e-01   9.9931619e-05   4.9994446e-01
   3.7930311e-01   2.7586528e-01   3.4483161e-01
   4.4825112e-01   2.0690571e-01   3.4484317e-01
   7.4989798e-01   1.0201553e-04   2.5000000e-01
   2.7272859e-01   4.7727141e-01   2.5000000e-01
   3.9285820e-01   6.0714180e-01   0.0000000e+00
   1.0341870e-04   3.7927148e-01   6.2062510e-01
   1.0208470e-04   7.4989791e-01   2.5000000e-01
   1.3402253e-01   4.6907771e-01   3.9689976e-01
   1.7241340e-01   1.0344812e-01   7.2413848e-01
   1.0250717e-04   5.5166594e-01   4.4823156e-01
   6.8100378e-01   6.8106589e-02   2.5088963e-01
   2.0688697e-01   3.7931497e-01   4.1379806e-01
   1.0339769e-04   6.2062452e-01   3.7927208e-01
   9.9605633e-05   1.9997997e-01   7.9992042e-01
   6.6666564e-02   6.6666564e-02   8.6666687e-01
   4.7999612e-01   5.2000388e-01   0.0000000e+00
   9.9957056e-05   9.9990004e-01   0.0000000e+00
   1.7241409e-01   2.0689521e-01   6.2069070e-01
   1.0296012e-04   4.8271809e-01   5.1717895e-01
   2.4135265e-01   1.0320453e-04   7.5854414e-01
   4.1379604e-01   1.7240947e-01   4.1379449e-01
   3.1034473e-01   4.1379328e-01   2.7586199e-01
   3.4482860e-01   6.5517140e-01   0.0000000e+00
   1.0227539e-01   6.4772461e-01   2.5000000e-01
   4.8275973e-01   1.3792999e-01   3.7931028e-01
   1.3793014e-01   4.1379344e-01   4.4827643e-01
   6.8958644e-02   5.1724520e-01   4.1379616e-01
   5.8619742e-01   1.0345064e-01   3.1035194e-01
   6.8960450e-02   4.4827930e-01   4.8276026e-01
   6.0000362e-01   3.9999638e-01   0.0000000e+00
   3.4482699e-01   2.4137951e-01   4.1379350e-01
   1.3792947e-01   2.7585505e-01   5.8621548e-01
   1.0000048e-01   1.0000048e-01   7.9999904e-01
   2.4137980e-01   3.1034377e-01   4.4827643e-01
   3.4479273e-01   1.0337742e-04   6.5510389e-01
   3.4482501e-01   1.0344630e-01   5.5172869e-01
   1.0342781e-04   6.8958368e-01   3.1031289e-01
   3.7931099e-01   1.3792954e-01   4.8275947e-01
   5.1727057e-01   1.7240140e-01   3.1032803e-01
   2.0689711e-01   1.3792933e-01   6.5517356e-01
   3.1034486e-01   3.1034486e-01   3.7931028e-01
   3.4476613e-02   4.1379472e-01   5.5172867e-01
   1.3793045e-01   3.4483030e-01   5.1723925e-01
   3.3331188e-02   3.3331188e-02   9.3333762e-01
   6.8965088e-02   1.7241345e-01   7.5862146e-01
   6.8959893e-02   3.4482462e-01   5.8621548e-01
   1.0000012e-01   8.9999988e-01   0.0000000e+00
   5.0050507e-01   4.6736558e-01   3.3116450e-02
   7.7046864e-05   1.3332297e-01   8.6659998e-01
   3.4482758e-01   3.4482757e-01   3.1034485e-01
   2.4137119e-01   4.4828119e-01   3.1034762e-01
   2.4137896e-01   2.0689235e-01   5.5172869e-01
   3.1034597e-01   1.7241288e-01   5.1724115e-01
   1.3332108e-01   9.4512644e-05   8.6658441e-01
   2.7585957e-01   3.7931294e-01   3.4482749e-01
   1.0344820e-01   2.4137830e-01   6.5517350e-01
   5.0639659e-01   2.4360341e-01   2.5000000e-01
   5.1854967e-01   4.1621737e-01   7.1553624e-02
   3.4482372e-02   3.1034077e-01   6.5517685e-01
   9.6441638e-05   9.2376085e-05   9.9981118e-01
