   7.6922916e-01   2.3077084e-01   0.0000000e+00
   1.0344753e-01   4.8275902e-01   4.1379345e-01
   9.6666773e-01   3.3332273e-02   0.0000000e+00
   6.8961881e-02   2.7586362e-01   6.5517450e-01
   2.6922979e-01   7.3077021e-01   0.0000000e+00
   2.3333305e-01   7.6666695e-01   0.0000000e+00
   6.8960566e-02   1.3792125e-01   7.9311819e-01
   1.7241332e-01   1.7241379e-01   6.5517289e-01
   1.0330915e-04   6.8958394e-01   3.1031275e-01
   3.4482677e-01   2.0689689e-01   4.4827635e-01
   1.7241149e-01   4.1379425e-01   4.1379426e-01
   6.9969779e-01   3.3366270e-02   2.6693594e-01
   5.6666357e-01   4.3333643e-01   0.0000000e+00
   6.6665659e-02   9.3333434e-01   0.0000000e+00
   9.3333381e-01   6.6666187e-02   0.0000000e+00
   4.3327680e-01   9.9992121e-05   5.6662321e-01
   6.9230814e-01   3.0769186e-01   0.0000000e+00
   3.2142409e-01   3.5714683e-01   3.2142909e-01
   4.6665726e-01   6.6668013e-02   4.6667473e-01
   1.0338860e-04   4.4822996e-01   5.5166665e-01
   8.6206757e-01   1.3793243e-01   0.0000000e+00
   2.0689644e-01   6.8967520e-02   7.2413604e-01
   4.8148092e-01   5.1851908e-01   0.0000000e+00
   9.9876420e-05   5.3328202e-01   4.6661810e-01
   2.7586216e-01   2.0689600e-01   5.1724184e-01
   5.7138599e-01   1.0071629e-04   4.2851329e-01
   2.0689821e-01   4.4827146e-01   3.4483033e-01
   5.1724171e-01   2.0689641e-01   2.7586188e-01
   1.3792610e-01   5.1724436e-01   3.4482954e-01
   9.9489189e-05   9.9990051e-01   0.0000000e+00
   3.5715074e-01   3.9284926e-01   2.5000000e-01
   1.0000868e-01   8.9999132e-01   0.0000000e+00
   3.1034200e-01   6.8965800e-01   0.0000000e+00
   9.9999990e-02   6.6666534e-02   8.3333348e-01
   4.8275894e-01   1.0344769e-01   4.1379337e-01
   3.6511053e-01   2.3390682e-01   4.0098265e-01
   6.6723012e-02   4.3285072e-01   5.0042627e-01
   4.4000815e-01   5.5999185e-01   0.0000000e+00
   3.4478848e-02   6.2069218e-01   3.4482897e-01
   3.1034465e-01   2.7586215e-01   4.1379320e-01
   1.9230484e-01   8.0769516e-01   0.0000000e+00
   9.9990007e-01   9.9926737e-05   0.0000000e+00
   3.4482887e-01   3.4480366e-02   6.2069076e-01
   2.7586260e-01   6.8963679e-02   6.5517372e-01
   6.0000045e-01   3.9999955e-01   0.0000000e+00
   1.0341255e-04   5.8614635e-01   4.1375024e-01
   1.0344663e-01   3.7931153e-01   5.1724184e-01
   3.5711015e-01   6.4280497e-01   8.8862760e-05
   4.8275890e-01   1.7241332e-01   3.4482778e-01
   6.4285648e-01   3.5714352e-01   0.0000000e+00
   6.4772667e-01   1.0227333e-01   2.5000000e-01
   1.7241374e-01   3.4482777e-01   4.8275849e-01
   7.4989777e-01   1.0223044e-04   2.5000000e-01
   2.4137801e-01   2.7586593e-01   4.8275606e-01
   5.1718636e-01   1.0322669e-04   4.8271042e-01
   8.1481857e-01   1.8518143e-01   0.0000000e+00
   6.8956134e-02   5.5175294e-01   3.7929093e-01
   7.3333367e-01   2.6666633e-01   0.0000000e+00
   6.8180332e-02   6.8181967e-01   2.5000000e-01
   6.5510473e-01   1.0342115e-04   3.4479185e-01
   1.6666742e-01   3.3329074e-02   8.0000351e-01
   5.5172139e-01   1.0344891e-01   3.4482971e-01
   2.3332161e-01   9.9896158e-05   7.6657850e-01
   4.1379334e-01   1.7241331e-01   4.1379335e-01
   1.0344675e-01   3.1035021e-01   5.8620303e-01
   3.8055346e-01   5.8245870e-01   3.7900135e-02
   5.3333080e-01   4.6666920e-01   0.0000000e+00
   3.7930925e-01   6.8966423e-02   5.5172433e-01
   3.1034490e-01   1.3793077e-01   5.5172433e-01
   1.0339102e-04   2.4135313e-01   7.5854348e-01
   6.6660574e-02   7.8698921e-05   9.3326073e-01
   2.7586294e-01   3.7930853e-01   3.4482853e-01
   2.8571381e-01   4.6428619e-01   2.5000000e-01
   1.7046302e-01   5.7953698e-01   2.5000000e-01
   2.0689838e-01   5.1723939e-01   2.7586223e-01
   1.3793000e-01   2.4137924e-01   6.2069076e-01
   5.7955141e-01   1.7044859e-01   2.5000000e-01
   1.0201592e-04   7.4989798e-01   2.5000000e-01
   3.7931050e-01   1.3793085e-01   4.8275865e-01
   1.4285626e-01   8.5714374e-01   0.0000000e+00
   8.9999936e-01   1.0000064e-01   0.0000000e+00
   4.7727236e-01   2.7272764e-01   2.5000000e-01
   1.0339740e-04   3.7927139e-01   6.2062521e-01
   1.0340168e-04   3.1031280e-01   6.8958380e-01
   1.3793092e-01   1.0344788e-01   7.5862120e-01
   2.0689662e-01   2.4137905e-01   5.5172433e-01
   3.1031283e-01   1.0336660e-04   6.8958380e-01
   6.2068752e-01   6.8965767e-02   3.1034671e-01
   3.7931032e-01   2.7586213e-01   3.4482755e-01
   2.4137683e-01   3.4482877e-01   4.1379439e-01
   1.0344762e-01   6.2069021e-01   2.7586217e-01
   2.4137843e-01   1.3793080e-01   6.2069076e-01
   3.3326983e-02   9.6658055e-01   9.7574711e-05
   4.1379389e-01   3.1034453e-01   2.7586158e-01
   1.3331533e-01   8.2066189e-05   8.6660260e-01
   9.9999798e-02   1.9999977e-01   7.0000044e-01
   4.4827653e-01   2.4137830e-01   3.1034517e-01
   9.2287098e-05   1.6665026e-01   8.3325746e-01
   8.8628410e-05   8.3037047e-05   9.9982833e-01
   6.8999023e-05   9.9962664e-02   8.9996834e-01
