   8.5714264e-01   1.4285736e-01   0.0000000e+00
   6.6662702e-02   2.0000150e-01   7.3333579e-01
   2.8571433e-01   4.6428562e-01   2.5000006e-01
   4.3333363e-01   5.6666637e-01   0.0000000e+00
   2.6667140e-01   7.3332860e-01   0.0000000e+00
   3.7931070e-01   6.8964646e-02   5.5172465e-01
   2.4137591e-01   4.1379496e-01   3.4482913e-01
   4.8148141e-01   5.1851859e-01   0.0000000e+00
   1.3793102e-01   8.6206898e-01   0.0000000e+00
   7.4989772e-01   1.0222669e-04   2.5000006e-01
   9.9986067e-05   1.3332059e-01   8.6657943e-01
   1.7045453e-01   5.7954541e-01   2.5000006e-01
   9.9990022e-01   9.9775327e-05   0.0000000e+00
   1.7241148e-01   6.8964540e-02   7.5862398e-01
   2.3076886e-01   7.6923114e-01   0.0000000e+00
   5.8620243e-01   6.8966262e-02   3.4483131e-01
   4.3453207e-01   1.6715132e-01   3.9831662e-01
   7.3076816e-01   2.6923184e-01   0.0000000e+00
   4.1379310e-01   2.7586207e-01   3.1034483e-01
   5.3333205e-01   4.6666795e-01   0.0000000e+00
   3.1034483e-01   2.0689655e-01   4.8275862e-01
   6.8182271e-01   6.8177232e-02   2.5000006e-01
   6.4286147e-01   3.5713853e-01   0.0000000e+00
   7.6666765e-01   2.3333235e-01   0.0000000e+00
   1.0038381e-04   4.6423039e-01   5.3566922e-01
   9.9971890e-05   5.6661713e-01   4.3328290e-01
   9.3333507e-01   6.6664929e-02   0.0000000e+00
   3.4481278e-02   6.8965848e-01   2.7586024e-01
   4.9995002e-01   9.9976544e-05   4.9995000e-01
   1.8518477e-01   8.1481523e-01   0.0000000e+00
   1.0342996e-01   5.8628007e-01   3.1028996e-01
   1.0224923e-04   7.4989769e-01   2.5000006e-01
   3.3332908e-02   9.6666709e-01   0.0000000e+00
   4.1375020e-01   1.0342972e-04   5.8614637e-01
   5.0000201e-01   2.4999793e-01   2.5000006e-01
   4.1379321e-01   1.0344804e-01   4.8275875e-01
   6.0000000e-01   4.0000000e-01   0.0000000e+00
   6.1363612e-01   1.3636382e-01   2.5000006e-01
   5.6666690e-01   4.3333310e-01   0.0000000e+00
   2.7586206e-01   3.4482760e-01   3.7931034e-01
   2.4137811e-01   3.4482402e-02   7.2413949e-01
   3.4482611e-01   1.3793034e-01   5.1724356e-01
   3.4482498e-02   4.8275875e-01   4.8275875e-01
   8.0769355e-01   1.9230645e-01   0.0000000e+00
   1.0344571e-01   4.1379429e-01   4.8276000e-01
   6.8965561e-01   3.1034439e-01   0.0000000e+00
   3.9285682e-01   3.5714312e-01   2.5000006e-01
   6.6666180e-02   9.3333382e-01   0.0000000e+00
   4.4827616e-01   2.0689604e-01   3.4482780e-01
   3.3333516e-02   2.6666689e-01   6.9999959e-01
   1.0344668e-01   2.4137974e-01   6.5517358e-01
   4.8275833e-01   1.0344833e-01   4.1379334e-01
   5.5172851e-01   1.7241125e-01   2.7586024e-01
   2.0690575e-01   5.1723402e-01   2.7586024e-01
   5.1724281e-01   1.3792864e-01   3.4482854e-01
   3.4482687e-01   2.4137958e-01   4.1379355e-01
   1.0341903e-04   6.5510462e-01   3.4479196e-01
   9.9998341e-02   9.0000166e-01   0.0000000e+00
   6.8965695e-02   5.5172299e-01   3.7931131e-01
   1.0344808e-01   3.4482766e-01   5.5172426e-01
   1.3792250e-01   5.1724650e-01   3.4483100e-01
   3.5714497e-01   6.4285503e-01   0.0000000e+00
   2.0689655e-01   1.3793103e-01   6.5517241e-01
   2.0689741e-01   2.4137905e-01   5.5172354e-01
   1.6796242e-01   3.6175304e-01   4.7028454e-01
   3.0769020e-01   6.9230980e-01   0.0000000e+00
   9.9738398e-05   9.9990026e-01   0.0000000e+00
   6.6666486e-02   6.6666486e-02   8.6666703e-01
   2.0689586e-01   3.1034510e-01   4.8275904e-01
   3.4480741e-02   3.7931114e-01   5.8620812e-01
   2.4137915e-01   1.7241432e-01   5.8620652e-01
   1.3792853e-01   1.7241068e-01   6.8966079e-01
   6.2062549e-01   1.0338138e-04   3.7927112e-01
   6.8965561e-02   3.1034498e-01   6.2068946e-01
   9.9933244e-05   2.3331363e-01   7.6658643e-01
   2.7586261e-01   2.7586261e-01   4.4827477e-01
   2.0689599e-01   3.7931061e-01   4.1379340e-01
   3.7931272e-01   1.7241251e-01   4.4827477e-01
   3.1034547e-01   1.0344643e-01   5.8620810e-01
   8.9999940e-01   1.0000060e-01   0.0000000e+00
   1.0227072e-01   6.4772922e-01   2.5000006e-01
   1.0344647e-01   1.0344647e-01   7.9310706e-01
   1.3793083e-01   2.7586213e-01   5.8620703e-01
   5.5172418e-01   3.4482671e-02   4.1379315e-01
   2.7586212e-01   6.8965351e-02   6.5517253e-01
   1.6665882e-01   9.9908575e-05   8.3324128e-01
   3.4479196e-01   1.0343497e-04   6.5510461e-01
   9.6666679e-01   3.3333211e-02   0.0000000e+00
   3.3331725e-02   1.6666676e-01   8.0000152e-01
   1.7240837e-01   4.4827963e-01   3.7931200e-01
   6.5517409e-01   3.4480300e-02   3.1034561e-01
   3.1034387e-01   3.7931223e-01   3.1034390e-01
   1.0344823e-01   4.8275864e-01   4.1379312e-01
   3.9999899e-01   6.0000101e-01   0.0000000e+00
   3.4482689e-01   3.1034447e-01   3.4482864e-01
   2.6664058e-01   9.6769157e-05   7.3326265e-01
   9.9988909e-02   9.0216025e-05   8.9992087e-01
   1.0339124e-04   3.4479193e-01   6.5510468e-01
   9.3537797e-05   6.6626003e-02   9.3328046e-01
   9.1944096e-05   9.3512444e-05   9.9981454e-01
