   8.5714356e-01   1.4285644e-01   0.0000000e+00
   9.6666726e-01   3.3332740e-02   0.0000000e+00
   3.3333427e-02   9.6666657e-01   0.0000000e+00
   1.9230655e-01   8.0769345e-01   0.0000000e+00
   7.3076772e-01   2.6923228e-01   0.0000000e+00
   5.3565781e-01   1.0034597e-04   4.6424184e-01
   5.3332455e-01   4.6667545e-01   0.0000000e+00
   3.3332261e-02   2.6666840e-01   6.9999934e-01
   3.4482427e-01   3.4482131e-02   6.2069360e-01
   8.0769437e-01   1.9230563e-01   0.0000000e+00
   4.8148094e-01   5.1851906e-01   0.0000000e+00
   4.6428624e-01   2.8571362e-01   2.5000014e-01
   7.6667681e-01   2.3332319e-01   0.0000000e+00
   6.6669355e-02   9.3333065e-01   0.0000000e+00
   6.8965437e-02   6.5517237e-01   2.7586219e-01
   1.0344421e-01   2.4138041e-01   6.5517539e-01
   4.3138004e-01   1.0034447e-01   4.6827549e-01
   9.9990003e-01   9.9974472e-05   0.0000000e+00
   6.4285698e-01   3.5714302e-01   0.0000000e+00
   3.1031294e-01   1.0314513e-04   6.8958392e-01
   9.0000059e-01   9.9999407e-02   0.0000000e+00
   1.0219124e-04   7.4989767e-01   2.5000014e-01
   2.7586207e-01   2.7586207e-01   4.4827586e-01
   4.0000000e-01   6.0000000e-01   0.0000000e+00
   9.9999121e-02   1.3333329e-01   7.6666759e-01
   1.7241313e-01   5.5172467e-01   2.7586219e-01
   1.0343886e-01   4.1379747e-01   4.8276368e-01
   1.0343489e-04   4.1375036e-01   5.8614620e-01
   9.3332894e-01   6.6671056e-02   0.0000000e+00
   1.4285095e-01   8.5714905e-01   0.0000000e+00
   2.7586207e-01   4.1379311e-01   3.1034482e-01
   4.2852108e-01   1.0082226e-04   5.7137809e-01
   5.4545606e-01   2.0454380e-01   2.5000014e-01
   1.6665020e-01   9.9958292e-05   8.3324984e-01
   4.8275587e-01   2.0690106e-01   3.1034307e-01
   3.4482388e-01   2.7586363e-01   3.7931248e-01
   3.5714391e-01   3.9285595e-01   2.5000014e-01
   2.3331032e-01   9.9870834e-05   7.6658981e-01
   3.5714143e-01   6.4285857e-01   0.0000000e+00
   2.6923014e-01   7.3076986e-01   0.0000000e+00
   4.4827805e-01   1.7240976e-01   3.7931219e-01
   2.3333366e-01   7.6666634e-01   0.0000000e+00
   7.4989761e-01   1.0225611e-04   2.5000014e-01
   9.9963763e-05   9.9990004e-01   0.0000000e+00
   2.0689655e-01   2.0689655e-01   5.8620690e-01
   6.8966056e-01   3.1033944e-01   0.0000000e+00
   9.9977156e-05   4.9994072e-01   4.9995930e-01
   9.9933103e-05   1.6665023e-01   8.3324984e-01
   4.3333487e-01   5.6666513e-01   0.0000000e+00
   2.0689655e-01   3.1034482e-01   4.8275863e-01
   1.0000079e-01   8.9999921e-01   0.0000000e+00
   5.8620736e-01   1.3793045e-01   2.7586219e-01
   6.8964784e-02   3.1034162e-01   6.2069360e-01
   1.7241399e-01   4.8275804e-01   3.4482797e-01
   2.4137931e-01   2.4137931e-01   5.1724138e-01
   6.6662633e-02   9.9974468e-05   9.3323739e-01
   6.2062549e-01   1.0342171e-04   3.7927109e-01
   1.3636358e-01   6.1363628e-01   2.5000014e-01
   1.7241026e-01   6.8964082e-02   7.5862566e-01
   6.4772864e-01   1.0227122e-01   2.5000014e-01
   1.3333344e-01   3.3332524e-02   8.3333404e-01
   3.1033344e-01   6.8966656e-01   0.0000000e+00
   6.0000000e-01   4.0000000e-01   0.0000000e+00
   9.9632811e-05   2.3331055e-01   7.6658981e-01
   3.1034482e-01   2.0689655e-01   4.8275863e-01
   6.8957325e-02   4.8276286e-01   4.4827982e-01
   6.6669388e-02   2.0000488e-01   7.3332573e-01
   1.3792956e-01   1.7241408e-01   6.8965636e-01
   1.3793024e-01   4.4827628e-01   4.1379348e-01
   2.4138332e-01   3.4482577e-01   4.1379091e-01
   2.4999992e-01   4.9999994e-01   2.5000014e-01
   6.6666405e-02   6.6666405e-02   8.6666719e-01
   6.8958382e-01   1.0343651e-04   3.1031274e-01
   1.3792661e-01   3.4482935e-01   5.1724404e-01
   3.4476763e-02   5.5172908e-01   4.1379415e-01
   3.7931754e-01   3.1034120e-01   3.1034127e-01
   5.6666675e-01   4.3333325e-01   0.0000000e+00
   1.0337995e-04   6.2062553e-01   3.7927109e-01
   2.0689637e-01   1.3793091e-01   6.5517272e-01
   3.4482760e-01   1.3793100e-01   5.1724140e-01
   6.8960951e-02   5.8620977e-01   3.4482928e-01
   5.1724143e-01   1.3793095e-01   3.4482762e-01
   6.8958030e-02   3.7931548e-01   5.5172649e-01
   3.7930887e-01   2.0689705e-01   4.1379409e-01
   3.1034255e-01   3.4482873e-01   3.4482872e-01
   4.8275870e-01   1.0344812e-01   4.1379317e-01
   4.4827593e-01   3.4482672e-02   5.1724140e-01
   1.0339365e-04   3.4479185e-01   6.5510475e-01
   5.8620547e-01   6.8965755e-02   3.4482878e-01
   1.0343034e-04   6.8958383e-01   3.1031274e-01
   1.7241310e-01   3.7931068e-01   4.4827622e-01
   1.0344594e-01   5.1724275e-01   3.7931132e-01
   1.7241266e-01   2.7586087e-01   5.5172647e-01
   3.1034555e-01   1.0344619e-01   5.8620826e-01
   2.0689652e-01   4.1379313e-01   3.7931035e-01
   2.7586094e-01   1.7241259e-01   5.5172648e-01
   9.8404122e-05   9.9972795e-02   8.9992880e-01
   4.1379339e-01   2.4137899e-01   3.4482763e-01
   2.4137918e-01   6.8964840e-02   6.8965598e-01
   9.2780219e-05   9.1962724e-05   9.9981526e-01
