   7.6666815e-01   2.3333185e-01   0.0000000e+00
   9.3333549e-01   6.6664513e-02   0.0000000e+00
   9.9998302e-02   9.0000170e-01   0.0000000e+00
   3.0000448e-01   6.9999552e-01   0.0000000e+00
   1.9230593e-01   8.0769407e-01   0.0000000e+00
   5.6666795e-01   4.3333205e-01   0.0000000e+00
   6.9999892e-01   3.0000108e-01   0.0000000e+00
   2.4135409e-01   1.0321881e-04   7.5854269e-01
   3.9285888e-01   6.0714112e-01   0.0000000e+00
   1.3793101e-01   2.0689656e-01   6.5517243e-01
   3.3612794e-02   4.2857791e-01   5.3780929e-01
   8.5714386e-01   1.4285614e-01   0.0000000e+00
   1.0341387e-04   6.8958388e-01   3.1031271e-01
   6.6666577e-02   9.3333342e-01   0.0000000e+00
   1.6666600e-01   3.3333369e-02   8.0000063e-01
   3.7931050e-01   6.8965138e-02   5.5172436e-01
   1.0313763e-04   3.1031222e-01   6.8958465e-01
   7.4989774e-01   1.0225581e-04   2.5000000e-01
   2.0689662e-01   1.3793079e-01   6.5517259e-01
   9.6667344e-01   3.3326560e-02   0.0000000e+00
   6.0714223e-01   3.9285777e-01   0.0000000e+00
   4.2857119e-01   3.2142881e-01   2.5000000e-01
   1.3636392e-01   6.1363608e-01   2.5000000e-01
   4.3333199e-01   5.6666801e-01   0.0000000e+00
   1.0336190e-04   2.4135395e-01   7.5854269e-01
   2.3333228e-01   7.6666772e-01   0.0000000e+00
   6.8965622e-02   2.7586097e-01   6.5517340e-01
   5.1852118e-01   4.8147882e-01   0.0000000e+00
   9.9990063e-01   9.9374243e-05   0.0000000e+00
   6.8958389e-01   1.0339592e-04   3.1031271e-01
   6.8963784e-02   5.5172517e-01   3.7931105e-01
   6.1363654e-01   1.3636346e-01   2.5000000e-01
   1.3792979e-01   3.7931089e-01   4.8275932e-01
   8.0769138e-01   1.9230862e-01   0.0000000e+00
   9.9625845e-05   9.9990037e-01   0.0000000e+00
   1.4285275e-01   8.5714725e-01   0.0000000e+00
   2.6666462e-01   7.3333538e-01   0.0000000e+00
   1.7240860e-01   3.1034677e-01   5.1724463e-01
   2.0689555e-01   3.4482802e-01   4.4827643e-01
   6.6666762e-02   3.3333193e-02   9.0000005e-01
   3.1034466e-01   1.0344833e-01   5.8620700e-01
   2.0689484e-01   4.4827683e-01   3.4482833e-01
   1.0337386e-04   5.8614629e-01   4.1375033e-01
   1.0344833e-01   4.4827559e-01   4.4827608e-01
   4.6667220e-01   6.6662983e-02   4.6666481e-01
   2.7586259e-01   6.8963740e-02   6.5517366e-01
   5.5172656e-01   3.4478531e-02   4.1379491e-01
   3.4475057e-02   5.1724550e-01   4.4827944e-01
   5.5172015e-01   1.7241533e-01   2.7586452e-01
   4.1379343e-01   1.7241327e-01   4.1379330e-01
   5.1718805e-01   1.0327737e-04   4.8270867e-01
   3.0684105e-01   4.4315895e-01   2.5000000e-01
   2.7585642e-01   3.1035892e-01   4.1378467e-01
   2.7586202e-01   4.1379312e-01   3.1034486e-01
   7.3333297e-01   2.6666703e-01   0.0000000e+00
   1.0344837e-01   3.4482700e-01   5.5172463e-01
   1.3792768e-01   2.7586313e-01   5.8620919e-01
   1.0342094e-04   3.7927163e-01   6.2062495e-01
   3.7930973e-01   1.3793107e-01   4.8275921e-01
   6.5517388e-01   3.4482612e-01   0.0000000e+00
   3.9406444e-01   2.8516465e-01   3.2077091e-01
   4.4822971e-01   1.0326316e-04   5.5166703e-01
   3.3332198e-02   9.6666780e-01   0.0000000e+00
   8.9999555e-01   1.0000445e-01   0.0000000e+00
   1.0218887e-04   7.4989781e-01   2.5000000e-01
   3.7932563e-01   2.4137335e-01   3.7930102e-01
   3.7927171e-01   1.0333964e-04   6.2062495e-01
   2.3889329e-01   5.1110671e-01   2.5000000e-01
   5.5172428e-01   1.0344805e-01   3.4482768e-01
   2.7586204e-01   2.7586211e-01   4.4827585e-01
   9.8098078e-05   9.3628843e-05   9.9980827e-01
   3.4482347e-02   6.2068992e-01   3.4482773e-01
   1.7240839e-01   5.5172776e-01   2.7586385e-01
   1.3792912e-01   5.1724253e-01   3.4482835e-01
   9.9969893e-05   1.3332053e-01   8.6657950e-01
   2.4137977e-01   2.4137982e-01   5.1724041e-01
   3.4482896e-01   6.5517104e-01   0.0000000e+00
   6.8965049e-02   6.5517276e-01   2.7586219e-01
   3.4482678e-01   2.7586241e-01   3.7931081e-01
   3.4482775e-01   3.7931025e-01   2.7586200e-01
   3.4482453e-01   2.0689904e-01   4.4827643e-01
   3.1034486e-01   3.4482752e-01   3.4482762e-01
   1.0344357e-01   1.7240700e-01   7.2414943e-01
   9.9999988e-02   9.9999796e-02   8.0000022e-01
   1.3332181e-01   9.8698599e-05   8.6657950e-01
   3.1031212e-01   1.0323506e-04   6.8958465e-01
   2.7586121e-01   1.7241469e-01   5.5172410e-01
   6.5517406e-01   6.8963176e-02   2.7586277e-01
   1.7240829e-01   4.1379665e-01   4.1379506e-01
   3.3329200e-02   1.6666740e-01   8.0000340e-01
   2.4137845e-01   3.7931078e-01   3.7931078e-01
   4.6666772e-01   5.3333228e-01   0.0000000e+00
   1.7241507e-01   1.0344198e-01   7.2414295e-01
   4.8275950e-01   1.3792956e-01   3.7931095e-01
   2.0689648e-01   2.0689653e-01   5.8620699e-01
   9.9976506e-05   4.9995180e-01   4.9994822e-01
   6.2062542e-01   1.0341265e-04   3.7927116e-01
   6.3542346e-05   6.6646366e-02   9.3329009e-01
   4.4828059e-01   2.0689008e-01   3.4482933e-01
   5.0253469e-01   2.4746531e-01   2.5000000e-01
