   9.5540731e-05   9.9990057e-02   8.9991440e-01
   2.6666864e-01   7.3333136e-01   0.0000000e+00
   2.3332939e-01   7.6667061e-01   0.0000000e+00
   5.6666584e-01   4.3333416e-01   0.0000000e+00
   3.4482947e-01   6.5517053e-01   0.0000000e+00
   7.6922804e-01   2.3077196e-01   0.0000000e+00
   9.6666986e-01   3.3330141e-02   0.0000000e+00
   6.4285657e-01   3.5714343e-01   0.0000000e+00
   1.7241481e-01   5.5172149e-01   2.7586370e-01
   1.0000012e-01   8.9999988e-01   0.0000000e+00
   1.0337477e-04   6.8958389e-01   3.1031273e-01
   3.5714148e-01   3.9285852e-01   2.5000000e-01
   7.4989775e-01   1.0225226e-04   2.5000000e-01
   8.9999873e-01   1.0000127e-01   0.0000000e+00
   1.0214109e-04   7.4989786e-01   2.5000000e-01
   1.3793011e-01   4.8275914e-01   3.7931075e-01
   7.3333037e-01   2.6666963e-01   0.0000000e+00
   9.9990010e-01   9.9903200e-05   0.0000000e+00
   4.8148040e-01   5.1851960e-01   0.0000000e+00
   9.9999983e-02   1.3333352e-01   7.6666650e-01
   3.3329040e-02   9.6667096e-01   0.0000000e+00
   5.3333311e-01   4.6666689e-01   0.0000000e+00
   4.4318738e-01   3.0681262e-01   2.5000000e-01
   6.8965636e-02   6.5517181e-01   2.7586256e-01
   4.4822963e-01   1.0339167e-04   5.5166698e-01
   5.1724545e-01   6.8958197e-02   4.1379636e-01
   3.4482795e-02   3.1034475e-01   6.5517245e-01
   1.4285691e-01   8.5714309e-01   0.0000000e+00
   1.7241448e-01   4.1379078e-01   4.1379474e-01
   3.7931058e-01   3.4483121e-02   5.8620630e-01
   9.9452654e-05   9.9990055e-01   0.0000000e+00
   2.4136593e-01   6.8961641e-02   6.8967242e-01
   3.4483909e-01   1.7241057e-01   4.8275034e-01
   5.5172432e-01   1.0344799e-01   3.4482769e-01
   3.1034377e-01   3.4482814e-01   3.4482809e-01
   3.9285771e-01   6.0714229e-01   0.0000000e+00
   4.4826885e-01   2.0689919e-01   3.4483196e-01
   4.6664268e-01   6.6670095e-02   4.6668722e-01
   2.7585868e-01   4.1380022e-01   3.1034110e-01
   6.6668219e-02   9.3333178e-01   0.0000000e+00
   3.4482289e-01   3.1034705e-01   3.4483006e-01
   6.1363642e-01   1.3636358e-01   2.5000000e-01
   8.6206902e-01   1.3793098e-01   0.0000000e+00
   4.3333249e-01   5.6666751e-01   0.0000000e+00
   3.7930828e-01   3.4483108e-01   2.7586064e-01
   3.3332708e-02   1.3333326e-01   8.3333403e-01
   2.4999770e-01   5.0000230e-01   2.5000000e-01
   1.0327982e-04   6.2062546e-01   3.7927126e-01
   1.0337852e-04   3.7927062e-01   6.2062600e-01
   8.1481298e-01   1.8518702e-01   0.0000000e+00
   4.8275868e-01   1.3793094e-01   3.7931038e-01
   1.7241181e-01   1.0344632e-01   7.2414187e-01
   2.4137711e-01   3.7931145e-01   3.7931144e-01
   1.0344711e-01   4.1379596e-01   4.8275693e-01
   1.3792854e-01   1.7241071e-01   6.8966074e-01
   6.5510488e-01   1.0309769e-04   3.4479202e-01
   6.5518303e-01   6.8951171e-02   2.7586580e-01
   9.3333515e-01   6.6664846e-02   0.0000000e+00
   1.0342516e-04   5.1718778e-01   4.8270879e-01
   6.6666936e-02   2.0000141e-01   7.3333166e-01
   1.0344819e-01   3.1034550e-01   5.8620630e-01
   5.3328017e-01   9.9938728e-05   4.6661989e-01
   9.9525363e-05   1.9998310e-01   7.9991738e-01
   4.1379488e-01   2.7586122e-01   3.1034391e-01
   2.0689512e-01   3.4483049e-01   4.4827438e-01
   2.0683625e-01   1.0335011e-04   7.9306040e-01
   3.1034491e-01   1.3793081e-01   5.5172427e-01
   1.3636636e-01   6.1363364e-01   2.5000000e-01
   2.4137962e-01   1.3792990e-01   6.2069048e-01
   6.9230809e-01   3.0769191e-01   0.0000000e+00
   4.1378984e-01   1.7241476e-01   4.1379540e-01
   1.0344845e-01   5.5172347e-01   3.4482808e-01
   2.4138030e-01   2.0689627e-01   5.5172343e-01
   5.5171549e-01   1.7241992e-01   2.7586459e-01
   1.0341559e-04   2.7583347e-01   7.2406311e-01
   9.9999875e-02   6.6666092e-02   8.3333403e-01
   6.0000177e-01   3.9999823e-01   0.0000000e+00
   1.9230681e-01   8.0769319e-01   0.0000000e+00
   1.0040746e-04   4.6424020e-01   5.3565939e-01
   3.1034486e-01   6.8965488e-02   6.2068966e-01
   3.4479192e-01   1.0323509e-04   6.5510484e-01
   2.0689754e-01   2.7586382e-01   5.1723864e-01
   3.1034397e-01   2.4138165e-01   4.4827438e-01
   3.4477584e-02   5.5172710e-01   4.1379532e-01
   3.7931221e-01   2.4137631e-01   3.7931149e-01
   1.7241335e-01   2.0689261e-01   6.2069404e-01
   5.0913385e-01   2.4086615e-01   2.5000000e-01
   6.8962869e-02   3.7931140e-01   5.5172573e-01
   6.8962341e-02   4.8276327e-01   4.4827438e-01
   2.7583347e-01   1.0341526e-04   7.2406311e-01
   5.8621002e-01   3.4477622e-02   3.7931236e-01
   6.6659372e-02   8.4821128e-05   9.3325581e-01
   3.0000014e-01   6.9999986e-01   0.0000000e+00
   1.3332082e-01   8.3380783e-05   8.6659580e-01
   2.7585915e-01   3.1034608e-01   4.1379477e-01
   1.3793129e-01   3.4483008e-01   5.1723864e-01
   3.7931425e-01   1.0344711e-01   5.1723864e-01
   2.0689275e-01   4.4827802e-01   3.4482923e-01
   1.0344831e-01   2.4137924e-01   6.5517245e-01
   9.6233519e-05   8.9901212e-05   9.9981387e-01
