   6.5517226e-01   6.8965549e-02   2.7586219e-01
   2.7585716e-01   4.4827890e-01   2.7586394e-01
   3.0000388e-01   6.9999612e-01   0.0000000e+00
   7.3333269e-01   2.6666731e-01   0.0000000e+00
   8.9999778e-01   1.0000222e-01   0.0000000e+00
   1.7241275e-01   2.4138380e-01   5.8620345e-01
   9.9957452e-05   9.9990004e-01   0.0000000e+00
   6.1363697e-01   1.3636170e-01   2.5000133e-01
   1.9998078e-01   9.9927008e-05   7.9991929e-01
   8.1481373e-01   1.8518627e-01   0.0000000e+00
   4.1379510e-01   1.0344396e-01   4.8276095e-01
   1.3792573e-01   4.4827862e-01   4.1379565e-01
   7.4989642e-01   1.0225471e-04   2.5000133e-01
   3.4482990e-01   1.7241318e-01   4.8275691e-01
   7.6923114e-01   2.3076886e-01   0.0000000e+00
   1.7241228e-01   6.8964909e-02   7.5862281e-01
   9.8343562e-05   1.6665025e-01   8.3325140e-01
   1.8518420e-01   8.1481580e-01   0.0000000e+00
   3.5714967e-01   3.9284900e-01   2.5000133e-01
   1.0000027e-01   8.9999973e-01   0.0000000e+00
   6.6671167e-02   9.3332883e-01   0.0000000e+00
   1.0340728e-04   4.4822966e-01   5.5166693e-01
   1.0343620e-04   6.5510461e-01   3.4479196e-01
   1.3793057e-01   5.1724166e-01   3.4482777e-01
   9.3333620e-01   6.6663801e-02   0.0000000e+00
   1.3793115e-01   8.6206885e-01   0.0000000e+00
   1.7241168e-01   3.4483563e-01   4.8275269e-01
   5.7954314e-01   1.7045554e-01   2.5000133e-01
   6.6666912e-02   6.6666981e-02   8.6666611e-01
   4.3333440e-01   5.6666560e-01   0.0000000e+00
   2.7586184e-01   3.7931046e-01   3.4482769e-01
   4.1379310e-01   3.1034483e-01   2.7586207e-01
   1.0339309e-04   5.8614627e-01   4.1375033e-01
   3.4482746e-01   3.4482782e-01   3.1034472e-01
   1.3793012e-01   2.0689639e-01   6.5517349e-01
   9.6666939e-01   3.3330605e-02   0.0000000e+00
   8.6207011e-01   1.3792989e-01   0.0000000e+00
   5.7137144e-01   1.0080298e-04   4.2852776e-01
   3.4482643e-01   2.7586415e-01   3.7930942e-01
   5.6666668e-01   4.3333332e-01   0.0000000e+00
   3.9285806e-01   6.0714194e-01   0.0000000e+00
   3.7930921e-01   2.0689693e-01   4.1379386e-01
   4.8276250e-01   6.8958032e-02   4.4827946e-01
   3.4483500e-01   6.5516500e-01   0.0000000e+00
   1.3636792e-01   6.1363076e-01   2.5000133e-01
   6.8958419e-01   1.0331369e-04   3.1031249e-01
   5.1851725e-01   4.8148275e-01   0.0000000e+00
   6.8965648e-02   6.2068895e-01   3.1034540e-01
   6.6987643e-02   4.3061445e-01   5.0239791e-01
   3.3796476e-02   3.5785950e-01   6.0834403e-01
   2.7583332e-01   1.0342752e-04   7.2406325e-01
   1.0330287e-04   2.7583344e-01   7.2406325e-01
   4.8275576e-01   1.7241474e-01   3.4482950e-01
   3.1034515e-01   6.8964541e-02   6.2069031e-01
   5.9999986e-01   4.0000014e-01   0.0000000e+00
   1.0000005e-01   1.0000015e-01   7.9999980e-01
   2.6667116e-01   7.3332884e-01   0.0000000e+00
   3.7931188e-01   3.4478921e-02   5.8620920e-01
   6.4285757e-01   3.5714243e-01   0.0000000e+00
   1.0221063e-04   7.4989646e-01   2.5000133e-01
   1.0341036e-04   5.1718789e-01   4.8270870e-01
   2.0689662e-01   1.7241354e-01   6.2068984e-01
   2.3076833e-01   7.6923167e-01   0.0000000e+00
   6.8963698e-02   2.7586261e-01   6.5517369e-01
   3.1034580e-01   2.4137693e-01   4.4827727e-01
   3.4481641e-02   6.8965597e-01   2.7586239e-01
   6.9230772e-01   3.0769228e-01   0.0000000e+00
   1.0344770e-01   3.7930874e-01   5.1724356e-01
   3.3333132e-02   9.6666687e-01   0.0000000e+00
   2.0689698e-01   3.7930907e-01   4.1379395e-01
   6.8962766e-02   4.8276005e-01   4.4827718e-01
   5.1724138e-01   2.0689655e-01   2.7586207e-01
   5.1718788e-01   1.0342421e-04   4.8270870e-01
   4.6428806e-01   2.8571061e-01   2.5000133e-01
   4.1379225e-01   2.4137966e-01   3.4482809e-01
   1.0342841e-04   3.4479177e-01   6.5510480e-01
   3.3333884e-02   2.0000511e-01   7.6666101e-01
   1.0344531e-01   1.7241344e-01   7.2414126e-01
   2.7586319e-01   3.1034434e-01   4.1379247e-01
   6.6659460e-02   9.5973053e-05   9.3324457e-01
   1.3793113e-01   3.1034391e-01   5.5172497e-01
   4.6666721e-01   5.3333279e-01   0.0000000e+00
   3.4479206e-01   1.0312555e-04   6.5510481e-01
   1.7241207e-01   5.5172528e-01   2.7586264e-01
   6.2069905e-01   3.4468159e-02   3.4483280e-01
   2.4815518e-01   5.0184349e-01   2.5000133e-01
   2.7586082e-01   2.0689562e-01   5.1724356e-01
   5.5172509e-01   1.0344673e-01   3.4482818e-01
   9.9990001e-01   9.9986212e-05   0.0000000e+00
   1.3331987e-01   9.9572885e-05   8.6658056e-01
   6.8960392e-02   5.5173019e-01   3.7930942e-01
   3.4482825e-01   1.0344826e-01   5.5172349e-01
   9.2852965e-05   9.9989931e-02   8.9991722e-01
   2.4137944e-01   2.7586162e-01   4.8275894e-01
   2.0689286e-01   1.0344628e-01   6.8966086e-01
   2.0689668e-01   4.4827552e-01   3.4482780e-01
   4.6423301e-01   1.0040323e-04   5.3566659e-01
   4.4827610e-01   1.3793058e-01   4.1379332e-01
   2.7586246e-01   1.3792982e-01   5.8620772e-01
   8.9547009e-05   9.7956138e-05   9.9981250e-01
