   1.7240625e-01   4.8276304e-01   3.4483071e-01
   5.6666813e-01   4.3333187e-01   0.0000000e+00
   8.9999933e-01   1.0000067e-01   0.0000000e+00
   8.1481545e-01   1.8518455e-01   0.0000000e+00
   1.4285720e-01   8.5714280e-01   0.0000000e+00
   3.1034481e-01   2.0689654e-01   4.8275864e-01
   4.8275815e-01   1.7241396e-01   3.4482789e-01
   1.0322435e-04   2.7583440e-01   7.2406238e-01
   9.9749693e-05   9.9990025e-01   0.0000000e+00
   6.9230667e-01   3.0769333e-01   0.0000000e+00
   1.7241113e-01   3.7931157e-01   4.4827730e-01
   3.4480165e-02   5.8620847e-01   3.7931136e-01
   8.6207514e-01   1.3792486e-01   0.0000000e+00
   2.4137732e-01   4.4828040e-01   3.1034228e-01
   6.6666606e-02   9.3333339e-01   0.0000000e+00
   6.0000000e-01   4.0000000e-01   0.0000000e+00
   1.0344415e-01   4.1381594e-01   4.8273991e-01
   4.6666600e-01   5.3333400e-01   0.0000000e+00
   1.0218500e-04   7.4989767e-01   2.5000014e-01
   2.4137976e-01   1.7241329e-01   5.8620695e-01
   1.0344747e-01   2.0689674e-01   6.8965579e-01
   4.8270870e-01   1.0335352e-04   5.1718795e-01
   1.0344831e-01   6.2068956e-01   2.7586213e-01
   4.1379318e-01   2.0689641e-01   3.7931041e-01
   3.1034324e-01   3.1034555e-01   3.7931122e-01
   9.9990018e-01   9.9822262e-05   0.0000000e+00
   3.3333379e-02   2.0000018e-01   7.6666644e-01
   4.0000001e-01   5.9999999e-01   0.0000000e+00
   2.3333252e-01   7.6666748e-01   0.0000000e+00
   1.9230834e-01   8.0769166e-01   0.0000000e+00
   1.0000186e-01   8.9999814e-01   0.0000000e+00
   6.4773021e-01   1.0226965e-01   2.5000014e-01
   2.0689512e-01   4.1379385e-01   3.7931103e-01
   2.3331002e-01   9.9945050e-05   7.6659003e-01
   9.9937335e-05   1.6665191e-01   8.3324815e-01
   6.8178624e-02   6.8182123e-01   2.5000014e-01
   4.4827688e-01   1.3792909e-01   4.1379403e-01
   3.9285555e-01   3.5714431e-01   2.5000014e-01
   1.3792863e-01   1.0344716e-01   7.5862421e-01
   1.3793244e-01   2.4137154e-01   6.2069602e-01
   6.8966034e-01   3.4475541e-02   2.7586412e-01
   3.5714356e-01   6.4285644e-01   0.0000000e+00
   4.3061480e-01   6.6987124e-02   5.0239808e-01
   1.3792695e-01   4.4827839e-01   4.1379466e-01
   7.4989762e-01   1.0223213e-04   2.5000014e-01
   3.1033682e-01   6.8966318e-01   0.0000000e+00
   9.6667097e-01   3.3329030e-02   0.0000000e+00
   2.6923078e-01   7.3076922e-01   0.0000000e+00
   1.3793012e-01   3.4482795e-01   5.1724193e-01
   2.7273458e-01   4.7726527e-01   2.5000014e-01
   5.8651911e-01   3.4456697e-02   3.7902419e-01
   4.7727268e-01   2.7272718e-01   2.5000014e-01
   3.4482429e-01   3.4482936e-02   6.2069277e-01
   5.1851893e-01   4.8148107e-01   0.0000000e+00
   7.6923367e-01   2.3076633e-01   0.0000000e+00
   3.4483000e-01   1.3792501e-01   5.1724499e-01
   3.1039571e-01   1.0344061e-01   5.8616368e-01
   2.0689604e-01   1.3793069e-01   6.5517327e-01
   2.0689655e-01   3.1034481e-01   4.8275864e-01
   1.0339391e-04   3.4479268e-01   6.5510393e-01
   5.8621068e-01   1.3792549e-01   2.7586384e-01
   3.1034203e-01   4.1379831e-01   2.7585966e-01
   4.3333468e-01   5.6666532e-01   0.0000000e+00
   7.3333414e-01   2.6666586e-01   0.0000000e+00
   2.4137795e-01   2.4137974e-01   5.1724231e-01
   6.4278606e-01   3.5712105e-01   9.6227164e-05
   1.0344991e-01   5.5171705e-01   3.4483304e-01
   6.5510476e-01   1.0316165e-04   3.4479208e-01
   4.1375047e-01   1.0316911e-04   5.8614636e-01
   3.4482669e-01   3.4482926e-01   3.1034404e-01
   1.7045389e-01   5.7954596e-01   2.5000014e-01
   1.0033974e-04   5.3565746e-01   4.6424220e-01
   5.4545180e-01   2.0454806e-01   2.5000014e-01
   2.7586212e-01   3.7931029e-01   3.4482759e-01
   2.4137953e-01   3.4482667e-01   4.1379379e-01
   6.8961424e-02   3.1034621e-01   6.2069236e-01
   1.0324658e-04   6.5510467e-01   3.4479208e-01
   9.8816826e-05   9.9989913e-02   8.9991127e-01
   1.7241310e-01   2.7586064e-01   5.5172626e-01
   1.0338436e-04   4.1375026e-01   5.8614636e-01
   4.4827379e-01   2.4138023e-01   3.1034598e-01
   2.4138027e-01   6.8960957e-02   6.8965878e-01
   3.7931130e-01   1.7241204e-01   4.4827666e-01
   2.7586070e-01   2.7586275e-01   4.4827655e-01
   6.6666336e-02   1.3333383e-01   7.9999983e-01
   3.4482909e-01   2.4137630e-01   4.1379461e-01
   2.0689551e-01   5.1724274e-01   2.7586175e-01
   5.1724174e-01   1.0344765e-01   3.7931061e-01
   5.3566522e-01   1.0042706e-04   4.6423435e-01
   1.6666699e-01   3.3333175e-02   7.9999983e-01
   3.1031267e-01   1.0325477e-04   6.8958408e-01
   3.7930440e-01   2.7586380e-01   3.4483181e-01
   9.3333469e-01   6.6665314e-02   0.0000000e+00
   3.4481933e-02   4.4827625e-01   5.1724182e-01
   9.9999311e-02   6.6666208e-02   8.3333448e-01
   6.8963092e-02   3.7931057e-01   5.5172634e-01
   3.3332610e-02   9.6666739e-01   0.0000000e+00
   6.6659009e-02   8.8938876e-05   9.3325205e-01
   1.3331863e-01   7.9407763e-05   8.6660196e-01
   9.3186843e-05   8.4018290e-05   9.9982279e-01
