   9.9805546e-05   9.9990019e-01   0.0000000e+00
   3.7931977e-01   3.1034006e-01   3.1034017e-01
   1.0338713e-04   3.7927103e-01   6.2062558e-01
   4.3333689e-01   5.6666311e-01   0.0000000e+00
   8.0769722e-01   1.9230278e-01   0.0000000e+00
   4.6428668e-01   2.8571332e-01   2.5000000e-01
   1.0320514e-04   5.1718787e-01   4.8270893e-01
   1.0000301e-01   8.9999699e-01   0.0000000e+00
   9.6666750e-01   3.3332496e-02   0.0000000e+00
   7.6666470e-01   2.3333530e-01   0.0000000e+00
   9.9603867e-05   4.3328039e-01   5.6662001e-01
   5.1852083e-01   4.8147917e-01   0.0000000e+00
   7.3076974e-01   2.6923026e-01   0.0000000e+00
   3.9655380e-01   1.3479318e-01   4.6865302e-01
   7.4989849e-01   1.0151322e-04   2.5000000e-01
   1.0342558e-04   3.1031044e-01   6.8958614e-01
   1.9230715e-01   8.0769285e-01   0.0000000e+00
   3.4509489e-01   1.0340568e-01   5.5149943e-01
   4.8275976e-01   2.4137877e-01   2.7586146e-01
   3.5714215e-01   3.9285785e-01   2.5000000e-01
   5.7954652e-01   1.7045348e-01   2.5000000e-01
   2.0689515e-01   3.7931115e-01   4.1379371e-01
   2.4137938e-01   1.0344803e-01   6.5517259e-01
   1.0344766e-01   2.7585007e-01   6.2070227e-01
   3.0000446e-01   6.9999554e-01   0.0000000e+00
   4.4825801e-01   1.7241936e-01   3.7932264e-01
   1.0344467e-01   3.7929283e-01   5.1726250e-01
   9.9889691e-05   1.3332440e-01   8.6657571e-01
   3.9285560e-01   6.0714440e-01   0.0000000e+00
   6.8181948e-02   6.8181805e-01   2.5000000e-01
   4.6660583e-01   9.9951579e-05   5.3329421e-01
   1.7045441e-01   5.7954559e-01   2.5000000e-01
   9.3334114e-01   6.6658862e-02   0.0000000e+00
   2.7586098e-01   1.3792985e-01   5.8620917e-01
   3.4483340e-01   6.5516660e-01   0.0000000e+00
   2.3333124e-01   7.6666876e-01   0.0000000e+00
   5.6667014e-01   4.3332986e-01   0.0000000e+00
   8.5714370e-01   1.4285630e-01   0.0000000e+00
   2.8570415e-01   3.2141685e-01   3.9287900e-01
   3.3556234e-02   5.3692841e-01   4.2951535e-01
   9.9990004e-01   9.9964074e-05   0.0000000e+00
   6.2069014e-01   1.0344765e-01   2.7586221e-01
   1.3792464e-01   1.3792621e-01   7.2414915e-01
   1.3793118e-01   4.8275814e-01   3.7931068e-01
   1.3333392e-01   6.6666655e-02   7.9999942e-01
   4.1378473e-01   2.4138276e-01   3.4483251e-01
   5.7135947e-01   1.0059785e-04   4.2853993e-01
   5.5171626e-01   1.0345010e-01   3.4483364e-01
   6.0000868e-01   3.9999132e-01   0.0000000e+00
   6.6667025e-02   9.3333298e-01   0.0000000e+00
   2.6664038e-01   9.8490448e-05   7.3326113e-01
   6.8181733e-01   6.8182673e-02   2.5000000e-01
   1.3793019e-01   4.1379039e-01   4.4827942e-01
   9.9835986e-05   2.3331003e-01   7.6659013e-01
   3.5710720e-01   1.0135955e-04   6.4279144e-01
   3.3333865e-02   9.6666614e-01   0.0000000e+00
   9.9992897e-02   9.9901049e-05   8.9990720e-01
   2.0689948e-01   4.4826805e-01   3.4483247e-01
   1.0326218e-04   6.8958460e-01   3.1031214e-01
   3.1034469e-01   3.4482744e-02   6.5517257e-01
   2.7586183e-01   4.1379357e-01   3.1034460e-01
   1.7240891e-01   5.1725390e-01   3.1033719e-01
   2.6667491e-01   7.3332509e-01   0.0000000e+00
   6.8964466e-02   2.4137513e-01   6.8966040e-01
   6.8965909e-01   3.1034091e-01   0.0000000e+00
   2.4137956e-01   4.8275846e-01   2.7586198e-01
   1.3792949e-01   3.1034646e-01   5.5172406e-01
   4.8275891e-01   1.0344775e-01   4.1379334e-01
   4.6666668e-01   5.3333332e-01   0.0000000e+00
   2.8573842e-01   4.6426158e-01   2.5000000e-01
   5.1723843e-01   3.4482154e-02   4.4827942e-01
   1.7241077e-01   2.4138006e-01   5.8620917e-01
   6.2062567e-01   1.0324031e-04   3.7927109e-01
   3.3333392e-02   1.6666711e-01   7.9999950e-01
   6.4285685e-01   3.5714315e-01   0.0000000e+00
   4.4828070e-01   6.8955500e-02   4.8276380e-01
   1.0219804e-04   7.4989780e-01   2.5000000e-01
   6.8965087e-02   3.4482574e-01   5.8620917e-01
   5.1724185e-01   1.7241346e-01   3.1034469e-01
   2.0688804e-01   6.8962483e-02   7.2414947e-01
   1.0341276e-04   6.2062550e-01   3.7927109e-01
   6.6666745e-02   2.0000016e-01   7.3333310e-01
   3.1034358e-01   3.4482715e-01   3.4482926e-01
   1.0344681e-01   6.2069079e-01   2.7586240e-01
   3.7931173e-01   3.4479104e-02   5.8620917e-01
   6.6671369e-02   1.0000725e-01   8.3332138e-01
   9.0000000e-01   1.0000000e-01   0.0000000e+00
   2.4137852e-01   2.0689742e-01   5.5172406e-01
   1.7241387e-01   3.4482728e-01   4.8275884e-01
   1.7241267e-01   1.7241463e-01   6.5517270e-01
   6.5517877e-01   3.4476532e-02   3.1034470e-01
   3.1034270e-01   2.0689834e-01   4.8275897e-01
   6.8955323e-02   4.4828073e-01   4.8276395e-01
   6.8966067e-02   5.8620147e-01   3.4483246e-01
   8.9363358e-05   6.6660188e-02   9.3325045e-01
   1.9998134e-01   9.9858453e-05   7.9991881e-01
   1.4285519e-01   8.5714481e-01   0.0000000e+00
   2.4137933e-01   2.7586207e-01   4.8275860e-01
   3.4482854e-01   2.4137847e-01   4.1379300e-01
   8.6674901e-05   9.6868178e-05   9.9981646e-01
