   9.9990005e-01   9.9946590e-05   0.0000000e+00
   1.0338135e-04   6.2062475e-01   3.7927187e-01
   9.9902537e-05   9.9990010e-01   0.0000000e+00
   6.6666769e-02   9.3333323e-01   0.0000000e+00
   1.7241005e-01   4.1379498e-01   4.1379497e-01
   9.3333119e-01   6.6668809e-02   0.0000000e+00
   3.3333028e-02   9.6666697e-01   0.0000000e+00
   8.5714284e-01   1.4285716e-01   0.0000000e+00
   6.9230770e-01   3.0769230e-01   0.0000000e+00
   3.4482927e-01   6.5517073e-01   0.0000000e+00
   1.4285501e-01   8.5714499e-01   0.0000000e+00
   3.4482963e-01   3.7930671e-01   2.7586367e-01
   1.0343037e-04   6.8958386e-01   3.1031271e-01
   6.5510476e-01   1.0342282e-04   3.4479181e-01
   5.6666382e-01   4.3333618e-01   0.0000000e+00
   2.3333652e-01   6.6663357e-02   7.0000012e-01
   2.3333206e-01   7.6666794e-01   0.0000000e+00
   1.0341561e-04   3.4479133e-01   6.5510525e-01
   9.0000009e-01   9.9999908e-02   0.0000000e+00
   5.4545485e-01   2.0454506e-01   2.5000010e-01
   5.1852124e-01   4.8147876e-01   0.0000000e+00
   1.7241380e-01   2.0689653e-01   6.2068967e-01
   1.6665043e-01   9.9954754e-05   8.3324962e-01
   2.6667120e-01   7.3332880e-01   0.0000000e+00
   1.0344794e-01   2.4137878e-01   6.5517328e-01
   4.1375030e-01   1.0340491e-04   5.8614629e-01
   8.0769561e-01   1.9230439e-01   0.0000000e+00
   4.6666684e-01   5.3333316e-01   0.0000000e+00
   2.4137941e-01   1.7241337e-01   5.8620722e-01
   4.2857247e-01   3.2142743e-01   2.5000010e-01
   1.3793089e-01   2.7586189e-01   5.8620722e-01
   1.0081285e-04   4.2852751e-01   5.7137168e-01
   2.9999979e-01   7.0000021e-01   0.0000000e+00
   1.9230996e-01   8.0769004e-01   0.0000000e+00
   3.4482857e-01   2.4137892e-01   4.1379251e-01
   6.1363631e-01   1.3636359e-01   2.5000010e-01
   1.0218621e-04   7.4989772e-01   2.5000010e-01
   3.7931046e-01   1.3793101e-01   4.8275853e-01
   2.0689444e-01   4.4827706e-01   3.4482850e-01
   2.7586326e-01   2.0689621e-01   5.1724053e-01
   9.9952936e-05   2.3331089e-01   7.6658915e-01
   4.6667007e-01   6.6665019e-02   4.6666491e-01
   7.4989771e-01   1.0219270e-04   2.5000010e-01
   2.7586187e-01   4.1379349e-01   3.1034464e-01
   1.7240711e-01   5.1726007e-01   3.1033282e-01
   3.1031256e-01   1.0334765e-04   6.8958410e-01
   1.0340377e-04   5.1718742e-01   4.8270917e-01
   6.8965469e-02   3.4482731e-01   5.8620722e-01
   9.6666636e-01   3.3333637e-02   0.0000000e+00
   1.7240775e-01   1.0344517e-01   7.2414708e-01
   6.8963226e-02   2.0688969e-01   7.2414708e-01
   2.0454406e-01   5.4545584e-01   2.5000010e-01
   1.3333758e-01   6.6668582e-02   7.9999384e-01
   6.8955560e-02   6.2073437e-01   3.1031007e-01
   4.8275899e-01   2.4137874e-01   2.7586227e-01
   7.6666747e-01   2.3333253e-01   0.0000000e+00
   6.6666398e-02   4.6666869e-01   4.6666491e-01
   6.4285846e-01   3.5714154e-01   0.0000000e+00
   1.0000097e-01   1.3333422e-01   7.6666481e-01
   9.9792355e-05   1.6665059e-01   8.3324962e-01
   1.0000024e-01   8.9999976e-01   0.0000000e+00
   3.4481201e-02   2.7586249e-01   6.8965631e-01
   4.4827331e-01   2.0689751e-01   3.4482918e-01
   1.0344835e-01   4.1379312e-01   4.8275853e-01
   3.1034354e-01   1.3793046e-01   5.5172600e-01
   1.0227383e-01   6.4772607e-01   2.5000010e-01
   2.4137926e-01   4.8275873e-01   2.7586201e-01
   3.9285991e-01   6.0714009e-01   0.0000000e+00
   5.1724022e-01   1.0344852e-01   3.7931126e-01
   6.0000109e-01   3.9999891e-01   0.0000000e+00
   1.3792845e-01   3.4482862e-01   5.1724293e-01
   4.8270868e-01   1.0342517e-04   5.1718789e-01
   2.0689600e-01   3.4482783e-01   4.4827616e-01
   2.0689641e-01   1.3793031e-01   6.5517328e-01
   4.3333371e-01   5.6666629e-01   0.0000000e+00
   3.7931094e-01   2.7586093e-01   3.4482813e-01
   3.4482960e-01   3.4477000e-02   6.2069340e-01
   1.0344418e-01   5.5172666e-01   3.4482915e-01
   6.5517252e-01   6.8965372e-02   2.7586211e-01
   1.3793091e-01   4.8275800e-01   3.7931109e-01
   2.7586225e-01   2.7586217e-01   4.4827557e-01
   6.6666271e-02   9.9999573e-02   8.3333416e-01
   3.7931190e-01   6.8961534e-02   5.5172657e-01
   3.1034621e-01   3.4482490e-01   3.4482889e-01
   5.8620998e-01   6.8960617e-02   3.4482940e-01
   5.7137066e-01   1.0079026e-04   4.2852855e-01
   2.7586216e-01   1.0344805e-01   6.2068979e-01
   2.0689729e-01   2.7586202e-01   5.1724069e-01
   5.1725395e-01   1.7240930e-01   3.1033675e-01
   1.3792724e-01   5.8621828e-01   2.7585448e-01
   3.4482211e-02   5.5172422e-01   4.1379357e-01
   9.5611667e-05   9.9990199e-02   8.9991419e-01
   7.3333333e-01   2.6666667e-01   0.0000000e+00
   2.4137779e-01   3.7931110e-01   3.7931110e-01
   3.0681878e-01   4.4318112e-01   2.5000010e-01
   4.1379760e-01   1.7240493e-01   4.1379747e-01
   3.3328260e-02   3.3319478e-02   9.3335226e-01
   2.3331089e-01   9.9959783e-05   7.6658915e-01
   9.9986591e-02   9.9220094e-05   8.9991419e-01
   8.6886751e-05   9.7802180e-05   9.9981531e-01
