   5.4545050e-01   2.0454950e-01   2.5000000e-01
   9.9990027e-01   9.9727876e-05   0.0000000e+00
   3.1034461e-01   6.8965255e-02   6.2069013e-01
   8.9999875e-01   1.0000125e-01   0.0000000e+00
   1.3636462e-01   6.1363538e-01   2.5000000e-01
   9.9950574e-05   4.9995245e-01   4.9994760e-01
   9.9828997e-05   9.9990017e-01   0.0000000e+00
   1.8518486e-01   8.1481514e-01   0.0000000e+00
   1.7241304e-01   4.4827627e-01   3.7931069e-01
   3.4482940e-01   3.1034120e-01   3.4482940e-01
   2.4137938e-01   1.0344814e-01   6.5517248e-01
   8.1481918e-01   1.8518082e-01   0.0000000e+00
   5.6666808e-01   4.3333192e-01   0.0000000e+00
   9.6666595e-01   3.3334055e-02   0.0000000e+00
   4.6666701e-01   5.3333299e-01   0.0000000e+00
   6.8000019e-01   3.1999981e-01   0.0000000e+00
   4.8275620e-01   1.3793168e-01   3.7931212e-01
   1.7241274e-01   3.4482650e-01   4.8276076e-01
   6.5510466e-01   1.0340650e-04   3.4479193e-01
   3.3333497e-02   9.6666650e-01   0.0000000e+00
   7.3076423e-01   2.6923577e-01   0.0000000e+00
   2.7586224e-01   3.4482718e-01   3.7931058e-01
   2.3863606e-01   5.1136394e-01   2.5000000e-01
   1.7241305e-01   2.7586232e-01   5.5172464e-01
   1.0000096e-01   8.9999904e-01   0.0000000e+00
   1.3331995e-01   9.9438432e-05   8.6658062e-01
   4.9995260e-01   9.9795167e-05   4.9994760e-01
   3.2142868e-01   4.2857132e-01   2.5000000e-01
   6.4772982e-01   1.0227018e-01   2.5000000e-01
   1.3792999e-01   8.6207001e-01   0.0000000e+00
   6.3333361e-01   3.6666639e-01   0.0000000e+00
   6.0000000e-01   4.0000000e-01   0.0000000e+00
   1.0000153e-01   2.0000367e-01   6.9999480e-01
   3.0768868e-01   6.9231132e-01   0.0000000e+00
   2.3076825e-01   7.6923175e-01   0.0000000e+00
   2.0686146e-01   1.0334973e-04   7.9303519e-01
   4.0000002e-01   5.9999998e-01   0.0000000e+00
   2.4137926e-01   3.4481443e-02   7.2413929e-01
   3.1031240e-01   1.0340837e-04   6.8958419e-01
   2.0689618e-01   2.0689597e-01   5.8620785e-01
   3.5714093e-01   6.4285907e-01   0.0000000e+00
   1.7240339e-01   5.5175119e-01   2.7584542e-01
   2.6666772e-01   7.3333228e-01   0.0000000e+00
   1.0223761e-04   7.4989776e-01   2.5000000e-01
   4.2857216e-01   3.2142784e-01   2.5000000e-01
   7.6923057e-01   2.3076943e-01   0.0000000e+00
   1.3793037e-01   2.4137950e-01   6.2069013e-01
   1.3793132e-01   4.1379191e-01   4.4827677e-01
   1.0344720e-01   3.7930930e-01   5.1724350e-01
   2.0689323e-01   3.7931194e-01   4.1379483e-01
   1.3793131e-01   5.1724043e-01   3.4482826e-01
   1.3792589e-01   1.0344401e-01   7.5863010e-01
   5.1851702e-01   4.8148298e-01   0.0000000e+00
   1.0341081e-04   5.8614623e-01   4.1375036e-01
   3.3326305e-02   2.3334777e-01   7.3332593e-01
   2.7585717e-01   1.7241479e-01   5.5172803e-01
   9.9571708e-05   1.9997931e-01   7.9992112e-01
   3.4482886e-02   6.8965403e-01   2.7586309e-01
   4.2953249e-01   3.3551608e-02   5.3691590e-01
   3.7927113e-01   1.0340043e-04   6.2062547e-01
   3.7931036e-01   1.7241377e-01   4.4827587e-01
   1.0342877e-04   3.1031238e-01   6.8958419e-01
   6.6665503e-02   1.6666222e-01   7.6667227e-01
   4.4827611e-01   1.0344778e-01   4.4827611e-01
   1.7241338e-01   1.3793034e-01   6.8965629e-01
   3.4477680e-02   4.1379530e-01   5.5172702e-01
   6.6663966e-02   9.3333603e-01   0.0000000e+00
   5.8614628e-01   1.0335727e-04   4.1375036e-01
   2.0689238e-01   4.8276116e-01   3.1034646e-01
   4.3333368e-01   5.6666632e-01   0.0000000e+00
   3.1034354e-01   2.0689570e-01   4.8276076e-01
   1.0342208e-04   3.7927112e-01   6.2062546e-01
   1.0336972e-04   6.5510469e-01   3.4479194e-01
   6.8965727e-02   5.5172278e-01   3.7931150e-01
   5.8620249e-01   1.3793250e-01   2.7586501e-01
   5.3331983e-01   6.6670573e-02   4.0000959e-01
   4.8275878e-01   2.0689629e-01   3.1034493e-01
   1.0344023e-01   4.8276296e-01   4.1379681e-01
   1.0344842e-01   3.1034373e-01   5.8620785e-01
   8.6207049e-01   1.3792951e-01   0.0000000e+00
   9.9648526e-05   1.3331974e-01   8.6658062e-01
   2.4137826e-01   4.1379360e-01   3.4482814e-01
   7.4989775e-01   1.0225284e-04   2.5000000e-01
   6.8965865e-01   3.4477898e-02   2.7586346e-01
   9.3333196e-01   6.6668039e-02   0.0000000e+00
   2.4137837e-01   2.4137813e-01   5.1724350e-01
   6.8959659e-02   2.7586343e-01   6.5517691e-01
   2.7586227e-01   2.7586199e-01   4.4827574e-01
   3.7931084e-01   3.4482730e-01   2.7586186e-01
   5.5172651e-01   1.0344443e-01   3.4482907e-01
   3.4482794e-01   2.4137917e-01   4.1379289e-01
   6.6661556e-02   3.3330797e-02   9.0000765e-01
   4.1379308e-01   2.0689657e-01   3.7931035e-01
   3.4482868e-01   1.0344810e-01   5.5172321e-01
   4.4827367e-01   2.7586322e-01   2.7586311e-01
   6.7079094e-05   6.6597723e-02   9.3333520e-01
   9.4657424e-05   8.5177112e-05   9.9982017e-01
   6.8965975e-02   6.2068714e-01   3.1034689e-01
   9.9999137e-02   6.6666092e-02   8.3333477e-01
   3.1034342e-01   3.7931189e-01   3.1034469e-01
