   1.0339050e-04   5.1718789e-01   4.8270872e-01
   5.6666773e-01   4.3333227e-01   0.0000000e+00
   7.3333656e-01   2.6666344e-01   0.0000000e+00
   6.0708352e-01   1.0116560e-04   3.9281531e-01
   4.6666676e-01   5.3333324e-01   0.0000000e+00
   9.0000019e-01   9.9999809e-02   0.0000000e+00
   7.6666630e-01   2.3333370e-01   0.0000000e+00
   2.3332682e-01   7.6667318e-01   0.0000000e+00
   2.4137932e-01   1.0344822e-01   6.5517245e-01
   4.3333453e-01   5.6666547e-01   0.0000000e+00
   1.4285751e-01   8.5714249e-01   0.0000000e+00
   4.1379342e-01   1.0344759e-01   4.8275899e-01
   1.0074558e-04   4.2853012e-01   5.7136914e-01
   1.0338158e-04   2.4134446e-01   7.5855216e-01
   2.8571358e-01   4.6428642e-01   2.5000000e-01
   7.0000012e-01   2.9999988e-01   0.0000000e+00
   4.6423836e-01   1.0042445e-04   5.3566121e-01
   3.7927131e-01   1.0341857e-04   6.2062527e-01
   3.1034402e-01   6.8965598e-01   0.0000000e+00
   1.0344815e-01   5.8620735e-01   3.1034449e-01
   6.5517255e-01   3.4482745e-01   0.0000000e+00
   6.5510481e-01   1.0326067e-04   3.4479193e-01
   9.9920009e-05   9.9990008e-01   0.0000000e+00
   1.9230859e-01   8.0769141e-01   0.0000000e+00
   3.3328032e-02   9.6667197e-01   0.0000000e+00
   5.1852064e-01   4.8147936e-01   0.0000000e+00
   1.0341556e-04   3.1031211e-01   6.8958447e-01
   4.4827610e-01   2.0689618e-01   3.4482772e-01
   9.3332870e-01   6.6671299e-02   0.0000000e+00
   2.6922986e-01   7.3077014e-01   0.0000000e+00
   2.0689894e-01   3.7930322e-01   4.1379784e-01
   1.0227405e-01   6.4772595e-01   2.5000000e-01
   3.4482507e-01   3.1034603e-01   3.4482890e-01
   3.9999959e-01   6.0000041e-01   0.0000000e+00
   2.4137998e-01   2.0689434e-01   5.5172568e-01
   9.9968798e-05   1.6665118e-01   8.3324885e-01
   6.8961450e-02   2.7586329e-01   6.5517526e-01
   5.1718790e-01   1.0338046e-04   4.8270872e-01
   9.9990014e-01   9.9858238e-05   0.0000000e+00
   1.3793083e-01   2.0689660e-01   6.5517257e-01
   1.7241460e-01   4.4827329e-01   3.7931211e-01
   2.0689693e-01   2.7586074e-01   5.1724233e-01
   3.1034594e-01   2.7585947e-01   4.1379459e-01
   7.4989775e-01   1.0224862e-04   2.5000000e-01
   3.1031214e-01   1.0338225e-04   6.8958447e-01
   2.7585907e-01   1.3793037e-01   5.8621056e-01
   9.6666880e-01   3.3331203e-02   0.0000000e+00
   4.8275527e-01   1.3793193e-01   3.7931281e-01
   5.5172450e-01   3.4482159e-02   4.1379334e-01
   8.0769260e-01   1.9230740e-01   0.0000000e+00
   3.5714402e-01   6.4285598e-01   0.0000000e+00
   1.0343042e-04   5.8614591e-01   4.1375066e-01
   1.3334472e-01   1.0000639e-01   7.6664889e-01
   6.1363570e-01   1.3636430e-01   2.5000000e-01
   9.9999945e-02   6.6666586e-02   8.3333347e-01
   1.0217781e-04   7.4989782e-01   2.5000000e-01
   1.0344691e-01   1.7241085e-01   7.2414224e-01
   3.4483130e-01   2.0688803e-01   4.4828067e-01
   6.6668334e-02   1.3333666e-01   7.9999501e-01
   3.1034209e-01   3.7931583e-01   3.1034209e-01
   8.5714517e-01   1.4285483e-01   0.0000000e+00
   3.9286083e-01   3.5713917e-01   2.5000000e-01
   4.1378832e-01   1.7241521e-01   4.1379648e-01
   3.1034291e-01   6.8965502e-02   6.2069158e-01
   3.7931154e-01   2.4137691e-01   3.7931155e-01
   6.6666544e-02   9.3333346e-01   0.0000000e+00
   1.7241426e-01   1.3792734e-01   6.8965841e-01
   3.7931129e-01   6.8963178e-02   5.5172553e-01
   1.0341845e-04   6.5510466e-01   3.4479193e-01
   2.7586128e-01   2.4137970e-01   4.8275902e-01
   2.0686350e-01   1.0331838e-04   7.9303318e-01
   9.9999894e-02   9.0000011e-01   0.0000000e+00
   1.0344597e-01   3.7931129e-01   5.1724273e-01
   4.9999899e-01   2.5000101e-01   2.5000000e-01
   3.4478352e-02   6.8965832e-01   2.7586332e-01
   4.1379326e-01   2.7586199e-01   3.1034475e-01
   4.8275963e-01   6.8963573e-02   4.4827679e-01
   2.0689244e-01   5.1724406e-01   2.7586350e-01
   6.8965239e-02   5.5172431e-01   3.7931045e-01
   5.8620819e-01   1.0344618e-01   3.1034563e-01
   1.3793062e-01   3.1034459e-01   5.5172478e-01
   2.4137515e-01   3.1034653e-01   4.4827832e-01
   6.0713738e-01   3.9286262e-01   0.0000000e+00
   3.4479166e-02   3.4482925e-01   6.2069158e-01
   1.7045596e-01   5.7954404e-01   2.5000000e-01
   2.4137918e-01   4.1379318e-01   3.4482764e-01
   1.3792491e-01   4.1379594e-01   4.4827915e-01
   1.7241380e-01   3.4482757e-01   4.8275864e-01
   3.4482792e-01   1.3793014e-01   5.1724194e-01
   1.3793070e-01   5.1724158e-01   3.4482772e-01
   6.8965688e-01   3.4480332e-02   2.7586279e-01
   1.7241062e-01   2.4137882e-01   5.8621056e-01
   6.6730529e-02   4.6616390e-01   4.6710557e-01
   2.7585939e-01   3.4482909e-01   3.7931153e-01
   1.3331585e-01   9.7156039e-05   8.6658699e-01
   2.4137578e-01   3.4481982e-02   7.2414224e-01
   5.5172212e-01   1.7241357e-01   2.7586431e-01
   6.7906298e-05   9.9991771e-02   8.9994032e-01
   6.6660154e-02   3.1029851e-05   9.3330882e-01
   9.4085635e-05   8.1550815e-05   9.9982436e-01
