   9.9966532e-05   9.9990003e-01   0.0000000e+00
   3.5825938e-01   2.4765568e-01   3.9408495e-01
   7.6666975e-01   2.3333025e-01   0.0000000e+00
   6.6666833e-02   9.3333317e-01   0.0000000e+00
   9.0000002e-01   9.9999980e-02   0.0000000e+00
   2.0689594e-01   3.4482686e-01   4.4827720e-01
   4.1379295e-01   3.1034508e-01   2.7586197e-01
   2.4138064e-01   3.4477755e-02   7.2414161e-01
   5.1728706e-01   1.7239747e-01   3.1031547e-01
   4.3333694e-01   5.6666306e-01   0.0000000e+00
   3.0769226e-01   6.9230774e-01   0.0000000e+00
   5.0359801e-01   1.0071984e-01   3.9568216e-01
   9.9990011e-01   9.9889127e-05   0.0000000e+00
   2.3076899e-01   7.6923101e-01   0.0000000e+00
   4.8275871e-01   2.4137927e-01   2.7586202e-01
   2.0687410e-01   1.0332976e-04   7.9302257e-01
   9.9999872e-02   9.0000013e-01   0.0000000e+00
   6.8964738e-02   3.1034509e-01   6.2069017e-01
   8.0769357e-01   1.9230643e-01   0.0000000e+00
   7.4989760e-01   1.0223994e-04   2.5000016e-01
   3.4484237e-01   3.4481981e-01   3.1033782e-01
   3.4476728e-02   5.8621056e-01   3.7931271e-01
   4.4830500e-01   6.8961877e-02   4.8273312e-01
   1.0342865e-04   6.5510459e-01   3.4479198e-01
   2.0689701e-01   2.4137761e-01   5.5172537e-01
   8.5714292e-01   1.4285708e-01   0.0000000e+00
   4.6428326e-01   2.8571657e-01   2.5000016e-01
   3.4483503e-01   6.8964735e-02   5.8620023e-01
   1.3793095e-01   8.6206905e-01   0.0000000e+00
   7.3076764e-01   2.6923236e-01   0.0000000e+00
   1.6666654e-01   9.9999682e-02   7.3333378e-01
   9.3333541e-01   6.6664589e-02   0.0000000e+00
   6.8959673e-02   1.7240814e-01   7.5863219e-01
   3.3332483e-02   9.6666752e-01   0.0000000e+00
   2.6666766e-01   7.3333234e-01   0.0000000e+00
   3.5714220e-01   6.4285780e-01   0.0000000e+00
   1.3636225e-01   6.1363759e-01   2.5000016e-01
   3.7927027e-01   1.0337947e-04   6.2062636e-01
   3.1034570e-01   3.7930973e-01   3.1034457e-01
   4.6666743e-01   5.3333257e-01   0.0000000e+00
   6.7999966e-01   3.2000034e-01   0.0000000e+00
   3.1031369e-01   1.0336694e-04   6.8958294e-01
   1.0330999e-04   3.4479143e-01   6.5510526e-01
   1.3333352e-01   6.6666733e-02   7.9999975e-01
   2.4137987e-01   2.7586186e-01   4.8275828e-01
   3.1034538e-01   1.3792950e-01   5.5172512e-01
   1.3333505e-01   4.3333569e-01   4.3332927e-01
   1.0344815e-01   3.4482763e-01   5.5172421e-01
   6.2068969e-01   1.0344823e-01   2.7586208e-01
   6.5510471e-01   1.0330874e-04   3.4479198e-01
   1.0337434e-04   2.7583452e-01   7.2406211e-01
   1.0176336e-04   7.4989807e-01   2.5000016e-01
   5.9999989e-01   4.0000011e-01   0.0000000e+00
   4.4822971e-01   1.0343370e-04   5.5166686e-01
   6.8920293e-02   6.2093821e-01   3.1014150e-01
   2.0689658e-01   4.8275860e-01   3.1034482e-01
   1.7240564e-01   5.5174524e-01   2.7584912e-01
   3.5714068e-01   3.9285916e-01   2.5000016e-01
   2.3863768e-01   5.1136216e-01   2.5000016e-01
   6.3333349e-01   3.6666651e-01   0.0000000e+00
   1.0112538e-01   5.3933260e-01   3.5954202e-01
   4.1378891e-01   1.7241391e-01   4.1379718e-01
   1.3334006e-01   1.6667518e-01   6.9998477e-01
   4.4827819e-01   2.0689244e-01   3.4482937e-01
   2.7585738e-01   4.4828523e-01   2.7585738e-01
   3.4482767e-01   1.7241377e-01   4.8275856e-01
   1.7241341e-01   2.0689665e-01   6.2068994e-01
   3.7931181e-01   2.7585927e-01   3.4482892e-01
   6.8182458e-01   6.8175253e-02   2.5000016e-01
   6.8963666e-02   4.8275914e-01   4.4827720e-01
   1.7241470e-01   4.4827488e-01   3.7931042e-01
   2.4136730e-01   4.1379971e-01   3.4483298e-01
   3.7930277e-01   1.0344955e-01   5.1724768e-01
   1.8518483e-01   8.1481517e-01   0.0000000e+00
   2.7586184e-01   2.0689662e-01   5.1724154e-01
   9.6666881e-01   3.3331186e-02   0.0000000e+00
   5.3328120e-01   9.9930622e-05   4.6661887e-01
   1.0344827e-01   2.4137925e-01   6.5517248e-01
   2.0689647e-01   1.3793105e-01   6.5517248e-01
   1.3793130e-01   3.7930917e-01   4.8275953e-01
   2.7586402e-01   1.0344422e-01   6.2069176e-01
   5.6666677e-01   4.3333323e-01   0.0000000e+00
   3.9999928e-01   6.0000072e-01   0.0000000e+00
   5.8620853e-01   6.8962928e-02   3.4482854e-01
   9.9989641e-02   9.9600868e-05   8.9991076e-01
   5.1851782e-01   4.8148218e-01   0.0000000e+00
   5.7954522e-01   1.7045462e-01   2.5000016e-01
   1.0080222e-04   4.2851761e-01   5.7138159e-01
   3.1034167e-01   2.7586115e-01   4.1379718e-01
   3.4481785e-02   6.8965587e-01   2.7586235e-01
   9.7824092e-05   1.9998158e-01   7.9992059e-01
   2.7586195e-01   3.4482765e-01   3.7931041e-01
   1.7241341e-01   3.1034502e-01   5.1724157e-01
   6.6663685e-02   9.9995279e-02   8.3334104e-01
   3.4477491e-02   4.4827923e-01   5.1724328e-01
   7.5706958e-05   1.3332190e-01   8.6660239e-01
   4.1923642e-05   6.6661553e-02   9.3329652e-01
   9.9974796e-05   5.3328115e-01   4.6661887e-01
   5.5172266e-01   3.4480165e-02   4.1379718e-01
   9.5603829e-05   7.0342570e-05   9.9983405e-01
