   9.3333341e-01   6.6666589e-02   0.0000000e+00
   8.9999277e-01   1.0000723e-01   0.0000000e+00
   5.7137000e-01   1.0081161e-04   4.2852919e-01
   5.1852046e-01   4.8147954e-01   0.0000000e+00
   3.9999917e-01   6.0000083e-01   0.0000000e+00
   6.0000176e-01   3.9999824e-01   0.0000000e+00
   2.4137906e-01   3.4482717e-01   4.1379376e-01
   2.3863559e-01   5.1136422e-01   2.5000019e-01
   5.1724310e-01   1.0344530e-01   3.7931160e-01
   6.6665320e-02   9.3333468e-01   0.0000000e+00
   8.5714274e-01   1.4285726e-01   0.0000000e+00
   4.6661901e-01   1.0001131e-01   4.3336968e-01
   4.7727352e-01   2.7272629e-01   2.5000019e-01
   7.6666736e-01   2.3333264e-01   0.0000000e+00
   5.6666655e-01   4.3333345e-01   0.0000000e+00
   3.5714118e-01   6.4285882e-01   0.0000000e+00
   4.3333499e-01   5.6666501e-01   0.0000000e+00
   9.6666802e-01   3.3331979e-02   0.0000000e+00
   7.4989755e-01   1.0225647e-04   2.5000019e-01
   2.3333368e-01   7.6666632e-01   0.0000000e+00
   2.0689417e-01   4.1379435e-01   3.7931149e-01
   9.9975713e-05   9.9990002e-01   0.0000000e+00
   8.0769287e-01   1.9230713e-01   0.0000000e+00
   4.1379120e-01   3.1034799e-01   2.7586081e-01
   4.6666657e-01   5.3333343e-01   0.0000000e+00
   1.0344826e-01   4.1379311e-01   4.8275863e-01
   1.0341662e-04   6.5510472e-01   3.4479187e-01
   2.7586207e-01   2.7586207e-01   4.4827586e-01
   1.7241423e-01   2.0689455e-01   6.2069122e-01
   1.3793005e-01   4.8275917e-01   3.7931078e-01
   6.8965706e-01   3.1034294e-01   0.0000000e+00
   9.9990005e-01   9.9948999e-05   0.0000000e+00
   1.0000000e-01   9.0000000e-01   0.0000000e+00
   2.6923266e-01   7.3076734e-01   0.0000000e+00
   3.1034030e-01   6.8965970e-01   0.0000000e+00
   3.3334665e-02   9.6666533e-01   0.0000000e+00
   1.0339819e-04   2.7583371e-01   7.2406289e-01
   1.3334854e-01   1.6668919e-01   6.9996226e-01
   1.0223065e-04   7.4989758e-01   2.5000019e-01
   8.0215732e-05   9.9990253e-02   8.9992953e-01
   6.8965517e-02   6.2068966e-01   3.1034483e-01
   2.0689599e-01   3.1034505e-01   4.8275896e-01
   1.7241336e-01   1.0344657e-01   7.2414007e-01
   5.1724162e-01   3.4482318e-02   4.4827607e-01
   3.4481660e-02   4.1379357e-01   5.5172477e-01
   3.4482759e-02   3.1034483e-01   6.5517241e-01
   1.4285684e-01   8.5714316e-01   0.0000000e+00
   5.5175065e-01   1.3792286e-01   3.1032649e-01
   1.0344825e-01   3.1034494e-01   5.8620681e-01
   2.4135235e-01   1.0335433e-04   7.5854429e-01
   6.6666003e-02   4.6666408e-01   4.6666991e-01
   2.0689663e-01   4.8275842e-01   3.1034494e-01
   1.9230939e-01   8.0769061e-01   0.0000000e+00
   4.6424657e-01   1.0036432e-04   5.3565307e-01
   2.7586266e-01   4.4827468e-01   2.7586266e-01
   3.4479193e-01   1.0343102e-04   6.5510464e-01
   3.1034482e-01   3.1034483e-01   3.7931035e-01
   5.1726383e-01   2.0688693e-01   2.7584923e-01
   3.5714236e-01   3.9285745e-01   2.5000019e-01
   2.0689867e-01   2.4137866e-01   5.5172266e-01
   7.3076496e-01   2.6923504e-01   0.0000000e+00
   6.5517262e-01   6.8965236e-02   2.7586215e-01
   2.7586225e-01   1.7241325e-01   5.5172450e-01
   1.3333340e-01   6.6666664e-02   7.9999994e-01
   1.7241430e-01   3.7930850e-01   4.4827720e-01
   4.1379315e-01   2.0689647e-01   3.7931038e-01
   3.4482643e-01   2.4137981e-01   4.1379376e-01
   3.4483854e-01   1.0344568e-01   5.5171577e-01
   6.4285880e-01   3.5714120e-01   0.0000000e+00
   6.6666105e-02   1.9999843e-01   7.3333546e-01
   1.3792551e-01   3.4482292e-01   5.1725157e-01
   2.7586106e-01   3.4481180e-02   6.8965776e-01
   1.0342196e-04   4.8270888e-01   5.1718769e-01
   6.5510470e-01   1.0342942e-04   3.4479187e-01
   3.1034530e-01   2.0689535e-01   4.8275935e-01
   3.4482758e-01   3.4482759e-01   3.1034483e-01
   3.3333336e-02   1.3333336e-01   8.3333331e-01
   2.7586136e-01   3.7931073e-01   3.4482791e-01
   1.0344690e-01   5.5172499e-01   3.4482812e-01
   9.9994694e-02   3.3324067e-02   8.6668124e-01
   3.7931133e-01   2.7586019e-01   3.4482847e-01
   1.0343595e-04   3.7927113e-01   6.2062543e-01
   3.7933739e-01   1.3792502e-01   4.8273759e-01
   9.9973342e-05   1.9997987e-01   7.9992015e-01
   3.4479802e-02   6.8965728e-01   2.7586291e-01
   3.1034436e-01   6.8965495e-02   6.2069015e-01
   1.3636034e-01   6.1363947e-01   2.5000019e-01
   5.8620706e-01   6.8965379e-02   3.4482757e-01
   9.9999323e-02   1.3333341e-01   7.6666727e-01
   6.1363608e-01   1.3636373e-01   2.5000019e-01
   1.7241419e-01   5.5172312e-01   2.7586269e-01
   3.7931203e-01   3.4479880e-02   5.8620809e-01
   2.0689713e-01   1.3793041e-01   6.5517246e-01
   1.6665316e-01   9.9944337e-05   8.3324690e-01
   4.4827587e-01   2.4137930e-01   3.1034482e-01
   1.0344832e-01   2.4137922e-01   6.5517246e-01
   6.6609516e-02   7.5201056e-05   9.3331528e-01
   4.8275760e-01   1.7241363e-01   3.4482876e-01
   1.0081972e-04   5.7136999e-01   4.2852919e-01
   9.7125654e-05   9.7546228e-05   9.9980533e-01
