   9.9990001e-01   9.9989251e-05   0.0000000e+00
   3.0769011e-01   6.9230989e-01   0.0000000e+00
   1.0085354e-04   4.2838371e-01   5.7151544e-01
   8.9999717e-01   1.0000283e-01   0.0000000e+00
   9.9969568e-05   2.3331029e-01   7.6658974e-01
   8.5714288e-01   1.4285712e-01   0.0000000e+00
   7.3333387e-01   2.6666613e-01   0.0000000e+00
   3.5714314e-01   6.4285686e-01   0.0000000e+00
   6.8953912e-02   5.8621420e-01   3.4483188e-01
   2.0454481e-01   5.4545519e-01   2.5000000e-01
   9.3333504e-01   6.6664961e-02   0.0000000e+00
   2.4137928e-01   2.4137932e-01   5.1724140e-01
   2.3331031e-01   9.9944118e-05   7.6658974e-01
   9.9810592e-05   9.9990019e-01   0.0000000e+00
   4.3333380e-01   5.6666620e-01   0.0000000e+00
   3.3333471e-02   9.6666653e-01   0.0000000e+00
   1.4285561e-01   8.5714439e-01   0.0000000e+00
   3.4482764e-02   4.4827578e-01   5.1724146e-01
   1.3792983e-01   1.3792985e-01   7.2414032e-01
   3.1035454e-01   1.0344682e-01   5.8619864e-01
   6.2068967e-01   1.0344826e-01   2.7586207e-01
   4.0000000e-01   6.0000000e-01   0.0000000e+00
   1.0000054e-01   8.9999946e-01   0.0000000e+00
   5.1136574e-01   2.3863426e-01   2.5000000e-01
   2.7586204e-01   2.7586208e-01   4.4827588e-01
   9.9983288e-05   5.3327999e-01   4.6662003e-01
   5.7954841e-01   1.7045159e-01   2.5000000e-01
   5.1718785e-01   1.0343725e-04   4.8270871e-01
   3.2142773e-01   4.2857227e-01   2.5000000e-01
   6.6659135e-02   2.3333712e-01   7.0000375e-01
   1.0342361e-04   6.5510465e-01   3.4479193e-01
   2.3333180e-01   7.6666820e-01   0.0000000e+00
   6.8182062e-01   6.8179383e-02   2.5000000e-01
   5.3333039e-01   4.6666961e-01   0.0000000e+00
   1.3793111e-01   3.4482724e-01   5.1724166e-01
   2.7586467e-01   3.4477102e-02   6.8965823e-01
   7.6667198e-01   2.3332802e-01   0.0000000e+00
   1.0174038e-04   3.2139155e-01   6.7850671e-01
   6.6666624e-02   9.3333338e-01   0.0000000e+00
   1.0344775e-01   4.8275891e-01   4.1379335e-01
   4.8276014e-01   1.3792832e-01   3.7931154e-01
   6.9999777e-01   3.0000223e-01   0.0000000e+00
   1.0000035e-01   1.0000036e-01   7.9999929e-01
   8.0769305e-01   1.9230695e-01   0.0000000e+00
   6.2062544e-01   1.0340238e-04   3.7927115e-01
   1.3793087e-01   5.5172424e-01   3.1034488e-01
   3.9690011e-01   1.3403335e-01   4.6906654e-01
   4.8148046e-01   5.1851954e-01   0.0000000e+00
   6.5517159e-01   3.4482841e-01   0.0000000e+00
   6.6666720e-02   1.6666654e-01   7.6666674e-01
   4.1379311e-01   6.8965505e-02   5.1724139e-01
   3.7930951e-01   2.7586244e-01   3.4482805e-01
   2.7586238e-01   4.4827701e-01   2.7586061e-01
   2.0689652e-01   2.0689655e-01   5.8620693e-01
   1.7241110e-01   2.7586297e-01   5.5172594e-01
   5.6666577e-01   4.3333423e-01   0.0000000e+00
   6.8957856e-02   6.5517784e-01   2.7586431e-01
   2.0690024e-01   4.8274942e-01   3.1035035e-01
   6.8962247e-02   3.4482880e-01   5.8620896e-01
   6.6666510e-02   6.6666521e-02   8.6666697e-01
   1.0344822e-01   4.1379342e-01   4.8275836e-01
   4.2857388e-01   3.2142612e-01   2.5000000e-01
   5.5172702e-01   1.0344360e-01   3.4482939e-01
   3.1034479e-01   3.1034484e-01   3.7931036e-01
   3.4482768e-01   2.4137912e-01   4.1379321e-01
   6.5517325e-01   3.4481530e-02   3.1034522e-01
   3.1034310e-01   2.0689707e-01   4.8275983e-01
   1.6666759e-01   3.3333122e-02   7.9999929e-01
   1.0223724e-04   7.4989776e-01   2.5000000e-01
   1.7241398e-01   4.4827524e-01   3.7931077e-01
   7.4989777e-01   1.0223266e-04   2.5000000e-01
   2.0689655e-01   3.1034483e-01   4.8275862e-01
   3.4481939e-02   5.5172461e-01   4.1379346e-01
   4.4822950e-01   1.0341144e-04   5.5166709e-01
   5.5172472e-01   3.4481737e-02   4.1379354e-01
   9.6666704e-01   3.3332958e-02   0.0000000e+00
   6.0714226e-01   3.9285774e-01   0.0000000e+00
   2.6666882e-01   7.3333118e-01   0.0000000e+00
   1.3332032e-01   9.9989245e-05   8.6657969e-01
   3.4482757e-01   3.4482762e-01   3.1034481e-01
   2.7586028e-01   3.7931128e-01   3.4482843e-01
   1.0344673e-01   2.7585910e-01   6.2069417e-01
   4.1379327e-01   2.0689624e-01   3.7931049e-01
   1.7241335e-01   3.7931055e-01   4.4827610e-01
   9.7899767e-05   9.9989887e-02   8.9991221e-01
   4.4827501e-01   2.4138015e-01   3.1034483e-01
   3.4479224e-01   1.0336885e-04   6.5510439e-01
   1.9230770e-01   8.0769230e-01   0.0000000e+00
   4.8275960e-01   6.8963649e-02   4.4827675e-01
   2.0689525e-01   1.3793128e-01   6.5517347e-01
   9.9916041e-05   1.6664986e-01   8.3325023e-01
   5.1724138e-01   1.7241379e-01   3.1034483e-01
   3.7931018e-01   3.4481560e-02   5.8620826e-01
   1.3636158e-01   6.1363842e-01   2.5000000e-01
   2.7586089e-01   1.7241408e-01   5.5172504e-01
   1.3793091e-01   2.0689637e-01   6.5517272e-01
   2.4137946e-01   3.4482718e-01   4.1379336e-01
   2.0689476e-01   6.8964920e-02   7.2414032e-01
   6.6651547e-02   7.9876654e-05   9.3326858e-01
   9.9680696e-05   9.4072944e-05   9.9980625e-01
