   4.8273471e-01   2.4139047e-01   2.7587483e-01
   7.9999202e-01   2.0000798e-01   0.0000000e+00
   6.8965159e-01   3.1034841e-01   0.0000000e+00
   1.7241175e-01   1.3793107e-01   6.8965718e-01
   4.9994357e-01   9.9942053e-05   4.9995648e-01
   5.6666033e-01   4.3333967e-01   0.0000000e+00
   3.6666715e-01   6.3333285e-01   0.0000000e+00
   9.9990037e-01   9.9628838e-05   0.0000000e+00
   4.3333441e-01   5.6666559e-01   0.0000000e+00
   6.6666481e-02   9.3333352e-01   0.0000000e+00
   4.8147695e-01   5.1852305e-01   0.0000000e+00
   1.0000045e-01   6.6666673e-02   8.3333288e-01
   3.7930886e-01   2.7586274e-01   3.4482841e-01
   1.0337815e-04   3.1029613e-01   6.8960049e-01
   4.8275899e-01   1.7241320e-01   3.4482782e-01
   1.0344835e-01   3.1034432e-01   5.8620733e-01
   9.9999047e-02   9.0000095e-01   0.0000000e+00
   3.2000339e-01   6.7999661e-01   0.0000000e+00
   3.3333164e-02   9.6666684e-01   0.0000000e+00
   3.7926808e-01   1.0337572e-04   6.2062855e-01
   1.3793067e-01   2.4137878e-01   6.2069055e-01
   1.0344738e-01   5.1724137e-01   3.7931125e-01
   5.3332305e-01   4.6667695e-01   0.0000000e+00
   5.8620733e-01   6.8964812e-02   3.4482786e-01
   1.7240943e-01   2.7586144e-01   5.5172913e-01
   2.3076316e-01   7.6923684e-01   0.0000000e+00
   5.8619805e-01   1.3793398e-01   2.7586796e-01
   6.2062553e-01   1.0336996e-04   3.7927110e-01
   1.3793076e-01   8.6206924e-01   0.0000000e+00
   2.0689190e-01   4.4827849e-01   3.4482961e-01
   2.7586208e-01   1.3793104e-01   5.8620688e-01
   6.6983663e-02   4.3062015e-01   5.0239619e-01
   2.4138021e-01   3.7930813e-01   3.7931166e-01
   6.4285630e-01   3.5714370e-01   0.0000000e+00
   9.3333361e-01   6.6666393e-02   0.0000000e+00
   2.4138060e-01   1.0344400e-01   6.5517540e-01
   3.9999987e-01   6.0000013e-01   0.0000000e+00
   9.6666641e-01   3.3333591e-02   0.0000000e+00
   2.6922425e-01   7.3077575e-01   0.0000000e+00
   1.0218045e-04   7.4989694e-01   2.5000088e-01
   1.0344442e-01   1.7240823e-01   7.2414735e-01
   2.0689591e-01   3.1034402e-01   4.8276007e-01
   8.9999964e-01   1.0000036e-01   0.0000000e+00
   1.3333190e-01   9.9998929e-02   7.6666917e-01
   5.1724218e-01   1.0344671e-01   3.7931111e-01
   1.8518532e-01   8.1481468e-01   0.0000000e+00
   3.3333392e-02   1.3333373e-01   8.3333288e-01
   1.0340354e-04   4.4823457e-01   5.5166202e-01
   3.3334153e-02   2.3334695e-01   7.3331890e-01
   9.9830263e-05   9.9990017e-01   0.0000000e+00
   2.0689654e-01   2.0689654e-01   5.8620692e-01
   1.0342046e-04   2.0687136e-01   7.9302521e-01
   8.5714433e-01   1.4285567e-01   0.0000000e+00
   2.7583393e-01   1.0338926e-04   7.2406268e-01
   1.0333121e-04   6.8958383e-01   3.1031284e-01
   1.0343480e-04   3.7928169e-01   6.2061487e-01
   9.9988178e-05   5.3327616e-01   4.6662385e-01
   3.4482759e-01   3.4482759e-01   3.1034482e-01
   6.8958390e-01   1.0326207e-04   3.1031284e-01
   6.8965438e-02   2.7586209e-01   6.5517247e-01
   1.6665143e-01   9.8151393e-05   8.3325041e-01
   5.5172545e-01   3.4480459e-02   4.1379409e-01
   1.0344659e-01   6.2069072e-01   2.7586269e-01
   1.3792823e-01   4.4827751e-01   4.1379426e-01
   6.0000106e-01   3.9999894e-01   0.0000000e+00
   1.3792985e-01   3.4482540e-01   5.1724475e-01
   7.1845338e-01   1.7893670e-01   1.0902478e-01
   2.0689420e-01   3.4482299e-02   7.5862350e-01
   1.7045238e-01   5.7954674e-01   2.5000088e-01
   3.4482827e-01   2.4137769e-01   4.1379404e-01
   6.4771966e-01   1.0227946e-01   2.5000088e-01
   4.1379333e-01   1.0344660e-01   4.8276007e-01
   4.1380029e-01   3.4476338e-02   5.5172337e-01
   7.5000611e-01   2.4999389e-01   0.0000000e+00
   2.4137763e-01   2.4137763e-01   5.1724475e-01
   3.1034482e-01   3.1034482e-01   3.7931036e-01
   1.3793089e-01   5.5172423e-01   3.1034488e-01
   4.4827801e-01   1.3792766e-01   4.1379433e-01
   2.7586196e-01   4.1379316e-01   3.1034487e-01
   5.4544598e-01   2.0455314e-01   2.5000088e-01
   3.1034451e-01   2.0689542e-01   4.8276007e-01
   3.4090960e-01   4.0908952e-01   2.5000088e-01
   3.7930924e-01   1.7241363e-01   4.4827713e-01
   9.9995283e-02   4.6895387e-05   8.9995782e-01
   3.3323847e-02   3.3323952e-02   9.3335220e-01
   3.4483424e-02   6.2068514e-01   3.4483144e-01
   3.4482635e-01   1.3792890e-01   5.1724475e-01
   2.7586144e-01   2.7586144e-01   4.4827713e-01
   1.0343601e-04   5.8614628e-01   4.1375029e-01
   3.1034566e-01   3.4478963e-02   6.5517538e-01
   9.8063221e-05   6.0543535e-05   9.9984139e-01
   2.0689569e-01   5.1724037e-01   2.7586395e-01
   1.7241385e-01   3.7930902e-01   4.4827713e-01
   4.8329743e-05   9.9993848e-02   8.9995782e-01
   6.8177535e-02   6.8182159e-01   2.5000088e-01
   7.4989721e-01   1.0190663e-04   2.5000088e-01
   3.4482823e-01   6.8964504e-02   5.8620727e-01
   2.7272687e-01   4.7727225e-01   2.5000088e-01
   4.2857092e-01   3.2142820e-01   2.5000088e-01
   4.1379309e-01   2.0689654e-01   3.7931036e-01
