   6.6665305e-02   9.3333470e-01   0.0000000e+00
   4.1379787e-01   1.0344743e-01   4.8275471e-01
   3.7930854e-01   2.7586287e-01   3.4482858e-01
   6.4285716e-01   3.5714284e-01   0.0000000e+00
   9.0000009e-01   9.9999914e-02   0.0000000e+00
   4.6667273e-01   5.3332727e-01   0.0000000e+00
   2.7583334e-01   1.0341118e-04   7.2406325e-01
   3.4482781e-02   3.1034438e-01   6.5517284e-01
   6.5517139e-01   3.4482862e-02   3.1034575e-01
   8.6207130e-01   1.3792870e-01   0.0000000e+00
   2.3333250e-01   7.6666750e-01   0.0000000e+00
   1.0000019e-01   8.9999981e-01   0.0000000e+00
   2.7586210e-01   2.7586200e-01   4.4827590e-01
   3.4482766e-01   3.4482755e-01   3.1034479e-01
   9.3333503e-01   6.6664971e-02   0.0000000e+00
   3.3332824e-02   9.6666718e-01   0.0000000e+00
   6.0000010e-01   3.9999990e-01   0.0000000e+00
   1.9230722e-01   8.0769278e-01   0.0000000e+00
   1.3636616e-01   6.1363374e-01   2.5000010e-01
   3.4483738e-01   1.0344673e-01   5.5171589e-01
   5.6666555e-01   4.3333445e-01   0.0000000e+00
   3.5714247e-01   6.4285753e-01   0.0000000e+00
   3.7927126e-01   1.0335220e-04   6.2062538e-01
   1.0339819e-04   2.0687707e-01   7.9301954e-01
   2.7586079e-01   3.7931102e-01   3.4482819e-01
   9.9979549e-05   9.9990002e-01   0.0000000e+00
   3.4482788e-01   2.4137868e-01   4.1379344e-01
   8.1481948e-01   1.8518052e-01   0.0000000e+00
   4.1379493e-01   2.0689307e-01   3.7931200e-01
   1.0344995e-01   5.1723357e-01   3.7931648e-01
   4.3333877e-01   5.6666123e-01   0.0000000e+00
   1.0342093e-04   3.7927119e-01   6.2062538e-01
   5.1851896e-01   4.8148104e-01   0.0000000e+00
   1.7241380e-01   1.7241374e-01   6.5517245e-01
   3.1034607e-01   6.8965393e-01   0.0000000e+00
   4.8276374e-01   1.7240503e-01   3.4483123e-01
   6.2062533e-01   1.0334802e-04   3.7927132e-01
   3.7930779e-01   1.7241443e-01   4.4827779e-01
   4.9994376e-01   9.9986751e-05   4.9995625e-01
   3.4475450e-02   5.8621134e-01   3.7931321e-01
   1.6796343e-01   4.7028064e-01   3.6175592e-01
   9.9990002e-01   9.9982570e-05   0.0000000e+00
   4.4827804e-01   1.3792685e-01   4.1379511e-01
   5.3691828e-01   3.3553488e-02   4.2952823e-01
   3.1034486e-01   3.1034475e-01   3.7931038e-01
   5.1724656e-01   2.0689431e-01   2.7585913e-01
   3.4482557e-02   6.8965532e-01   2.7586212e-01
   2.0689601e-01   4.8275998e-01   3.1034401e-01
   3.3333312e-02   6.6666306e-02   9.0000038e-01
   1.6665074e-01   9.9959515e-05   8.3324930e-01
   7.6923080e-01   2.3076920e-01   0.0000000e+00
   2.4137747e-01   6.8960415e-02   6.8966211e-01
   6.6670689e-02   1.3334074e-01   7.9998857e-01
   2.0000794e-01   3.3334082e-02   7.6665797e-01
   1.7241334e-01   3.7931056e-01   4.4827610e-01
   6.9230725e-01   3.0769275e-01   0.0000000e+00
   2.7586124e-01   1.0344843e-01   6.2069033e-01
   4.4827685e-01   2.4137765e-01   3.1034551e-01
   1.0343177e-04   6.5510447e-01   3.4479210e-01
   5.5172838e-01   1.0344139e-01   3.4483023e-01
   3.9285926e-01   3.5714064e-01   2.5000010e-01
   7.3333300e-01   2.6666700e-01   0.0000000e+00
   1.0000035e-01   6.6666869e-02   8.3333278e-01
   1.0344824e-01   2.4137932e-01   6.5517244e-01
   2.0454570e-01   5.4545420e-01   2.5000010e-01
   1.0341342e-04   2.7583334e-01   7.2406325e-01
   6.2069076e-01   1.0344668e-01   2.7586256e-01
   6.6667249e-02   4.6666701e-01   4.6666574e-01
   1.0342135e-04   5.5166707e-01   4.4822951e-01
   1.4285661e-01   8.5714339e-01   0.0000000e+00
   5.7954573e-01   1.7045417e-01   2.5000010e-01
   3.1034555e-01   4.1379267e-01   2.7586178e-01
   4.7727267e-01   2.7272723e-01   2.5000010e-01
   6.8182738e-01   6.8172519e-02   2.5000010e-01
   2.6922929e-01   7.3077071e-01   0.0000000e+00
   3.1034486e-01   2.0689648e-01   4.8275866e-01
   9.6666659e-01   3.3333411e-02   0.0000000e+00
   1.0222132e-04   7.4989768e-01   2.5000010e-01
   2.4137781e-01   3.4482827e-01   4.1379392e-01
   1.0344788e-01   1.7241386e-01   7.2413827e-01
   1.3793356e-01   3.4482417e-01   5.1724227e-01
   2.0689649e-01   3.1034485e-01   4.8275866e-01
   2.0689648e-01   2.0689641e-01   5.8620710e-01
   2.8571342e-01   4.6428647e-01   2.5000010e-01
   9.9969626e-05   1.3332046e-01   8.6657957e-01
   7.4989788e-01   1.0202055e-04   2.5000010e-01
   1.0343516e-01   5.8621547e-01   3.1034938e-01
   3.1034484e-01   3.4482727e-02   6.5517244e-01
   1.7241203e-01   2.7586265e-01   5.5172532e-01
   2.4137933e-01   2.4137925e-01   5.1724141e-01
   3.9999991e-01   6.0000009e-01   0.0000000e+00
   1.0043241e-04   4.6424183e-01   5.3565773e-01
   4.1378978e-01   3.4482848e-02   5.5172737e-01
   1.7241345e-01   1.0344829e-01   7.2413827e-01
   6.8964213e-02   3.7931088e-01   5.5172491e-01
   2.0689696e-01   4.1379196e-01   3.7931108e-01
   2.7586251e-01   1.7241258e-01   5.5172491e-01
   1.0344660e-01   3.1034049e-01   5.8621291e-01
   9.9991101e-02   7.5279666e-05   8.9993362e-01
   9.5329914e-05   9.6606648e-05   9.9980806e-01
