   3.3333339e-02   2.0000087e-01   7.6666579e-01
   8.1481611e-01   1.8518389e-01   0.0000000e+00
   2.7272726e-01   4.7727273e-01   2.5000001e-01
   5.1724118e-01   6.8965546e-02   4.1379328e-01
   7.6923083e-01   2.3076917e-01   0.0000000e+00
   3.9286000e-01   3.5713999e-01   2.5000001e-01
   1.4285663e-01   8.5714337e-01   0.0000000e+00
   3.4482760e-01   1.0344825e-01   5.5172416e-01
   3.5714475e-01   6.4285525e-01   0.0000000e+00
   4.6666845e-01   5.3333155e-01   0.0000000e+00
   1.0219377e-04   7.4989779e-01   2.5000001e-01
   8.9999999e-01   1.0000001e-01   0.0000000e+00
   9.9990006e-01   9.9939380e-05   0.0000000e+00
   2.6923049e-01   7.3076951e-01   0.0000000e+00
   9.9913823e-05   9.9990009e-01   0.0000000e+00
   2.0688787e-01   5.1726154e-01   2.7585060e-01
   1.9230721e-01   8.0769279e-01   0.0000000e+00
   2.3333382e-01   7.6666618e-01   0.0000000e+00
   8.6206873e-01   1.3793127e-01   0.0000000e+00
   6.8960570e-02   3.1034649e-01   6.2069294e-01
   9.3333664e-01   6.6663361e-02   0.0000000e+00
   2.7583396e-01   1.0343140e-04   7.2406261e-01
   1.0076928e-04   4.2852534e-01   5.7137389e-01
   5.6666753e-01   4.3333247e-01   0.0000000e+00
   1.0339739e-04   3.4479132e-01   6.5510528e-01
   3.3330996e-02   1.0000038e-01   8.6666863e-01
   1.0227285e-01   6.4772714e-01   2.5000001e-01
   3.7927162e-01   1.0339359e-04   6.2062499e-01
   4.1379423e-01   1.7241154e-01   4.1379423e-01
   1.0344323e-01   3.7931248e-01   5.1724429e-01
   5.7954497e-01   1.7045501e-01   2.5000001e-01
   9.9999002e-02   9.0000100e-01   0.0000000e+00
   2.0689862e-01   4.1378723e-01   3.7931415e-01
   1.3792980e-01   5.5172813e-01   3.1034208e-01
   4.3333544e-01   5.6666456e-01   0.0000000e+00
   3.1034477e-01   1.7241373e-01   5.1724150e-01
   4.1379397e-01   6.8963564e-02   5.1724246e-01
   4.1379527e-01   2.7585829e-01   3.1034644e-01
   7.3333266e-01   2.6666734e-01   0.0000000e+00
   7.4989775e-01   1.0223643e-04   2.5000001e-01
   1.0341311e-04   2.7583398e-01   7.2406261e-01
   6.4772833e-01   1.0227165e-01   2.5000001e-01
   6.6671249e-02   4.6662903e-01   4.6669972e-01
   3.4482541e-01   2.0689740e-01   4.4827719e-01
   4.8275870e-01   1.3793089e-01   3.7931041e-01
   2.7586065e-01   2.4138410e-01   4.8275525e-01
   3.3327168e-02   9.6667283e-01   0.0000000e+00
   1.7044483e-01   5.7955515e-01   2.5000001e-01
   9.6666753e-01   3.3332473e-02   0.0000000e+00
   1.0344564e-01   1.3792726e-01   7.5862710e-01
   1.0070035e-04   5.7137102e-01   4.2852828e-01
   6.5510475e-01   1.0339387e-04   3.4479185e-01
   6.0000454e-01   3.9999546e-01   0.0000000e+00
   6.9230826e-01   3.0769174e-01   0.0000000e+00
   2.0689655e-01   1.0344828e-01   6.8965517e-01
   1.0340602e-04   4.8270873e-01   5.1718787e-01
   9.9917102e-05   1.6665075e-01   8.3324933e-01
   2.7586091e-01   3.7931095e-01   3.4482814e-01
   4.4827822e-01   1.0344357e-01   4.4827821e-01
   3.1034465e-01   6.8965535e-01   0.0000000e+00
   3.9999820e-01   6.0000180e-01   0.0000000e+00
   3.7931165e-01   2.4137671e-01   3.7931164e-01
   4.9999999e-01   2.5000000e-01   2.5000001e-01
   2.0000224e-01   9.9835988e-05   7.9989792e-01
   1.3331911e-01   9.9820548e-05   8.6658107e-01
   5.8614608e-01   1.0337431e-04   4.1375055e-01
   3.4482787e-02   6.2068935e-01   3.4482786e-01
   3.1034533e-01   3.4482733e-02   6.5517194e-01
   1.0344665e-01   5.1724232e-01   3.7931103e-01
   1.3793103e-01   2.4137931e-01   6.2068966e-01
   1.3792833e-01   6.8964165e-02   7.9310750e-01
   3.1034480e-01   3.1034480e-01   3.7931040e-01
   3.7930966e-01   1.3793126e-01   4.8275908e-01
   6.8965014e-02   2.4137937e-01   6.8965561e-01
   4.9994921e-01   9.9965230e-05   4.9995083e-01
   4.4822961e-01   1.0341990e-04   5.5166697e-01
   6.6667204e-02   9.3333280e-01   0.0000000e+00
   2.4137748e-01   3.4482842e-01   4.1379410e-01
   6.8965851e-01   3.4478089e-02   2.7586340e-01
   3.1034518e-01   4.1379278e-01   2.7586203e-01
   2.0689687e-01   2.7586196e-01   5.1724117e-01
   5.1851958e-01   4.8148042e-01   0.0000000e+00
   1.7241391e-01   4.8275827e-01   3.4482782e-01
   5.8620651e-01   6.8965581e-02   3.4482791e-01
   5.5172516e-01   1.3792791e-01   3.1034694e-01
   2.0689605e-01   2.0689605e-01   5.8620790e-01
   1.0331691e-04   6.8958393e-01   3.1031276e-01
   1.3793112e-01   1.7241327e-01   6.8965561e-01
   6.4285739e-01   3.5714261e-01   0.0000000e+00
   3.4482772e-01   3.4482771e-01   3.1034457e-01
   6.6661520e-02   3.3330760e-02   9.0000772e-01
   2.4137163e-01   4.4829326e-01   3.1033511e-01
   2.3331877e-01   3.3328676e-02   7.3335255e-01
   2.0987723e-05   6.6665165e-02   9.3331385e-01
   1.3793088e-01   4.4827594e-01   4.1379317e-01
   1.3792965e-01   3.1034533e-01   5.5172503e-01
   1.7240751e-01   3.7931323e-01   4.4827926e-01
   2.4137822e-01   1.3793132e-01   6.2069047e-01
   4.4827634e-01   2.0689574e-01   3.4482792e-01
   9.6290440e-05   9.5187781e-05   9.9980852e-01
