   7.6666653e-01   2.3333347e-01   0.0000000e+00
   2.7586207e-01   2.4137931e-01   4.8275862e-01
   1.7045341e-01   5.7954659e-01   2.5000000e-01
   1.0227197e-01   6.4772803e-01   2.5000000e-01
   3.3332628e-02   9.6666737e-01   0.0000000e+00
   6.4772759e-01   1.0227241e-01   2.5000000e-01
   9.3333239e-01   6.6667609e-02   0.0000000e+00
   1.9230855e-01   8.0769145e-01   0.0000000e+00
   5.7954648e-01   1.7045352e-01   2.5000000e-01
   3.4482768e-01   2.0689641e-01   4.4827591e-01
   2.3333300e-01   7.6666700e-01   0.0000000e+00
   7.3077074e-01   2.6922926e-01   0.0000000e+00
   3.4091314e-01   4.0908686e-01   2.5000000e-01
   3.6666468e-01   6.3333532e-01   0.0000000e+00
   6.8963781e-02   5.8620799e-01   3.4482823e-01
   1.0025712e-01   4.3187454e-01   4.6786834e-01
   2.0689314e-01   2.7586317e-01   5.1724369e-01
   5.6666484e-01   4.3333516e-01   0.0000000e+00
   9.6666648e-01   3.3333515e-02   0.0000000e+00
   2.4134749e-01   1.0333314e-04   7.5854917e-01
   6.8965724e-01   3.1034276e-01   0.0000000e+00
   5.1724351e-01   1.7241303e-01   3.1034346e-01
   2.7586167e-01   4.4827666e-01   2.7586167e-01
   6.8959534e-02   2.0687962e-01   7.2416085e-01
   1.0225160e-04   7.4989775e-01   2.5000000e-01
   4.1379410e-01   1.7241131e-01   4.1379459e-01
   8.9999709e-01   1.0000291e-01   0.0000000e+00
   6.4286014e-01   3.5713986e-01   0.0000000e+00
   2.6923117e-01   7.3076883e-01   0.0000000e+00
   8.5714314e-01   1.4285686e-01   0.0000000e+00
   2.4137899e-01   3.1034509e-01   4.4827591e-01
   1.4285746e-01   8.5714254e-01   0.0000000e+00
   3.4484148e-01   1.0344608e-01   5.5171244e-01
   4.6428444e-01   2.8571556e-01   2.5000000e-01
   1.3793074e-01   5.5172433e-01   3.1034493e-01
   3.7931139e-01   1.3792867e-01   4.8275995e-01
   5.8620803e-01   1.0344654e-01   3.1034543e-01
   3.1999958e-01   6.8000042e-01   0.0000000e+00
   3.7931193e-01   3.4482670e-01   2.7586136e-01
   3.3327161e-02   1.6666781e-01   8.0000503e-01
   1.3791958e-01   1.3791958e-01   7.2416085e-01
   5.3333333e-01   4.6666667e-01   0.0000000e+00
   5.8620776e-01   3.4481329e-02   3.7931091e-01
   5.0360034e-01   1.0071992e-01   3.9567974e-01
   4.3333327e-01   5.6666673e-01   0.0000000e+00
   4.8148179e-01   5.1851821e-01   0.0000000e+00
   4.8270865e-01   1.0342799e-04   5.1718792e-01
   2.0689975e-01   3.7930567e-01   4.1379459e-01
   9.9990014e-01   9.9856569e-05   0.0000000e+00
   1.0344843e-01   3.1034682e-01   5.8620475e-01
   3.4482620e-02   4.8275869e-01   4.8275869e-01
   2.0689650e-01   1.0344825e-01   6.8965525e-01
   7.4989778e-01   1.0221690e-04   2.5000000e-01
   6.6666408e-02   9.3333359e-01   0.0000000e+00
   4.4844074e-01   6.8944845e-02   4.8261441e-01
   1.0340961e-04   6.5510466e-01   3.4479193e-01
   1.0000217e-01   8.9999783e-01   0.0000000e+00
   9.9947078e-05   2.3333288e-01   7.6656717e-01
   3.4482444e-02   6.8965540e-01   2.7586216e-01
   1.7241340e-01   3.4482631e-02   7.9310397e-01
   1.7241383e-01   2.4138142e-01   5.8620475e-01
   4.1379410e-01   2.7586160e-01   3.1034430e-01
   9.9972475e-05   5.6661006e-01   4.3328996e-01
   3.7931122e-01   2.4137756e-01   3.7931122e-01
   2.7586246e-01   6.8964203e-02   6.5517334e-01
   6.8965774e-01   3.4479170e-02   2.7586309e-01
   6.8965358e-02   2.7586212e-01   6.5517253e-01
   2.4138134e-01   1.3792652e-01   6.2069215e-01
   3.1034476e-01   2.7586065e-01   4.1379459e-01
   3.9999929e-01   6.0000071e-01   0.0000000e+00
   1.0042377e-04   4.6423493e-01   5.3566464e-01
   1.0000001e-01   1.0000000e-01   7.9999999e-01
   2.0690267e-01   4.4825952e-01   3.4483781e-01
   3.1031273e-01   1.0342322e-04   6.8958385e-01
   4.8275862e-01   2.4137931e-01   2.7586207e-01
   6.8961114e-02   5.1724430e-01   4.1379459e-01
   5.3566204e-01   1.0029139e-04   4.6423767e-01
   6.0000099e-01   3.9999901e-01   0.0000000e+00
   8.0769237e-01   1.9230763e-01   0.0000000e+00
   6.8965603e-02   3.7930961e-01   5.5172479e-01
   3.4482671e-01   3.1034524e-01   3.4482805e-01
   2.7586218e-01   1.7241346e-01   5.5172436e-01
   1.0341042e-04   3.7927131e-01   6.2062528e-01
   9.8277113e-05   1.3331984e-01   8.6658189e-01
   6.6669280e-02   3.3334640e-02   8.9999608e-01
   1.3793068e-01   2.0689663e-01   6.5517269e-01
   4.4827661e-01   2.0689523e-01   3.4482816e-01
   1.3331936e-01   9.9134239e-05   8.6658150e-01
   6.5510468e-01   1.0337634e-04   3.4479194e-01
   2.7586232e-01   3.4482691e-01   3.7931077e-01
   1.7241133e-01   3.4482861e-01   4.8276006e-01
   1.3793144e-01   4.8275709e-01   3.7931147e-01
   4.1379327e-01   3.4482365e-02   5.5172436e-01
   2.4004454e-01   5.0995546e-01   2.5000000e-01
   3.7927132e-01   1.0343124e-04   6.2062525e-01
   9.9961615e-05   9.9990004e-01   0.0000000e+00
   7.2028710e-05   6.6654185e-02   9.3327379e-01
   1.0337321e-04   3.1031270e-01   6.8958393e-01
   3.1034560e-01   3.7930992e-01   3.1034448e-01
   7.9508491e-05   8.1203858e-05   9.9983929e-01
