   4.8280681e-01   2.0687727e-01   3.1031593e-01
   5.6666681e-01   4.3333319e-01   0.0000000e+00
   6.4285674e-01   3.5714326e-01   0.0000000e+00
   3.9999998e-01   6.0000002e-01   0.0000000e+00
   1.3636037e-01   6.1363955e-01   2.5000009e-01
   2.7586228e-01   3.1034431e-01   4.1379342e-01
   6.4773378e-01   1.0226613e-01   2.5000009e-01
   3.5714340e-01   3.9285651e-01   2.5000009e-01
   5.4545609e-01   2.0454383e-01   2.5000009e-01
   6.8964966e-02   2.7586223e-01   6.5517280e-01
   7.6666873e-01   2.3333127e-01   0.0000000e+00
   9.3333450e-01   6.6665495e-02   0.0000000e+00
   3.1034360e-01   4.1379538e-01   2.7586102e-01
   8.5714293e-01   1.4285707e-01   0.0000000e+00
   1.0222262e-04   7.4989769e-01   2.5000009e-01
   9.9976730e-05   9.9990002e-01   0.0000000e+00
   2.0689588e-01   2.4137859e-01   5.5172553e-01
   1.3793035e-01   1.7241394e-01   6.8965571e-01
   5.3333167e-01   4.6666833e-01   0.0000000e+00
   5.8620633e-01   1.3793122e-01   2.7586245e-01
   1.0341639e-04   3.1031243e-01   6.8958415e-01
   4.6428845e-01   2.8571146e-01   2.5000009e-01
   3.3331811e-02   9.6666819e-01   0.0000000e+00
   9.9820184e-05   4.9994592e-01   4.9995426e-01
   4.2851461e-01   1.0067656e-04   5.7138471e-01
   7.4989769e-01   1.0222064e-04   2.5000009e-01
   1.0344822e-01   4.8275865e-01   4.1379313e-01
   3.3579529e-02   4.2914058e-01   5.3727989e-01
   3.4482148e-01   2.7586465e-01   3.7931388e-01
   7.3333068e-01   2.6666932e-01   0.0000000e+00
   9.6666747e-01   3.3332532e-02   0.0000000e+00
   2.3076612e-01   7.6923388e-01   0.0000000e+00
   5.3328241e-01   9.9979519e-05   4.6661761e-01
   3.4480282e-02   2.4137989e-01   7.2413983e-01
   2.6666366e-01   7.3333634e-01   0.0000000e+00
   1.0336317e-04   6.2062550e-01   3.7927113e-01
   4.4827587e-01   1.7241378e-01   3.7931035e-01
   6.9230775e-01   3.0769225e-01   0.0000000e+00
   1.8518682e-01   8.1481318e-01   0.0000000e+00
   5.8614616e-01   1.0342675e-04   4.1375041e-01
   3.1034389e-01   1.3793058e-01   5.5172553e-01
   4.8147700e-01   5.1852300e-01   0.0000000e+00
   1.0000070e-01   8.9999930e-01   0.0000000e+00
   2.4137972e-01   3.7930930e-01   3.7931098e-01
   2.0689630e-01   3.4482840e-01   4.4827530e-01
   6.0000004e-01   3.9999996e-01   0.0000000e+00
   2.4138054e-01   2.7586344e-01   4.8275603e-01
   9.9924707e-05   6.6663116e-02   9.3323696e-01
   2.7586239e-01   6.8964453e-02   6.5517316e-01
   3.7931090e-01   3.1034448e-01   3.1034462e-01
   3.0769009e-01   6.9230991e-01   0.0000000e+00
   1.3793099e-01   4.1379313e-01   4.4827589e-01
   3.4483091e-01   6.8956230e-02   5.8621286e-01
   1.7241497e-01   5.5172108e-01   2.7586395e-01
   3.4479190e-01   1.0341793e-04   6.5510468e-01
   2.7583287e-01   1.0343728e-04   7.2406369e-01
   1.0342894e-04   2.0686754e-01   7.9302903e-01
   1.7241244e-01   2.0689427e-01   6.2069330e-01
   4.3333422e-01   5.6666578e-01   0.0000000e+00
   6.6666845e-02   1.0000028e-01   8.3333288e-01
   8.0769373e-01   1.9230627e-01   0.0000000e+00
   4.1379464e-01   1.3792783e-01   4.4827753e-01
   3.1034144e-01   2.4138051e-01   4.4827805e-01
   2.7586196e-01   2.0689658e-01   5.1724145e-01
   4.1379519e-01   2.4137548e-01   3.4482933e-01
   6.8958386e-01   1.0339683e-04   3.1031274e-01
   6.8958693e-02   6.5517722e-01   2.7586409e-01
   1.7241341e-01   4.4827608e-01   3.7931051e-01
   2.0689694e-01   6.8963789e-02   7.2413927e-01
   9.9990017e-01   9.9827681e-05   0.0000000e+00
   3.7931003e-01   1.0344833e-01   5.1724164e-01
   8.9999154e-01   1.0000846e-01   0.0000000e+00
   9.9992831e-02   9.9361945e-05   8.9990781e-01
   3.4482759e-02   5.5172413e-01   4.1379311e-01
   6.8961852e-02   5.8620920e-01   3.4482894e-01
   3.5713951e-01   6.4286049e-01   0.0000000e+00
   3.4482960e-01   1.7241437e-01   4.8275603e-01
   5.5172427e-01   1.0344805e-01   3.4482767e-01
   2.4137895e-01   1.7241315e-01   5.8620790e-01
   2.4137932e-01   4.4827584e-01   3.1034484e-01
   1.0344735e-01   1.3793111e-01   7.5862154e-01
   1.3333474e-01   6.6667206e-02   7.9999805e-01
   1.3792807e-01   5.1724316e-01   3.4482877e-01
   4.8275893e-01   1.0344770e-01   4.1379337e-01
   4.6539268e-01   3.3412839e-02   5.0119448e-01
   2.0689651e-01   1.3793098e-01   6.5517251e-01
   1.6664990e-01   9.9144702e-05   8.3325095e-01
   1.0342964e-04   3.7927417e-01   6.2062240e-01
   1.3793118e-01   3.4482693e-01   5.1724189e-01
   9.8774567e-05   1.3332875e-01   8.6657247e-01
   6.6666963e-02   9.3333304e-01   0.0000000e+00
   1.0344687e-01   3.1035395e-01   5.8619919e-01
   1.3793210e-01   8.6206790e-01   0.0000000e+00
   1.0342776e-04   6.8958385e-01   3.1031272e-01
   2.3331129e-01   8.5051135e-05   7.6660366e-01
   3.7930940e-01   2.0689687e-01   4.1379373e-01
   6.2069205e-01   3.4479038e-02   3.4482891e-01
   2.4894724e-01   5.0105267e-01   2.5000009e-01
   3.1034500e-01   3.4482723e-01   3.4482777e-01
   9.5770711e-05   9.9693473e-05   9.9980454e-01
