   6.9999988e-01   3.0000012e-01   0.0000000e+00
   6.6670157e-02   9.3332984e-01   0.0000000e+00
   5.4545290e-01   2.0454708e-01   2.5000001e-01
   5.3333168e-01   4.6666832e-01   0.0000000e+00
   1.7241322e-01   1.0344744e-01   7.2413934e-01
   3.5714248e-01   6.4285752e-01   0.0000000e+00
   7.3333528e-01   2.6666472e-01   0.0000000e+00
   2.6923152e-01   7.3076848e-01   0.0000000e+00
   1.0344595e-01   3.7931246e-01   5.1724159e-01
   9.3333688e-01   6.6663116e-02   0.0000000e+00
   1.7241390e-01   2.4137883e-01   5.8620727e-01
   3.3331620e-02   9.6666838e-01   0.0000000e+00
   3.7956330e-01   1.0340550e-01   5.1703120e-01
   2.3333123e-01   7.6666877e-01   0.0000000e+00
   3.1033645e-01   3.7932710e-01   3.1033645e-01
   4.4318073e-01   3.0681926e-01   2.5000001e-01
   6.8965143e-02   2.0689552e-01   7.2413934e-01
   8.6207441e-01   1.3792559e-01   0.0000000e+00
   6.4773222e-01   1.0226777e-01   2.5000001e-01
   8.9999876e-01   1.0000124e-01   0.0000000e+00
   4.6456033e-01   1.7808547e-01   3.5735420e-01
   2.0454534e-01   5.4545465e-01   2.5000001e-01
   1.0344152e-01   4.8276657e-01   4.1379190e-01
   1.9230921e-01   8.0769079e-01   0.0000000e+00
   6.8098383e-02   6.8100493e-01   2.5089669e-01
   7.4989773e-01   1.0225577e-04   2.5000001e-01
   6.0714121e-01   3.9285879e-01   0.0000000e+00
   1.0000172e-01   8.9999828e-01   0.0000000e+00
   4.1380337e-01   1.3792861e-01   4.4826802e-01
   4.1379519e-01   3.4477862e-02   5.5172695e-01
   9.9944314e-05   9.9990006e-01   0.0000000e+00
   4.3333373e-01   5.6666627e-01   0.0000000e+00
   4.6662392e-01   9.9941818e-05   5.3327614e-01
   2.7586074e-01   2.4137975e-01   4.8275950e-01
   9.9990025e-01   9.9752920e-05   0.0000000e+00
   2.0689432e-01   3.7931377e-01   4.1379190e-01
   1.0225341e-04   7.4989774e-01   2.5000001e-01
   3.1034490e-01   2.7586320e-01   4.1379190e-01
   9.6666679e-01   3.3333209e-02   0.0000000e+00
   4.8148148e-01   5.1851852e-01   0.0000000e+00
   1.7241437e-01   4.8275690e-01   3.4482873e-01
   1.0344806e-01   2.7586169e-01   6.2069025e-01
   2.4138340e-01   4.1378317e-01   3.4483343e-01
   1.0334830e-04   4.4823010e-01   5.5166655e-01
   3.7931071e-01   2.4137857e-01   3.7931071e-01
   7.6923048e-01   2.3076952e-01   0.0000000e+00
   4.8277211e-01   2.4137301e-01   2.7585487e-01
   1.0337792e-04   3.1031347e-01   6.8958315e-01
   8.1481622e-01   1.8518378e-01   0.0000000e+00
   2.7583354e-01   1.0339656e-04   7.2406307e-01
   1.3792697e-01   5.5172674e-01   3.1034629e-01
   1.0341153e-04   3.7927099e-01   6.2062560e-01
   1.6665054e-01   9.9956332e-05   8.3324950e-01
   1.0336042e-04   6.2062550e-01   3.7927114e-01
   5.8620954e-01   6.8961314e-02   3.4482914e-01
   1.0344825e-01   6.2068968e-01   2.7586207e-01
   5.5166694e-01   1.0342948e-04   4.4822963e-01
   6.8962221e-02   5.8620897e-01   3.4482881e-01
   9.9958399e-05   2.3331022e-01   7.6658982e-01
   1.3793098e-01   4.1379313e-01   4.4827588e-01
   3.9999781e-01   6.0000219e-01   0.0000000e+00
   5.6666158e-01   4.3333842e-01   0.0000000e+00
   3.1034356e-01   1.3793445e-01   5.5172198e-01
   6.8958381e-01   1.0343057e-04   3.1031276e-01
   6.8964561e-02   4.4827632e-01   4.8275912e-01
   9.9989592e-02   9.9384196e-05   8.9991102e-01
   6.5516945e-01   3.4483055e-01   0.0000000e+00
   2.0689576e-01   2.7586265e-01   5.1724159e-01
   3.4482796e-01   6.8964517e-02   5.8620753e-01
   2.4137931e-01   4.8275862e-01   2.7586207e-01
   4.1379297e-01   2.7586218e-01   3.1034484e-01
   4.9999187e-01   6.6667845e-02   4.3334029e-01
   1.0038421e-04   5.3565843e-01   4.6424118e-01
   6.2062545e-01   1.0343593e-04   3.7927111e-01
   3.1034496e-01   6.8965504e-01   0.0000000e+00
   3.4482793e-01   2.0689576e-01   4.4827631e-01
   3.7931099e-01   3.4482723e-01   2.7586179e-01
   3.2142748e-01   4.2857251e-01   2.5000001e-01
   2.0689600e-01   1.3793077e-01   6.5517323e-01
   1.3793083e-01   3.1034447e-01   5.5172471e-01
   1.7241379e-01   3.4482758e-01   4.8275862e-01
   3.3332946e-02   6.6665892e-02   9.0000116e-01
   5.8619646e-01   1.3793455e-01   2.7586900e-01
   9.9999521e-02   1.3333349e-01   7.6666699e-01
   2.0000039e-01   3.3332019e-02   7.6666759e-01
   6.8965518e-02   3.4482759e-01   5.8620689e-01
   1.4285711e-01   8.5714289e-01   0.0000000e+00
   3.4482988e-01   3.1033985e-01   3.4483027e-01
   2.4138038e-01   1.7241016e-01   5.8620946e-01
   9.9851656e-05   1.3332273e-01   8.6657742e-01
   1.0343736e-04   6.8958380e-01   3.1031276e-01
   2.4137827e-01   3.1034540e-01   4.4827633e-01
   2.7586263e-01   6.8963648e-02   6.5517372e-01
   3.4479228e-01   1.0343436e-04   6.5510429e-01
   1.3793075e-01   1.7241385e-01   6.8965539e-01
   1.0000009e-01   6.6666773e-02   8.3333314e-01
   2.7586147e-01   3.4482765e-01   3.7931087e-01
   5.1724221e-01   1.0344683e-01   3.7931096e-01
   3.3334124e-02   1.6667062e-01   7.9999526e-01
   9.8637287e-05   6.6775708e-05   9.9983459e-01
