   1.0326568e-04   6.2062498e-01   3.7927175e-01
   1.0222230e-04   7.4989772e-01   2.5000006e-01
   4.6540469e-01   3.3410155e-02   5.0118516e-01
   3.3327668e-02   9.6667233e-01   0.0000000e+00
   3.0768864e-01   6.9231136e-01   0.0000000e+00
   5.6666660e-01   4.3333340e-01   0.0000000e+00
   3.9998877e-01   6.0001123e-01   0.0000000e+00
   9.9990002e-01   9.9979177e-05   0.0000000e+00
   1.0344742e-01   6.8965140e-02   8.2758744e-01
   8.0769490e-01   1.9230510e-01   0.0000000e+00
   5.9999934e-01   4.0000066e-01   0.0000000e+00
   1.0330705e-04   3.7927661e-01   6.2062008e-01
   3.7931030e-01   6.8965526e-02   5.5172417e-01
   5.5172786e-01   1.7241235e-01   2.7585978e-01
   9.9903463e-05   9.9990010e-01   0.0000000e+00
   7.3333335e-01   2.6666665e-01   0.0000000e+00
   2.6666893e-01   7.3333107e-01   0.0000000e+00
   1.4285328e-01   8.5714672e-01   0.0000000e+00
   1.3636346e-01   6.1363648e-01   2.5000006e-01
   2.0687509e-01   1.0337248e-04   7.9302154e-01
   8.5714900e-01   1.4285100e-01   0.0000000e+00
   4.3333372e-01   5.6666628e-01   0.0000000e+00
   5.1723659e-01   6.8965998e-02   4.1379741e-01
   2.3333243e-01   7.6666757e-01   0.0000000e+00
   9.3333801e-01   6.6661987e-02   0.0000000e+00
   9.9951591e-05   4.9995388e-01   4.9994616e-01
   5.5166740e-01   1.0286958e-04   4.4822973e-01
   2.0689245e-01   5.1725074e-01   2.7585680e-01
   5.3333009e-01   4.6666991e-01   0.0000000e+00
   1.0344837e-01   2.0689693e-01   6.8965470e-01
   6.8952499e-02   6.5518168e-01   2.7586582e-01
   3.1034483e-01   3.1034483e-01   3.7931034e-01
   6.6665775e-02   9.3333423e-01   0.0000000e+00
   6.9999741e-01   3.0000259e-01   0.0000000e+00
   9.6666827e-01   3.3331734e-02   0.0000000e+00
   1.0344861e-01   5.1723980e-01   3.7931159e-01
   4.1375034e-01   1.0332432e-04   5.8614634e-01
   5.0000000e-01   5.0000000e-01   0.0000000e+00
   1.7241313e-01   1.0344671e-01   7.2414016e-01
   4.3334137e-01   1.3333412e-01   4.3332451e-01
   9.9999875e-02   9.0000013e-01   0.0000000e+00
   6.3333830e-01   3.6666170e-01   0.0000000e+00
   2.4138031e-01   6.8964984e-02   6.8965470e-01
   7.6666648e-01   2.3333352e-01   0.0000000e+00
   6.6666804e-01   3.3333196e-01   0.0000000e+00
   5.1724749e-01   1.3792095e-01   3.4483156e-01
   3.9285302e-01   2.4999789e-01   3.5714909e-01
   3.1034418e-01   2.4138084e-01   4.4827497e-01
   9.9993468e-05   9.9998115e-02   8.9990189e-01
   1.9230712e-01   8.0769288e-01   0.0000000e+00
   4.6666790e-01   5.3333210e-01   0.0000000e+00
   3.9286095e-01   3.5713899e-01   2.5000006e-01
   1.7241381e-01   4.8275857e-01   3.4482762e-01
   2.4137811e-01   1.3792996e-01   6.2069192e-01
   4.8275944e-01   2.0689616e-01   3.1034440e-01
   7.4989781e-01   1.0213122e-04   2.5000006e-01
   5.8620822e-01   3.4480510e-02   3.7931127e-01
   3.4482759e-01   3.4482759e-01   3.1034483e-01
   3.4479461e-01   1.0326574e-04   6.5510213e-01
   8.9999997e-01   1.0000003e-01   0.0000000e+00
   1.3793093e-01   2.7586210e-01   5.8620697e-01
   6.8965203e-02   1.7241328e-01   7.5862151e-01
   2.4137864e-01   2.7585994e-01   4.8276142e-01
   2.4136773e-01   3.4483287e-01   4.1379940e-01
   5.1136032e-01   2.3863962e-01   2.5000006e-01
   2.7272718e-01   4.7727276e-01   2.5000006e-01
   1.0343621e-04   2.7583338e-01   7.2406319e-01
   1.0344830e-01   5.8620681e-01   3.1034489e-01
   3.5714264e-01   6.4285736e-01   0.0000000e+00
   1.0344800e-01   4.1379058e-01   4.8276142e-01
   1.3332355e-01   6.3476081e-05   8.6661297e-01
   2.0689303e-01   2.4138076e-01   5.5172621e-01
   3.3333328e-02   1.3333286e-01   8.3333382e-01
   1.0338812e-04   6.8958387e-01   3.1031274e-01
   6.5510483e-01   1.0332141e-04   3.4479185e-01
   9.3418781e-05   1.9998092e-01   7.9992566e-01
   3.7930955e-01   1.7241405e-01   4.4827641e-01
   2.7586119e-01   2.0689705e-01   5.1724176e-01
   3.4480863e-02   3.1034542e-01   6.5517371e-01
   3.1034400e-01   4.1379464e-01   2.7586136e-01
   3.4480315e-02   5.5172543e-01   4.1379426e-01
   1.0344460e-01   3.4482981e-01   5.5172559e-01
   6.2068960e-01   6.8965527e-02   3.1034487e-01
   6.8966722e-01   3.4475647e-02   2.7585713e-01
   3.4478694e-02   4.1379510e-01   5.5172621e-01
   4.4827698e-01   1.7241175e-01   3.7931127e-01
   2.4137806e-01   4.4827712e-01   3.1034482e-01
   1.3793143e-01   4.4827431e-01   4.1379426e-01
   3.1034330e-01   1.0344922e-01   5.8620747e-01
   3.4482787e-01   1.3792897e-01   5.1724316e-01
   6.1363909e-01   1.3636085e-01   2.5000006e-01
   4.4826758e-01   2.7586658e-01   2.7586584e-01
   1.7241301e-01   1.7241301e-01   6.5517399e-01
   1.7241359e-01   3.1034475e-01   5.1724166e-01
   2.7586297e-01   3.7930799e-01   3.4482904e-01
   2.0689641e-01   4.1379320e-01   3.7931039e-01
   2.7583343e-01   1.0338546e-04   7.2406319e-01
   1.7241504e-01   3.7930604e-01   4.4827892e-01
   6.6635976e-02   6.0826280e-05   9.3330320e-01
   8.1839322e-05   8.8191414e-05   9.9982997e-01
