   7.6923154e-01   2.3076846e-01   0.0000000e+00
   6.8964719e-02   1.3792964e-01   7.9310564e-01
   4.4828085e-01   1.7240914e-01   3.7931001e-01
   4.8286125e-01   2.0685502e-01   3.1028373e-01
   3.3331625e-02   9.6666838e-01   0.0000000e+00
   6.4285704e-01   3.5714296e-01   0.0000000e+00
   1.9230832e-01   8.0769168e-01   0.0000000e+00
   8.9999912e-01   1.0000088e-01   0.0000000e+00
   3.7927115e-01   1.0341866e-04   6.2062543e-01
   9.9990027e-01   9.9726719e-05   0.0000000e+00
   1.7241778e-01   5.5171378e-01   2.7586844e-01
   2.7586358e-01   2.4137881e-01   4.8275762e-01
   9.6666856e-01   3.3331439e-02   0.0000000e+00
   2.7586428e-01   6.8959016e-02   6.5517670e-01
   6.6664630e-02   9.3333537e-01   0.0000000e+00
   4.0000041e-01   5.9999959e-01   0.0000000e+00
   3.1031228e-01   1.0341446e-04   6.8958431e-01
   1.3792932e-01   1.3792927e-01   7.2414141e-01
   1.3793213e-01   4.8275450e-01   3.7931337e-01
   3.7930642e-01   1.0344923e-01   5.1724435e-01
   1.0335544e-04   3.4479335e-01   6.5510330e-01
   8.6207020e-01   1.3792980e-01   0.0000000e+00
   1.7241358e-01   3.4482767e-01   4.8275875e-01
   5.5172163e-01   1.0344885e-01   3.4482951e-01
   1.0344456e-01   5.5172646e-01   3.4482898e-01
   6.2062540e-01   1.0318872e-04   3.7927141e-01
   1.0344385e-01   3.7931221e-01   5.1724394e-01
   5.9999993e-01   4.0000007e-01   0.0000000e+00
   2.7586230e-01   3.4482737e-01   3.7931033e-01
   3.4483058e-01   1.7240665e-01   4.8276277e-01
   2.0689566e-01   1.7241407e-01   6.2069027e-01
   4.4827543e-01   6.8965567e-02   4.8275900e-01
   6.5517507e-01   3.4478948e-02   3.1034599e-01
   1.3793033e-01   3.1034484e-01   5.5172483e-01
   3.4482841e-01   6.8963475e-02   5.8620811e-01
   7.3332505e-01   2.6667495e-01   0.0000000e+00
   3.5714563e-01   6.4285437e-01   0.0000000e+00
   5.5555701e-01   4.4444299e-01   0.0000000e+00
   9.3333428e-01   6.6665721e-02   0.0000000e+00
   6.9230776e-01   3.0769224e-01   0.0000000e+00
   4.4444481e-01   5.5555519e-01   0.0000000e+00
   5.7954437e-01   1.7045556e-01   2.5000007e-01
   4.4822947e-01   1.0341469e-04   5.5166712e-01
   6.8959625e-02   4.4827877e-01   4.8276161e-01
   2.4134917e-01   1.0337164e-04   7.5854746e-01
   2.6923263e-01   7.3076737e-01   0.0000000e+00
   1.4285146e-01   8.5714854e-01   0.0000000e+00
   3.4478236e-02   3.7931199e-01   5.8620978e-01
   2.3333162e-01   7.6666838e-01   0.0000000e+00
   3.1034182e-01   2.7586327e-01   4.1379491e-01
   6.2068050e-01   1.0345111e-01   2.7586838e-01
   4.1379285e-01   2.4137922e-01   3.4482793e-01
   9.9985351e-05   9.9990001e-01   0.0000000e+00
   6.8963508e-02   3.1034535e-01   6.2069114e-01
   3.4483738e-01   3.7930467e-01   2.7585795e-01
   6.8946523e-02   6.5518584e-01   2.7586764e-01
   2.7586229e-01   4.1379274e-01   3.1034497e-01
   2.4137933e-01   2.0689649e-01   5.5172418e-01
   5.5172549e-01   3.4480190e-02   4.1379432e-01
   2.0689239e-01   3.7931234e-01   4.1379527e-01
   1.0095080e-04   6.0707559e-01   3.9282346e-01
   5.3328088e-01   9.9880943e-05   4.6661924e-01
   3.4482555e-01   3.1034622e-01   3.4482823e-01
   3.3331686e-02   2.6667631e-01   6.9999201e-01
   2.0689429e-01   2.7586200e-01   5.1724371e-01
   5.0000010e-01   4.9999990e-01   0.0000000e+00
   1.3636018e-01   6.1363974e-01   2.5000007e-01
   9.9832655e-05   5.3327778e-01   4.6662239e-01
   1.3331992e-01   9.7202926e-05   8.6658287e-01
   2.0689682e-01   1.0344681e-01   6.8965637e-01
   1.3792928e-01   2.4137953e-01   6.2069120e-01
   1.0000464e-01   8.9999536e-01   0.0000000e+00
   6.8962483e-02   5.1724306e-01   4.1379445e-01
   6.8182477e-01   6.8175152e-02   2.5000007e-01
   4.4827554e-01   2.7586221e-01   2.7586225e-01
   9.8739946e-05   1.6665020e-01   8.3325106e-01
   8.1481690e-01   1.8518310e-01   0.0000000e+00
   2.4137706e-01   3.1034601e-01   4.4827693e-01
   1.0335156e-04   6.8958448e-01   3.1031217e-01
   1.7241289e-01   3.4481474e-02   7.9310564e-01
   2.0689745e-01   4.4827345e-01   3.4482909e-01
   4.1379231e-01   1.3793085e-01   4.4827684e-01
   3.9285740e-01   3.5714252e-01   2.5000007e-01
   1.0000998e-01   6.6673334e-02   8.3331668e-01
   3.1034486e-01   1.3793100e-01   5.5172414e-01
   1.3793133e-01   4.1379185e-01   4.4827683e-01
   3.7931008e-01   2.0689561e-01   4.1379431e-01
   4.8275986e-01   1.0344539e-01   4.1379475e-01
   3.1033769e-01   6.8966231e-01   0.0000000e+00
   1.0344810e-01   2.0689651e-01   6.8965539e-01
   6.6665303e-02   1.3156169e-05   9.3332154e-01
   3.0681704e-01   4.4318288e-01   2.5000007e-01
   1.0342600e-04   2.4134911e-01   7.5854746e-01
   5.1135830e-01   2.3864163e-01   2.5000007e-01
   1.0340626e-04   4.4822948e-01   5.5166712e-01
   2.4658518e-01   5.0341475e-01   2.5000007e-01
   7.4989786e-01   1.0206191e-04   2.5000007e-01
   9.2458626e-05   9.9983639e-02   8.9992390e-01
   1.0208564e-04   7.4989784e-01   2.5000007e-01
   9.0993797e-05   9.5928128e-05   9.9981308e-01
