   1.0343581e-04   3.1031245e-01   6.8958412e-01
   1.9230829e-01   8.0769171e-01   0.0000000e+00
   7.3333159e-01   2.6666841e-01   0.0000000e+00
   2.4138100e-01   3.7930600e-01   3.7931300e-01
   4.6666660e-01   5.3333340e-01   0.0000000e+00
   9.9930158e-05   9.9990007e-01   0.0000000e+00
   1.3791821e-01   4.8276582e-01   3.7931598e-01
   3.7930997e-01   2.4137946e-01   3.7931057e-01
   6.8956044e-02   3.7931419e-01   5.5172977e-01
   8.0769190e-01   1.9230810e-01   0.0000000e+00
   1.7241390e-01   1.7241324e-01   6.5517285e-01
   6.9230790e-01   3.0769210e-01   0.0000000e+00
   3.1034551e-01   2.4137764e-01   4.4827685e-01
   9.0000060e-01   9.9999399e-02   0.0000000e+00
   3.9286166e-01   3.2143238e-01   2.8570595e-01
   1.7045705e-01   5.7954295e-01   2.5000000e-01
   6.2068994e-01   6.8965088e-02   3.1034497e-01
   5.5172628e-01   1.3792769e-01   3.1034603e-01
   6.6666753e-02   1.6666629e-01   7.6666696e-01
   3.1034436e-01   3.4482789e-01   3.4482775e-01
   6.5510464e-01   1.0342621e-04   3.4479193e-01
   9.6666863e-01   3.3331367e-02   0.0000000e+00
   1.0227351e-01   6.4772649e-01   2.5000000e-01
   1.0341311e-04   5.8614623e-01   4.1375036e-01
   2.3333190e-01   7.6666810e-01   0.0000000e+00
   5.0000674e-01   2.4999326e-01   2.5000000e-01
   1.0212106e-04   7.4989788e-01   2.5000000e-01
   2.6923104e-01   7.3076896e-01   0.0000000e+00
   3.3398451e-02   6.9941182e-01   2.6718973e-01
   3.3334437e-02   9.6666556e-01   0.0000000e+00
   7.6666679e-01   2.3333321e-01   0.0000000e+00
   8.5714439e-01   1.4285561e-01   0.0000000e+00
   2.7583349e-01   1.0342610e-04   7.2406309e-01
   4.1379311e-01   2.7586207e-01   3.1034482e-01
   5.1852143e-01   4.8147857e-01   0.0000000e+00
   3.1034212e-01   6.8965788e-01   0.0000000e+00
   2.0688649e-01   3.4483198e-01   4.4828153e-01
   2.4137704e-01   2.7585956e-01   4.8276340e-01
   2.7586260e-01   6.8963709e-02   6.5517369e-01
   3.5713693e-01   3.9286307e-01   2.5000000e-01
   3.5714489e-01   6.4285511e-01   0.0000000e+00
   2.0689343e-01   2.4138025e-01   5.5172632e-01
   4.8275884e-01   1.0344787e-01   4.1379329e-01
   3.7931061e-01   6.8964868e-02   5.5172452e-01
   2.0689694e-01   5.1724049e-01   2.7586257e-01
   4.3332548e-01   5.6667452e-01   0.0000000e+00
   6.6666747e-02   9.3333325e-01   0.0000000e+00
   6.1363680e-01   1.3636320e-01   2.5000000e-01
   3.9999963e-01   6.0000037e-01   0.0000000e+00
   4.4827141e-01   6.8965193e-02   4.8276340e-01
   5.6666641e-01   4.3333359e-01   0.0000000e+00
   1.7241087e-01   4.1379457e-01   4.1379456e-01
   6.4285678e-01   3.5714322e-01   0.0000000e+00
   1.3792898e-01   3.7930762e-01   4.8276340e-01
   2.0689654e-01   6.8965511e-02   7.2413795e-01
   6.8966053e-01   3.4475971e-02   2.7586349e-01
   2.4137954e-01   1.3793040e-01   6.2069006e-01
   3.3347003e-02   4.3309811e-01   5.3355488e-01
   6.0000001e-01   3.9999999e-01   0.0000000e+00
   1.4285751e-01   8.5714249e-01   0.0000000e+00
   1.3792310e-01   3.1038426e-01   5.5169264e-01
   4.8270878e-01   1.0332750e-04   5.1718789e-01
   1.3793063e-01   2.4137934e-01   6.2069003e-01
   9.9990002e-01   9.9980185e-05   0.0000000e+00
   7.4989778e-01   1.0222455e-04   2.5000000e-01
   9.9999891e-02   6.6666592e-02   8.3333352e-01
   3.4479196e-01   1.0340237e-04   6.5510463e-01
   3.1034483e-01   1.0344827e-01   5.8620689e-01
   5.1724241e-01   2.0689613e-01   2.7586146e-01
   2.7272674e-01   4.7727326e-01   2.5000000e-01
   4.6429862e-01   1.7854839e-01   3.5715298e-01
   9.9954645e-05   1.3334167e-01   8.6655838e-01
   9.3333001e-01   6.6669993e-02   0.0000000e+00
   3.3333233e-02   6.6666536e-02   9.0000023e-01
   3.4482794e-01   1.3793062e-01   5.1724144e-01
   2.7586150e-01   2.0689604e-01   5.1724246e-01
   1.0341369e-04   3.7927105e-01   6.2062554e-01
   4.1379311e-01   1.3793103e-01   4.4827586e-01
   5.8619406e-01   3.4483820e-02   3.7932212e-01
   1.0344468e-01   4.4827765e-01   4.4827767e-01
   3.4482854e-02   2.4137722e-01   7.2413993e-01
   1.0344829e-01   2.0689680e-01   6.8965491e-01
   6.8965503e-02   6.2068967e-01   3.1034482e-01
   1.0000003e-01   8.9999997e-01   0.0000000e+00
   3.6305650e-01   2.0127597e-01   4.3566752e-01
   1.0344804e-01   5.5172428e-01   3.4482768e-01
   6.8963038e-02   5.1724276e-01   4.1379420e-01
   4.1375051e-01   1.0334859e-04   5.8614614e-01
   5.3567057e-01   1.0038568e-04   4.6422904e-01
   1.0343660e-04   6.5510463e-01   3.4479193e-01
   2.7586189e-01   4.1379347e-01   3.1034463e-01
   2.0689759e-01   4.4827309e-01   3.4482932e-01
   1.3792999e-01   1.0344745e-01   7.5862256e-01
   7.2097255e-05   1.9999373e-01   7.9993417e-01
   1.9998544e-01   8.0373395e-05   7.9993419e-01
   6.8964417e-02   3.1034520e-01   6.2069039e-01
   9.9841030e-05   4.9996145e-01   4.9993871e-01
   2.7586301e-01   3.1034442e-01   4.1379257e-01
   9.9991238e-02   7.8580218e-05   8.9993018e-01
   8.8901573e-05   7.6320003e-05   9.9983478e-01
