   3.7931259e-01   2.7585778e-01   3.4482963e-01
   3.4482834e-01   2.4137768e-01   4.1379398e-01
   1.9230757e-01   8.0769243e-01   0.0000000e+00
   9.3333050e-01   6.6669499e-02   0.0000000e+00
   8.5714535e-01   1.4285465e-01   0.0000000e+00
   9.9990029e-01   9.9706448e-05   0.0000000e+00
   6.8961603e-02   4.4827769e-01   4.8276071e-01
   4.0000020e-01   5.9999980e-01   0.0000000e+00
   2.3333394e-01   7.6666606e-01   0.0000000e+00
   3.1036224e-01   1.0344567e-01   5.8619209e-01
   6.5516528e-01   3.4483472e-01   0.0000000e+00
   2.4137741e-01   2.0689685e-01   5.5172574e-01
   9.9681337e-05   9.9990032e-01   0.0000000e+00
   7.0000060e-01   2.9999940e-01   0.0000000e+00
   4.8147556e-01   5.1852444e-01   0.0000000e+00
   8.0770198e-01   1.9229802e-01   0.0000000e+00
   3.1034030e-01   6.8965970e-01   0.0000000e+00
   6.6666730e-02   9.3333327e-01   0.0000000e+00
   2.4137621e-01   4.1380067e-01   3.4482313e-01
   9.6666665e-01   3.3333345e-02   0.0000000e+00
   1.3792711e-01   1.7241365e-01   6.8965923e-01
   5.8620782e-01   6.8964050e-02   3.4482813e-01
   2.6923027e-01   7.3076973e-01   0.0000000e+00
   6.0714287e-01   3.9285713e-01   0.0000000e+00
   3.4479443e-01   1.0335450e-04   6.5510221e-01
   1.9998076e-01   9.9932560e-05   7.9991930e-01
   6.6667112e-02   1.3333399e-01   7.9999889e-01
   3.7931057e-01   3.4474153e-02   5.8621528e-01
   2.7583264e-01   1.0320240e-04   7.2406416e-01
   3.3330972e-02   9.6666903e-01   0.0000000e+00
   4.3333426e-01   5.6666574e-01   0.0000000e+00
   1.0344377e-01   4.8276104e-01   4.1379518e-01
   2.0689607e-01   4.8275916e-01   3.1034476e-01
   8.9999922e-01   1.0000078e-01   0.0000000e+00
   1.7241389e-01   3.4482718e-01   4.8275893e-01
   1.3792798e-01   4.1379457e-01   4.4827745e-01
   4.3294907e-01   6.6712171e-02   5.0033876e-01
   3.9988040e-01   2.0003953e-01   4.0008007e-01
   1.3792899e-01   5.1724261e-01   3.4482840e-01
   7.6666868e-01   2.3333132e-01   0.0000000e+00
   3.4486626e-01   1.3792291e-01   5.1721083e-01
   4.6661477e-01   9.9711973e-05   5.3328552e-01
   1.3792621e-01   3.1034474e-01   5.5172906e-01
   5.7137625e-01   1.0082089e-04   4.2852293e-01
   9.9999983e-02   6.6664590e-02   8.3333543e-01
   5.1724247e-01   3.4480717e-02   4.4827681e-01
   1.0343192e-04   3.1031253e-01   6.8958404e-01
   4.4828338e-01   2.4137595e-01   3.1034067e-01
   1.7240631e-01   4.4827991e-01   3.7931378e-01
   6.8963720e-02   5.5172495e-01   3.7931133e-01
   1.0344833e-01   2.7586169e-01   6.2068998e-01
   6.8182000e-02   6.8181796e-01   2.5000004e-01
   4.4827983e-01   1.7240649e-01   3.7931368e-01
   7.3333721e-01   2.6666279e-01   0.0000000e+00
   3.5714252e-01   6.4285748e-01   0.0000000e+00
   2.4138045e-01   3.1034435e-01   4.4827520e-01
   5.7955023e-01   1.7044974e-01   2.5000004e-01
   4.1379386e-01   3.1034442e-01   2.7586172e-01
   1.0080914e-04   4.2852993e-01   5.7136926e-01
   3.4482758e-01   3.4482765e-01   3.1034476e-01
   1.0340799e-04   6.5510464e-01   3.4479195e-01
   2.7586294e-01   6.8962789e-02   6.5517427e-01
   2.0689611e-01   2.7586263e-01   5.1724126e-01
   1.0344830e-01   3.7931009e-01   5.1724162e-01
   5.1724060e-01   1.0344790e-01   3.7931150e-01
   5.6666149e-01   4.3333851e-01   0.0000000e+00
   9.9999852e-02   9.0000015e-01   0.0000000e+00
   6.2069099e-01   1.0344639e-01   2.7586262e-01
   1.7241449e-01   2.0689063e-01   6.2069487e-01
   6.8963592e-02   2.0689608e-01   7.2414033e-01
   2.0689500e-01   6.8964679e-02   7.2414033e-01
   5.3333348e-01   4.6666652e-01   0.0000000e+00
   1.0336399e-04   5.8614575e-01   4.1375089e-01
   3.7098169e-05   9.9993402e-02   8.9996950e-01
   1.0329192e-04   5.1718703e-01   4.8270968e-01
   3.1034479e-01   3.1034487e-01   3.7931034e-01
   1.7856796e-01   5.7143200e-01   2.5000004e-01
   6.5510471e-01   1.0333749e-04   3.4479195e-01
   9.9993912e-05   2.3331953e-01   7.6658048e-01
   2.0689018e-01   3.7931335e-01   4.1379647e-01
   3.1034421e-01   4.1379401e-01   2.7586177e-01
   7.3185958e-05   1.6665230e-01   8.3327451e-01
   2.8571110e-01   4.6428887e-01   2.5000004e-01
   4.1379268e-01   1.3793050e-01   4.4827682e-01
   2.4138147e-01   1.3792663e-01   6.2069190e-01
   1.4285581e-01   8.5714419e-01   0.0000000e+00
   2.7586248e-01   3.7930943e-01   3.4482809e-01
   7.4989791e-01   1.0205344e-04   2.5000004e-01
   2.7586218e-01   2.4137927e-01   4.8275855e-01
   6.8181781e-01   6.8182154e-02   2.5000004e-01
   1.0344724e-01   6.2069019e-01   2.7586257e-01
   1.0223374e-04   7.4989773e-01   2.5000004e-01
   5.1724146e-01   1.7241376e-01   3.1034478e-01
   1.3334631e-01   1.0000941e-01   7.6664428e-01
   6.6636585e-02   9.1930721e-05   9.3327148e-01
   3.4482793e-02   3.4482690e-01   6.2069030e-01
   1.3331526e-01   7.6564833e-05   8.6660817e-01
   3.9283247e-01   3.5716750e-01   2.5000004e-01
   5.0733868e-01   2.4266129e-01   2.5000004e-01
   8.8355929e-05   9.8451322e-05   9.9981319e-01
