   4.8148112e-01   5.1851888e-01   0.0000000e+00
   3.7930908e-01   3.4482830e-01   2.7586263e-01
   4.1379406e-01   2.7586161e-01   3.1034433e-01
   1.8518552e-01   8.1481448e-01   0.0000000e+00
   5.4545253e-01   2.0454607e-01   2.5000139e-01
   9.3333660e-01   6.6663403e-02   0.0000000e+00
   5.1724408e-01   1.0344359e-01   3.7931233e-01
   3.7931182e-01   6.8960960e-02   5.5172722e-01
   9.9990020e-01   9.9803701e-05   0.0000000e+00
   5.3333226e-01   4.6666774e-01   0.0000000e+00
   7.3076369e-01   2.6923631e-01   0.0000000e+00
   6.4285708e-01   3.5714292e-01   0.0000000e+00
   7.6667576e-01   2.3332424e-01   0.0000000e+00
   2.3077234e-01   7.6922766e-01   0.0000000e+00
   5.6666380e-01   4.3333620e-01   0.0000000e+00
   8.5714692e-01   1.4285308e-01   0.0000000e+00
   3.9999960e-01   6.0000040e-01   0.0000000e+00
   6.8965755e-01   3.1034245e-01   0.0000000e+00
   5.8620779e-01   1.0344690e-01   3.1034531e-01
   2.4137953e-01   4.8275816e-01   2.7586232e-01
   1.0341828e-04   2.7583329e-01   7.2406329e-01
   2.6923272e-01   7.3076728e-01   0.0000000e+00
   1.7241332e-01   1.7241383e-01   6.5517284e-01
   2.7586112e-01   3.7931085e-01   3.4482803e-01
   3.4482761e-02   3.1034440e-01   6.5517284e-01
   3.3332563e-02   9.6666744e-01   0.0000000e+00
   3.2142347e-01   4.2857513e-01   2.5000139e-01
   4.4317731e-01   3.0682129e-01   2.5000139e-01
   6.6660035e-02   9.3333996e-01   0.0000000e+00
   2.7586089e-01   2.0689697e-01   5.1724214e-01
   6.0000095e-01   3.9999905e-01   0.0000000e+00
   1.3636405e-01   6.1363456e-01   2.5000139e-01
   1.0344807e-01   2.7586213e-01   6.2068980e-01
   1.0338119e-04   6.8958399e-01   3.1031263e-01
   4.3333436e-01   5.6666564e-01   0.0000000e+00
   2.3331082e-01   9.9884028e-05   7.6658929e-01
   1.3792412e-01   8.6207588e-01   0.0000000e+00
   5.1726074e-01   1.7240685e-01   3.1033242e-01
   6.6660681e-02   4.6667194e-01   4.6666738e-01
   6.8965352e-01   3.4482943e-02   2.7586353e-01
   9.6666662e-01   3.3333385e-02   0.0000000e+00
   1.0000013e-01   8.9999987e-01   0.0000000e+00
   1.7241528e-01   4.1378803e-01   4.1379669e-01
   9.9456872e-05   9.9989862e-02   8.9991068e-01
   3.6666661e-01   6.3333339e-01   0.0000000e+00
   2.0454475e-01   5.4545385e-01   2.5000139e-01
   1.3792845e-01   3.1034573e-01   5.5172583e-01
   8.0769198e-01   1.9230802e-01   0.0000000e+00
   3.7931044e-01   2.4137912e-01   3.7931044e-01
   9.9849031e-05   4.3328981e-01   5.6661034e-01
   2.4137512e-01   1.7241144e-01   5.8621344e-01
   1.7241405e-01   3.4482747e-01   4.8275848e-01
   5.0118860e-01   3.3411069e-02   4.6540033e-01
   1.0223414e-04   7.4989637e-01   2.5000139e-01
   3.5714462e-01   1.7855850e-01   4.6429687e-01
   6.1363525e-01   1.3636335e-01   2.5000139e-01
   3.1999924e-01   6.8000076e-01   0.0000000e+00
   6.5510465e-01   1.0338197e-04   3.4479197e-01
   1.6665049e-01   9.9953734e-05   8.3324956e-01
   3.3333229e-02   1.3333332e-01   8.3333345e-01
   1.0338442e-04   5.1718763e-01   4.8270898e-01
   4.4827680e-01   1.3792921e-01   4.1379399e-01
   2.4137813e-01   3.4482812e-01   4.1379375e-01
   1.0344777e-01   5.5172445e-01   3.4482778e-01
   2.0689539e-01   2.4137967e-01   5.5172495e-01
   5.6661268e-01   9.9989265e-05   4.3328734e-01
   1.0340801e-04   3.7927101e-01   6.2062559e-01
   9.0000060e-01   9.9999396e-02   0.0000000e+00
   1.0339302e-04   6.2062540e-01   3.7927120e-01
   3.1034567e-01   2.7586173e-01   4.1379260e-01
   1.0336248e-04   2.0687513e-01   7.9302151e-01
   2.4137822e-01   2.7586335e-01   4.8275843e-01
   3.4480630e-02   5.5172535e-01   4.1379402e-01
   7.4989642e-01   1.0218861e-04   2.5000139e-01
   4.1379421e-01   1.0344710e-01   4.8275869e-01
   3.1034548e-01   1.3792931e-01   5.5172521e-01
   1.3333526e-01   1.0000207e-01   7.6666267e-01
   6.8964207e-02   2.4137856e-01   6.8965723e-01
   4.6423882e-01   1.0041376e-04   5.3566077e-01
   9.9812908e-05   9.9990019e-01   0.0000000e+00
   3.4482697e-01   3.1034513e-01   3.4482790e-01
   5.8621203e-01   3.4474315e-02   3.7931366e-01
   3.7927107e-01   1.0334571e-04   6.2062559e-01
   4.8277794e-01   2.4137031e-01   2.7585175e-01
   1.3792914e-01   4.8275969e-01   3.7931117e-01
   2.4138019e-01   1.0344636e-01   6.5517345e-01
   4.4828048e-01   2.0688839e-01   3.4483113e-01
   1.0000009e-01   6.6666462e-02   8.3333345e-01
   3.1031207e-01   1.0337493e-04   6.8958456e-01
   6.8960776e-02   3.4482471e-01   5.8621451e-01
   2.0689562e-01   6.8964779e-02   7.2413960e-01
   3.1034473e-01   6.8965475e-02   6.2068980e-01
   2.0689641e-01   4.4827592e-01   3.4482767e-01
   3.3332010e-02   3.3327092e-02   9.3334090e-01
   1.7240488e-01   5.1726580e-01   3.1032932e-01
   6.8964797e-02   6.5517289e-01   2.7586231e-01
   9.9989756e-02   9.9563314e-05   8.9991068e-01
   1.0344886e-01   3.7930901e-01   5.1724213e-01
   8.7723661e-05   9.8201065e-05   9.9981408e-01
   1.0344783e-01   1.7241257e-01   7.2413960e-01
