   2.0689633e-01   6.8965170e-02   7.2413850e-01
   4.8275862e-01   2.0689656e-01   3.1034483e-01
   6.0000230e-01   3.9999770e-01   0.0000000e+00
   9.3333356e-01   6.6666443e-02   0.0000000e+00
   1.3636114e-01   6.1363886e-01   2.5000000e-01
   3.0769494e-01   6.9230506e-01   0.0000000e+00
   1.0344667e-01   3.7931102e-01   5.1724231e-01
   9.9914384e-05   9.9990964e-02   8.9990912e-01
   6.5510468e-01   1.0342204e-04   3.4479190e-01
   7.4989777e-01   1.0222729e-04   2.5000000e-01
   4.1379333e-01   1.3793056e-01   4.4827611e-01
   2.7586166e-01   3.1034584e-01   4.1379250e-01
   1.0343242e-04   5.5166707e-01   4.4822950e-01
   1.8518207e-01   8.1481793e-01   0.0000000e+00
   9.9990002e-01   9.9982345e-05   0.0000000e+00
   8.0769333e-01   1.9230667e-01   0.0000000e+00
   4.4827509e-01   2.7586332e-01   2.7586159e-01
   2.0454473e-01   5.4545527e-01   2.5000000e-01
   6.8960812e-02   4.8276106e-01   4.4827813e-01
   5.1136221e-01   2.3863779e-01   2.5000000e-01
   6.6664575e-02   9.3333543e-01   0.0000000e+00
   1.6795831e-01   4.7028743e-01   3.6175426e-01
   1.0342961e-04   6.5510467e-01   3.4479190e-01
   9.9991019e-02   9.9859451e-05   8.9990912e-01
   6.8965414e-01   3.1034586e-01   0.0000000e+00
   3.1034467e-01   4.1379341e-01   2.7586193e-01
   1.0344697e-01   1.3792947e-01   7.5862356e-01
   3.5714389e-01   6.4285611e-01   0.0000000e+00
   2.6667331e-01   3.3331843e-02   6.9999484e-01
   6.4285717e-01   3.5714283e-01   0.0000000e+00
   4.6540046e-01   3.3410195e-02   5.0118935e-01
   1.0216750e-04   7.4989783e-01   2.5000000e-01
   4.6666692e-01   5.3333308e-01   0.0000000e+00
   6.6982627e-02   4.3062537e-01   5.0239200e-01
   2.8571124e-01   4.6428876e-01   2.5000000e-01
   7.3076960e-01   2.6923040e-01   0.0000000e+00
   5.6666489e-01   4.3333511e-01   0.0000000e+00
   7.6666616e-01   2.3333384e-01   0.0000000e+00
   9.9885689e-05   9.9990011e-01   0.0000000e+00
   2.3331238e-01   9.9988170e-05   7.6658763e-01
   2.3076953e-01   7.6923047e-01   0.0000000e+00
   2.0689648e-01   2.7586232e-01   5.1724120e-01
   8.5714287e-01   1.4285713e-01   0.0000000e+00
   1.3792472e-01   2.4138108e-01   6.2069420e-01
   3.7931019e-01   3.1034490e-01   3.1034490e-01
   3.9999948e-01   6.0000052e-01   0.0000000e+00
   1.3793014e-01   8.6206986e-01   0.0000000e+00
   5.1851994e-01   4.8148006e-01   0.0000000e+00
   9.9999437e-02   9.0000056e-01   0.0000000e+00
   1.0344686e-01   5.8620782e-01   3.1034532e-01
   9.6666693e-01   3.3333072e-02   0.0000000e+00
   2.0689788e-01   3.7930637e-01   4.1379575e-01
   6.8181628e-01   6.8183718e-02   2.5000000e-01
   3.4479196e-01   1.0337268e-04   6.5510466e-01
   2.0688783e-01   4.8278043e-01   3.1033174e-01
   1.3793113e-01   1.7241309e-01   6.8965578e-01
   3.3333359e-02   2.0000000e-01   7.6666664e-01
   2.6666551e-01   7.3333449e-01   0.0000000e+00
   1.0104197e-04   3.9281300e-01   6.0708595e-01
   6.2068966e-01   1.0344826e-01   2.7586207e-01
   4.3333243e-01   5.6666757e-01   0.0000000e+00
   6.6666599e-02   1.0000012e-01   8.3333328e-01
   2.7585913e-01   3.7931189e-01   3.4482898e-01
   9.9902865e-05   1.6664999e-01   8.3325010e-01
   5.3565834e-01   1.0042676e-04   4.6424123e-01
   2.7586326e-01   2.0689314e-01   5.1724361e-01
   3.9285905e-01   3.5714095e-01   2.5000000e-01
   5.7954348e-01   1.7045652e-01   2.5000000e-01
   1.3333231e-01   6.6666141e-02   8.0000155e-01
   3.3330511e-02   9.6666949e-01   0.0000000e+00
   8.9999881e-01   1.0000119e-01   0.0000000e+00
   4.4828240e-01   1.7240176e-01   3.7931583e-01
   1.0344458e-01   5.1724351e-01   3.7931191e-01
   3.4482550e-02   3.1034489e-01   6.5517256e-01
   3.4480040e-02   6.8965711e-01   2.7586285e-01
   3.4482752e-02   5.8620690e-01   3.7931035e-01
   4.2853087e-01   1.0072875e-04   5.7136840e-01
   3.4482698e-01   1.7241346e-01   4.8275957e-01
   2.4137929e-01   1.0344827e-01   6.5517244e-01
   3.7931428e-01   2.0688852e-01   4.1379721e-01
   3.4482768e-01   2.7586186e-01   3.7931045e-01
   3.1034189e-01   6.8965868e-02   6.2069225e-01
   3.7931161e-01   1.0344529e-01   5.1724310e-01
   1.0344793e-01   3.1034714e-01   5.8620493e-01
   2.0689646e-01   2.0689646e-01   5.8620708e-01
   1.6664995e-01   9.9946853e-05   8.3325010e-01
   2.7586196e-01   1.3793096e-01   5.8620708e-01
   4.8275934e-01   1.0344695e-01   4.1379371e-01
   1.0339391e-04   2.7583316e-01   7.2406345e-01
   9.9961969e-05   4.6662033e-01   5.3327971e-01
   5.8621166e-01   3.4474825e-02   3.7931351e-01
   5.1724471e-01   1.3792858e-01   3.4482670e-01
   1.7241363e-01   3.4482822e-01   4.8275815e-01
   1.3792432e-01   4.4828734e-01   4.1378834e-01
   9.6737878e-05   9.7659619e-05   9.9980560e-01
   3.3329765e-02   3.3329765e-02   9.3334047e-01
   3.4482759e-01   3.4482759e-01   3.1034483e-01
   6.8961643e-02   2.4137914e-01   6.8965922e-01
   3.1034785e-01   2.4137410e-01   4.4827806e-01
   4.1379596e-01   2.4137408e-01   3.4482996e-01
