   9.9990018e-01   9.9815411e-05   0.0000000e+00
   1.3792966e-01   8.6207034e-01   0.0000000e+00
   2.0689417e-01   1.7241072e-01   6.2069511e-01
   3.3332873e-02   9.6666713e-01   0.0000000e+00
   5.7954546e-01   1.7045454e-01   2.5000000e-01
   9.9872589e-05   5.6661584e-01   4.3328429e-01
   6.8959832e-02   5.1724454e-01   4.1379563e-01
   1.7241341e-01   4.4827607e-01   3.7931053e-01
   4.6666330e-01   6.6664599e-02   4.6667210e-01
   9.6666671e-01   3.3333293e-02   0.0000000e+00
   5.8620830e-01   6.8963283e-02   3.4482841e-01
   1.3792988e-01   5.1724207e-01   3.4482804e-01
   1.0005691e-01   4.3301417e-01   4.6692892e-01
   6.8000591e-01   3.1999409e-01   0.0000000e+00
   9.3333365e-01   6.6666345e-02   0.0000000e+00
   1.0308202e-04   3.4479243e-01   6.5510449e-01
   1.0000075e-01   8.9999925e-01   0.0000000e+00
   3.9999987e-01   6.0000013e-01   0.0000000e+00
   4.2852829e-01   1.0080914e-04   5.7137090e-01
   2.3076428e-01   7.6923572e-01   0.0000000e+00
   2.7586195e-01   6.8965589e-02   6.5517246e-01
   1.3791898e-01   6.8959441e-02   7.9312157e-01
   5.9999986e-01   4.0000014e-01   0.0000000e+00
   1.0226855e-01   6.4773144e-01   2.5000000e-01
   7.3076928e-01   2.6923072e-01   0.0000000e+00
   4.1379303e-01   2.7586218e-01   3.1034478e-01
   3.4399992e-02   3.8079729e-01   5.8480272e-01
   3.4482501e-01   3.1034605e-01   3.4482894e-01
   3.0769234e-01   6.9230766e-01   0.0000000e+00
   2.7586187e-01   4.4827625e-01   2.7586187e-01
   6.4772449e-01   1.0227551e-01   2.5000000e-01
   2.0689652e-01   3.1034495e-01   4.8275854e-01
   2.4137944e-01   2.4137930e-01   5.1724126e-01
   3.4090788e-01   4.0909212e-01   2.5000000e-01
   1.0344679e-01   2.7585810e-01   6.2069511e-01
   6.3333709e-01   3.6666291e-01   0.0000000e+00
   6.6666643e-02   9.3333336e-01   0.0000000e+00
   6.8965699e-02   5.8620580e-01   3.4482850e-01
   1.3793094e-01   2.0689653e-01   6.5517253e-01
   7.4989802e-01   1.0197789e-04   2.5000000e-01
   1.8518509e-01   8.1481491e-01   0.0000000e+00
   6.8958387e-01   1.0341651e-04   3.1031271e-01
   1.0223380e-04   7.4989777e-01   2.5000000e-01
   2.6666728e-01   7.3333272e-01   0.0000000e+00
   9.0000002e-01   9.9999978e-02   0.0000000e+00
   5.0000014e-01   4.9999986e-01   0.0000000e+00
   3.4469449e-02   6.8966473e-01   2.7586582e-01
   2.0454546e-01   5.4545454e-01   2.5000000e-01
   1.0323175e-04   2.4134558e-01   7.5855119e-01
   2.0689675e-01   3.7930976e-01   4.1379349e-01
   2.3331402e-01   9.9852731e-05   7.6658612e-01
   8.1481766e-01   1.8518234e-01   0.0000000e+00
   6.2062561e-01   1.0335442e-04   3.7927104e-01
   6.6666857e-01   6.6661803e-02   2.6666963e-01
   1.0331907e-04   6.5510463e-01   3.4479205e-01
   3.1031301e-01   1.0328575e-04   6.8958371e-01
   3.5714240e-01   6.4285760e-01   0.0000000e+00
   5.1723219e-01   2.0690050e-01   2.7586731e-01
   1.3793120e-01   3.7930961e-01   4.8275919e-01
   1.3792576e-01   5.8621058e-01   2.7586366e-01
   8.6207812e-01   1.3792188e-01   0.0000000e+00
   3.4481220e-01   2.0689671e-01   4.4829109e-01
   6.6664394e-02   1.3333166e-01   8.0000394e-01
   2.7586416e-01   1.3793198e-01   5.8620387e-01
   2.4138073e-01   4.1378966e-01   3.4482961e-01
   3.4482501e-01   3.4479887e-02   6.2069511e-01
   3.7931022e-01   1.3793106e-01   4.8275872e-01
   2.0689303e-01   4.8276740e-01   3.1033957e-01
   9.9900402e-05   1.6665315e-01   8.3324695e-01
   3.4481624e-02   2.7586221e-01   6.8965616e-01
   7.6923200e-01   2.3076800e-01   0.0000000e+00
   3.4482746e-02   4.8275863e-01   4.8275863e-01
   3.1033948e-01   1.7241432e-01   5.1724620e-01
   1.0344676e-01   1.7241433e-01   7.2413891e-01
   9.9919733e-05   9.9990008e-01   0.0000000e+00
   4.6428750e-01   2.8571250e-01   2.5000000e-01
   3.4482634e-01   1.0344718e-01   5.5172648e-01
   4.1379983e-01   1.7240008e-01   4.1380009e-01
   4.4827920e-01   2.0689117e-01   3.4482963e-01
   2.7586150e-01   3.4482786e-01   3.7931064e-01
   1.3793033e-01   3.1034319e-01   5.5172648e-01
   2.0689619e-01   6.8965167e-02   7.2413864e-01
   3.1033842e-01   2.7586471e-01   4.1379688e-01
   5.5555349e-01   4.4444651e-01   0.0000000e+00
   5.1718760e-01   1.0322492e-04   4.8270917e-01
   5.5172377e-01   1.3793115e-01   3.1034508e-01
   4.4444374e-01   5.5555626e-01   0.0000000e+00
   1.7241679e-01   2.4137934e-01   5.8620387e-01
   3.7931140e-01   3.4482700e-01   2.7586160e-01
   3.7931387e-01   2.4137226e-01   3.7931388e-01
   1.7241260e-01   1.3793123e-01   6.8965616e-01
   1.6665336e-01   9.9693109e-05   8.3324695e-01
   3.1034344e-01   3.7931300e-01   3.1034356e-01
   1.0043069e-04   4.6423357e-01   5.3566600e-01
   9.9989786e-02   9.6906765e-05   8.9991331e-01
   3.3330625e-02   9.9992328e-02   8.6667705e-01
   4.8275720e-01   1.3793167e-01   3.7931114e-01
   5.5172456e-01   3.4480426e-02   4.1379502e-01
   2.5672272e-05   6.6662128e-02   9.3331220e-01
   9.9940277e-05   6.9301978e-05   9.9983076e-01
