   7.3333330e-01   2.6666670e-01   0.0000000e+00
   4.3333305e-01   5.6666695e-01   0.0000000e+00
   9.9990021e-01   9.9791473e-05   0.0000000e+00
   3.4478178e-02   3.4482922e-01   6.2069260e-01
   4.0000003e-01   5.9999997e-01   0.0000000e+00
   7.4989775e-01   1.0224952e-04   2.5000000e-01
   4.0907870e-01   3.4092130e-01   2.5000000e-01
   9.9979183e-05   9.9990002e-01   0.0000000e+00
   2.3333359e-01   7.6666641e-01   0.0000000e+00
   3.7927093e-01   1.0322800e-04   6.2062584e-01
   3.3332103e-02   9.6666790e-01   0.0000000e+00
   1.4285565e-01   8.5714435e-01   0.0000000e+00
   8.1481667e-01   1.8518333e-01   0.0000000e+00
   9.3333710e-01   6.6662897e-02   0.0000000e+00
   3.1034494e-01   3.4482741e-01   3.4482765e-01
   2.4137992e-01   6.8963358e-02   6.8965672e-01
   3.1034304e-01   6.8965696e-01   0.0000000e+00
   6.4285734e-01   3.5714266e-01   0.0000000e+00
   8.6207011e-01   1.3792989e-01   0.0000000e+00
   1.0344855e-01   1.7241312e-01   7.2413832e-01
   1.0333805e-04   3.1031226e-01   6.8958440e-01
   1.7241424e-01   4.8275718e-01   3.4482857e-01
   6.0000002e-01   3.9999998e-01   0.0000000e+00
   4.8148053e-01   5.1851947e-01   0.0000000e+00
   6.4772783e-01   1.0227217e-01   2.5000000e-01
   6.9230769e-01   3.0769231e-01   0.0000000e+00
   1.0001134e-01   6.6674223e-02   8.3331443e-01
   6.5510466e-01   1.0338000e-04   3.4479196e-01
   3.3333057e-02   1.6667025e-01   7.9999669e-01
   4.1379404e-01   1.3792962e-01   4.4827633e-01
   1.0000101e-01   8.9999899e-01   0.0000000e+00
   5.8621061e-01   3.4476625e-02   3.7931276e-01
   3.1034563e-01   2.4137804e-01   4.4827633e-01
   2.0689723e-01   3.4482644e-01   4.4827633e-01
   1.3637731e-01   6.1362269e-01   2.5000000e-01
   4.4827547e-01   1.7241391e-01   3.7931061e-01
   9.6666895e-01   3.3331046e-02   0.0000000e+00
   6.6666806e-02   9.3333319e-01   0.0000000e+00
   4.6428812e-01   2.8571188e-01   2.5000000e-01
   2.0688944e-01   2.4138140e-01   5.5172915e-01
   1.0337755e-04   2.4135611e-01   7.5854051e-01
   1.0222401e-04   7.4989778e-01   2.5000000e-01
   1.3333391e-01   1.0000002e-01   7.6666607e-01
   3.4482676e-01   2.7586242e-01   3.7931082e-01
   3.4482709e-01   6.8963354e-02   5.8620955e-01
   5.7954373e-01   1.7045627e-01   2.5000000e-01
   5.3332970e-01   4.6667030e-01   0.0000000e+00
   1.3336102e-01   4.3332330e-01   4.3331568e-01
   3.5714164e-01   6.4285836e-01   0.0000000e+00
   3.4480005e-02   6.8965714e-01   2.7586285e-01
   1.0344823e-01   3.1034222e-01   5.8620955e-01
   2.7583293e-01   1.0336758e-04   7.2406370e-01
   1.0335300e-04   6.5510469e-01   3.4479196e-01
   1.0344588e-01   5.1724275e-01   3.7931137e-01
   1.0040324e-04   5.3565499e-01   4.6424461e-01
   2.7586210e-01   4.1379309e-01   3.1034482e-01
   2.8571426e-01   4.6428574e-01   2.5000000e-01
   3.4472971e-02   5.8621287e-01   3.7931416e-01
   5.6666685e-01   4.3333315e-01   0.0000000e+00
   1.7241305e-01   3.1034513e-01   5.1724183e-01
   5.1723773e-01   2.0689812e-01   2.7586416e-01
   9.9953779e-05   1.3332005e-01   8.6658000e-01
   4.8275990e-01   1.0344534e-01   4.1379476e-01
   2.0687117e-01   1.0298320e-04   7.9302585e-01
   3.7930775e-01   2.0689744e-01   4.1379481e-01
   5.3566068e-01   1.0020701e-04   4.6423911e-01
   1.7241333e-01   1.3793117e-01   6.8965551e-01
   6.8965751e-01   3.4479735e-02   2.7586275e-01
   3.4482729e-01   3.7931088e-01   2.7586183e-01
   5.1724143e-01   1.3793103e-01   3.4482754e-01
   6.6676589e-02   3.3340401e-02   8.9998301e-01
   1.9230356e-01   8.0769644e-01   0.0000000e+00
   1.0062600e-04   4.2854281e-01   5.7135656e-01
   1.0344644e-01   3.7931152e-01   5.1724203e-01
   4.1378884e-01   2.4138319e-01   3.4482797e-01
   1.0344766e-01   5.8620749e-01   3.1034486e-01
   2.6922859e-01   7.3077141e-01   0.0000000e+00
   5.8621244e-01   1.0344310e-01   3.1034446e-01
   3.7931046e-01   1.0344795e-01   5.1724159e-01
   9.0000185e-01   9.9998150e-02   0.0000000e+00
   7.6923325e-01   2.3076675e-01   0.0000000e+00
   6.8965452e-02   2.7586136e-01   6.5517319e-01
   3.1034474e-01   1.3793100e-01   5.5172426e-01
   2.7586229e-01   2.0689586e-01   5.1724185e-01
   2.0000273e-01   2.0000336e-01   5.9999391e-01
   3.7931089e-01   3.1034454e-01   3.1034457e-01
   4.4822989e-01   1.0342844e-04   5.5166668e-01
   4.4827526e-01   6.8965105e-02   4.8275964e-01
   3.3404459e-02   4.6541348e-01   5.0118207e-01
   3.4482733e-01   1.7241303e-01   4.8275964e-01
   2.4137863e-01   2.7586173e-01   4.8275964e-01
   2.7586295e-01   3.1034209e-01   4.1379496e-01
   6.3437117e-05   6.6642234e-02   9.3329433e-01
   1.3332077e-01   9.9592944e-05   8.6657964e-01
   2.4137378e-01   3.7931311e-01   3.7931312e-01
   1.3793024e-01   2.4137901e-01   6.2069075e-01
   2.4138074e-01   1.3792594e-01   6.2069332e-01
   3.1033630e-01   3.4481102e-02   6.5518260e-01
   2.0689708e-01   5.1724021e-01   2.7586271e-01
   8.5858171e-05   8.7218129e-05   9.9982692e-01
