   6.6683519e-02   4.3319759e-01   5.0011889e-01
   3.4482260e-02   5.1724165e-01   4.4827609e-01
   9.9865277e-05   9.9990013e-01   0.0000000e+00
   9.3333170e-01   6.6668302e-02   0.0000000e+00
   1.4285693e-01   8.5714307e-01   0.0000000e+00
   4.8274589e-01   1.7241799e-01   3.4483612e-01
   1.0340105e-04   4.1375037e-01   5.8614623e-01
   6.6666762e-02   6.6666762e-02   8.6666648e-01
   1.0344518e-01   5.5172604e-01   3.4482878e-01
   8.5714595e-01   1.4285405e-01   0.0000000e+00
   3.3389623e-02   6.9949670e-01   2.6711368e-01
   3.9999994e-01   6.0000006e-01   0.0000000e+00
   8.0769274e-01   1.9230726e-01   0.0000000e+00
   6.0000115e-01   3.9999885e-01   0.0000000e+00
   6.3333320e-01   3.6666680e-01   0.0000000e+00
   2.6923210e-01   7.3076790e-01   0.0000000e+00
   1.0227304e-01   6.4772696e-01   2.5000000e-01
   6.8965937e-01   3.4476905e-02   2.7586373e-01
   7.3076891e-01   2.6923109e-01   0.0000000e+00
   3.1031248e-01   1.0337539e-04   6.8958414e-01
   7.6666551e-01   2.3333449e-01   0.0000000e+00
   2.4138005e-01   3.4479779e-02   7.2414017e-01
   3.1034605e-01   2.4137634e-01   4.4827762e-01
   1.3793118e-01   4.1379250e-01   4.4827632e-01
   1.3793067e-01   1.3793067e-01   7.2413866e-01
   5.4545450e-01   2.0454550e-01   2.5000000e-01
   6.4773100e-01   1.0226900e-01   2.5000000e-01
   3.3331247e-02   9.6666875e-01   0.0000000e+00
   1.7241401e-01   5.1724076e-01   3.1034522e-01
   4.2857252e-01   3.2142748e-01   2.5000000e-01
   3.7927109e-01   1.0342071e-04   6.2062549e-01
   2.3333119e-01   7.6666881e-01   0.0000000e+00
   3.1034504e-01   6.8965496e-01   0.0000000e+00
   1.0223121e-04   7.4989777e-01   2.5000000e-01
   2.4137946e-01   4.8275831e-01   2.7586224e-01
   1.0344836e-01   3.1034431e-01   5.8620733e-01
   2.0454653e-01   5.4545347e-01   2.5000000e-01
   5.1851819e-01   4.8148181e-01   0.0000000e+00
   1.9230340e-01   8.0769660e-01   0.0000000e+00
   2.7586204e-01   4.1379316e-01   3.1034480e-01
   4.6668434e-01   6.6663225e-02   4.6665244e-01
   6.8000312e-01   3.1999688e-01   0.0000000e+00
   3.4482642e-02   2.0689622e-01   7.5862114e-01
   4.1379361e-01   2.4137839e-01   3.4482800e-01
   4.3333483e-01   5.6666517e-01   0.0000000e+00
   1.0339902e-04   2.7583316e-01   7.2406344e-01
   1.0344303e-01   2.4138116e-01   6.5517580e-01
   9.0000029e-01   9.9999707e-02   0.0000000e+00
   3.7931140e-01   1.0344593e-01   5.1724267e-01
   1.0080689e-04   5.7137238e-01   4.2852681e-01
   2.0689624e-01   1.0344789e-01   6.8965587e-01
   5.6666416e-01   4.3333584e-01   0.0000000e+00
   6.6666360e-02   9.3333364e-01   0.0000000e+00
   2.7586203e-01   1.0344829e-01   6.2068968e-01
   1.0334840e-04   6.5510473e-01   3.4479192e-01
   9.6666685e-01   3.3333154e-02   0.0000000e+00
   1.3792026e-01   3.4483242e-01   5.1724732e-01
   3.4483444e-01   6.8964796e-02   5.8620077e-01
   4.8275888e-01   2.4137890e-01   2.7586222e-01
   5.8621436e-01   6.8953736e-02   3.4483191e-01
   2.0689655e-01   2.0689655e-01   5.8620690e-01
   3.4480457e-02   3.4482838e-01   6.2069117e-01
   7.4989782e-01   1.0217878e-04   2.5000000e-01
   1.0337136e-04   4.8270889e-01   5.1718774e-01
   3.4482827e-01   3.7930995e-01   2.7586178e-01
   3.7930790e-01   2.0689737e-01   4.1379473e-01
   2.7586080e-01   1.7241535e-01   5.5172386e-01
   1.0000006e-01   8.9999994e-01   0.0000000e+00
   4.6666660e-01   5.3333340e-01   0.0000000e+00
   1.3331968e-01   9.9050995e-05   8.6658127e-01
   5.8620732e-01   1.3793041e-01   2.7586227e-01
   3.0683396e-01   4.4316604e-01   2.5000000e-01
   4.8270885e-01   1.0341101e-04   5.1718774e-01
   3.1034487e-01   3.4482750e-01   3.4482763e-01
   2.7586407e-01   3.1033999e-01   4.1379594e-01
   1.7241375e-01   1.7241375e-01   6.5517249e-01
   1.0176531e-04   3.2139209e-01   6.7850615e-01
   9.9976747e-05   1.6665734e-01   8.3324268e-01
   5.1724235e-01   1.0344533e-01   3.7931232e-01
   2.4137917e-01   2.7586199e-01   4.8275884e-01
   1.0000031e-01   1.0000031e-01   7.9999938e-01
   1.7241415e-01   4.4827355e-01   3.7931230e-01
   2.0689491e-01   3.4482830e-01   4.4827679e-01
   1.7241307e-01   2.7586285e-01   5.5172409e-01
   3.4482770e-01   1.7241346e-01   4.8275884e-01
   3.5713779e-01   6.4286221e-01   0.0000000e+00
   5.7137237e-01   1.0081177e-04   4.2852681e-01
   1.6666652e-01   6.6665857e-02   7.6666763e-01
   6.8965547e-02   6.2068949e-01   3.1034496e-01
   1.9998051e-01   9.9947676e-05   7.9991955e-01
   9.9990009e-01   9.9908437e-05   0.0000000e+00
   4.8828336e-05   9.9993249e-02   8.9995792e-01
   1.3791571e-01   5.8622260e-01   2.7586169e-01
   2.4137906e-01   3.7931054e-01   3.7931040e-01
   3.4482336e-01   2.7586399e-01   3.7931265e-01
   9.8798688e-05   9.8617092e-05   9.9980258e-01
   6.5510465e-01   1.0342984e-04   3.4479192e-01
   1.0344644e-01   4.8275960e-01   4.1379395e-01
   6.6659845e-02   7.0447292e-05   9.3326971e-01
   3.7931334e-01   3.1034215e-01   3.1034451e-01
