   3.1031567e-01   1.0329223e-04   6.8958104e-01
   2.0689732e-01   2.7585940e-01   5.1724328e-01
   6.4772732e-01   1.0227265e-01   2.5000003e-01
   9.9990005e-01   9.9951578e-05   0.0000000e+00
   9.3333518e-01   6.6664824e-02   0.0000000e+00
   6.8958372e-01   1.0341496e-04   3.1031287e-01
   4.4827569e-01   1.0344831e-01   4.4827601e-01
   1.0326912e-04   6.5510471e-01   3.4479202e-01
   2.7586216e-01   2.0689529e-01   5.1724255e-01
   5.6666761e-01   4.3333239e-01   0.0000000e+00
   5.3333217e-01   4.6666783e-01   0.0000000e+00
   2.6922840e-01   7.3077160e-01   0.0000000e+00
   6.4286021e-01   3.5713979e-01   0.0000000e+00
   7.6923062e-01   2.3076938e-01   0.0000000e+00
   6.6664334e-02   9.3333567e-01   0.0000000e+00
   4.6424546e-01   1.0034955e-04   5.3565419e-01
   3.4475967e-02   3.7931300e-01   5.8621103e-01
   9.6666985e-01   3.3330151e-02   0.0000000e+00
   1.3792783e-01   2.7586309e-01   5.8620908e-01
   3.4482754e-01   3.1034485e-01   3.4482761e-01
   1.0000122e-01   8.9999878e-01   0.0000000e+00
   7.3332831e-01   2.6667169e-01   0.0000000e+00
   8.6207656e-01   1.3792344e-01   0.0000000e+00
   2.8569982e-01   4.6430015e-01   2.5000003e-01
   3.1034620e-01   3.7930929e-01   3.1034451e-01
   1.7045377e-01   5.7954620e-01   2.5000003e-01
   1.3792221e-01   5.5175278e-01   3.1032501e-01
   4.1375056e-01   1.0339757e-04   5.8614605e-01
   3.1034508e-01   1.3793036e-01   5.5172457e-01
   3.9999657e-01   6.0000343e-01   0.0000000e+00
   1.0343402e-04   2.4134879e-01   7.5854778e-01
   1.0344558e-01   2.0689672e-01   6.8965770e-01
   3.6666318e-01   6.3333682e-01   0.0000000e+00
   1.3792440e-01   8.6207560e-01   0.0000000e+00
   2.3076903e-01   7.6923097e-01   0.0000000e+00
   7.4989800e-01   1.0197164e-04   2.5000003e-01
   9.0000073e-01   9.9999270e-02   0.0000000e+00
   1.0344768e-01   5.1724172e-01   3.7931060e-01
   6.8172521e-02   6.8182745e-01   2.5000003e-01
   2.0689693e-01   6.8964535e-02   7.2413854e-01
   3.3329003e-02   9.6667100e-01   0.0000000e+00
   1.0043526e-04   5.3565664e-01   4.6424292e-01
   4.7727578e-01   2.7272420e-01   2.5000003e-01
   3.5714097e-01   3.9285900e-01   2.5000003e-01
   6.2062537e-01   1.0337304e-04   3.7927126e-01
   9.9913091e-05   9.9990009e-01   0.0000000e+00
   9.8932291e-05   1.6665002e-01   8.3325105e-01
   4.4826096e-01   2.4138589e-01   3.1035315e-01
   1.0323109e-04   3.4479128e-01   6.5510548e-01
   6.6666971e-02   1.6666654e-01   7.6666649e-01
   1.0196020e-04   7.4989801e-01   2.5000003e-01
   1.7241266e-01   4.8275928e-01   3.4482806e-01
   1.8518514e-01   8.1481486e-01   0.0000000e+00
   4.3333198e-01   5.6666802e-01   0.0000000e+00
   2.3332944e-01   9.9994538e-05   7.6657057e-01
   2.0689719e-01   5.1724021e-01   2.7586261e-01
   3.3329375e-02   2.6666793e-01   7.0000270e-01
   3.1999996e-01   6.8000004e-01   0.0000000e+00
   4.1379038e-01   3.1034631e-01   2.7586331e-01
   6.8965232e-02   3.1034486e-01   6.2068990e-01
   6.9230891e-01   3.0769109e-01   0.0000000e+00
   1.0344520e-01   6.2069179e-01   2.7586301e-01
   4.1379773e-01   1.7240850e-01   4.1379376e-01
   1.0343429e-04   4.4822943e-01   5.5166714e-01
   5.4545345e-01   2.0454652e-01   2.5000003e-01
   3.4482032e-02   5.8620734e-01   3.7931063e-01
   3.4482443e-01   3.4482927e-02   6.2069264e-01
   4.8275889e-01   1.7241333e-01   3.4482778e-01
   6.8963389e-02   4.1379406e-01   5.1724255e-01
   1.7241364e-01   4.1379260e-01   4.1379376e-01
   5.5166697e-01   1.0338087e-04   4.4822965e-01
   1.7241438e-01   2.0689386e-01   6.2069176e-01
   8.1481369e-01   1.8518631e-01   0.0000000e+00
   5.8620720e-01   6.8965034e-02   3.4482777e-01
   2.7586225e-01   1.0344769e-01   6.2069007e-01
   1.3792553e-01   3.7931027e-01   4.8276419e-01
   2.4137616e-01   1.7241451e-01   5.8620933e-01
   4.8148071e-01   5.1851929e-01   0.0000000e+00
   3.7932624e-01   1.0344506e-01   5.1722870e-01
   4.8275437e-01   3.4481434e-02   4.8276419e-01
   9.9989303e-02   9.9823876e-05   8.9991087e-01
   1.3793082e-01   1.3793082e-01   7.2413837e-01
   2.4137532e-01   4.1379556e-01   3.4482912e-01
   3.7931018e-01   2.4137937e-01   3.7931045e-01
   5.1724177e-01   1.0344760e-01   3.7931063e-01
   2.7586310e-01   3.4482612e-01   3.7931079e-01
   6.6671747e-02   6.6671747e-02   8.6665651e-01
   6.0000536e-01   3.9999464e-01   0.0000000e+00
   9.9999293e-02   9.9999292e-02   8.0000142e-01
   5.8620885e-01   1.3792851e-01   2.7586264e-01
   2.0689712e-01   1.3792833e-01   6.5517455e-01
   1.6665005e-01   9.9892124e-05   8.3325006e-01
   3.3330652e-02   3.3330647e-02   9.3333870e-01
   2.0689572e-01   3.4483297e-01   4.4827131e-01
   2.7586207e-01   2.7586207e-01   4.4827586e-01
   3.4482683e-01   2.0689676e-01   4.4827640e-01
   1.0344818e-01   3.4482765e-01   5.5172417e-01
   1.0344784e-01   4.4827608e-01   4.4827608e-01
   8.3979731e-05   9.9985549e-02   8.9993047e-01
   8.2459078e-05   9.3153720e-05   9.9982439e-01
