   5.3332778e-01   4.6667222e-01   0.0000000e+00
   9.3333378e-01   6.6666218e-02   0.0000000e+00
   6.8956250e-02   2.0687042e-01   7.2417333e-01
   3.3335287e-02   4.3330261e-01   5.3336211e-01
   6.0000364e-01   3.9999636e-01   0.0000000e+00
   1.0344823e-01   6.2068970e-01   2.7586207e-01
   8.0769430e-01   1.9230570e-01   0.0000000e+00
   5.6666541e-01   4.3333459e-01   0.0000000e+00
   1.7241408e-01   4.1379211e-01   4.1379381e-01
   4.3333609e-01   5.6666391e-01   0.0000000e+00
   9.9234389e-05   9.9990077e-01   0.0000000e+00
   4.1379316e-01   3.1034479e-01   2.7586206e-01
   6.4285780e-01   3.5714220e-01   0.0000000e+00
   3.3331264e-02   9.6666874e-01   0.0000000e+00
   2.4134065e-01   1.0308747e-04   7.5855626e-01
   6.6667683e-02   4.6666622e-01   4.6666609e-01
   1.4285708e-01   8.5714292e-01   0.0000000e+00
   1.0186522e-04   7.4989813e-01   2.5000000e-01
   5.7954488e-01   1.7045512e-01   2.5000000e-01
   6.2062544e-01   1.0329779e-04   3.7927126e-01
   6.6665389e-02   9.3333461e-01   0.0000000e+00
   7.3333385e-01   2.6666615e-01   0.0000000e+00
   1.0336336e-04   5.8614449e-01   4.1375215e-01
   2.3333432e-01   7.6666568e-01   0.0000000e+00
   1.3792937e-01   4.8275955e-01   3.7931108e-01
   2.6668409e-01   3.3334016e-02   6.9998189e-01
   3.5714686e-01   3.9285313e-01   2.5000000e-01
   4.6424136e-01   1.0012434e-04   5.3565851e-01
   8.5714236e-01   1.4285764e-01   0.0000000e+00
   4.8148153e-01   5.1851847e-01   0.0000000e+00
   2.0690060e-01   3.4484238e-01   4.4825702e-01
   4.1379047e-01   1.3793164e-01   4.4827789e-01
   4.4827677e-01   2.4137890e-01   3.1034433e-01
   3.4472946e-02   6.2069659e-01   3.4483047e-01
   4.9995470e-01   6.6673115e-02   4.3337218e-01
   6.8090996e-02   6.8101039e-01   2.5089861e-01
   3.1034483e-01   3.1034483e-01   3.7931034e-01
   6.8966882e-02   5.5171526e-01   3.7931786e-01
   7.6666580e-01   2.3333420e-01   0.0000000e+00
   9.9997069e-02   1.3333456e-01   7.6666837e-01
   1.0344396e-01   3.4482861e-01   5.5172743e-01
   5.1724259e-01   1.0344622e-01   3.7931119e-01
   4.0000000e-01   6.0000000e-01   0.0000000e+00
   9.9721420e-05   2.3331270e-01   7.6658758e-01
   2.4137716e-01   1.3793140e-01   6.2069144e-01
   7.4989775e-01   1.0224588e-04   2.5000000e-01
   2.7586208e-01   2.7586208e-01   4.4827584e-01
   2.6923300e-01   7.3076700e-01   0.0000000e+00
   9.9990143e-01   9.8573548e-05   0.0000000e+00
   2.4999690e-01   3.9286511e-01   3.5713798e-01
   2.1428304e-01   5.3571696e-01   2.5000000e-01
   1.3793085e-01   3.7931047e-01   4.8275869e-01
   9.9674186e-05   6.6659962e-02   9.3324036e-01
   1.3792871e-01   1.7241408e-01   6.8965721e-01
   1.0335263e-04   5.1718774e-01   4.8270890e-01
   1.0332171e-04   3.1030993e-01   6.8958675e-01
   4.7727073e-01   2.7272927e-01   2.5000000e-01
   3.7930970e-01   1.0344904e-01   5.1724126e-01
   1.0000930e-01   8.9999070e-01   0.0000000e+00
   1.0109794e-04   3.9280907e-01   6.0708983e-01
   6.9230682e-01   3.0769318e-01   0.0000000e+00
   3.1034302e-01   6.8965698e-01   0.0000000e+00
   1.7241408e-01   3.1034466e-01   5.1724126e-01
   1.0342880e-04   6.8958411e-01   3.1031246e-01
   1.3792790e-01   2.7586332e-01   5.8620878e-01
   9.6666961e-01   3.3330394e-02   0.0000000e+00
   3.3332543e-02   1.6665114e-01   8.0001631e-01
   2.0689607e-01   4.8275901e-01   3.1034492e-01
   2.4137937e-01   2.4137937e-01   5.1724126e-01
   1.9231255e-01   8.0768745e-01   0.0000000e+00
   2.7586340e-01   4.4827440e-01   2.7586220e-01
   2.0689656e-01   1.0344828e-01   6.8965516e-01
   8.9999921e-01   1.0000079e-01   0.0000000e+00
   2.0689658e-01   2.0689658e-01   5.8620685e-01
   6.8182001e-01   6.8179989e-02   2.5000000e-01
   3.7931256e-01   2.7585798e-01   3.4482947e-01
   1.0344656e-01   2.4137711e-01   6.5517633e-01
   3.1034768e-01   6.8957987e-02   6.2069433e-01
   1.7241222e-01   3.4481677e-02   7.9310611e-01
   3.5714336e-01   6.4285664e-01   0.0000000e+00
   4.8274100e-01   1.7241630e-01   3.4484270e-01
   6.2068916e-01   1.0344862e-01   2.7586222e-01
   1.3792954e-01   5.5172517e-01   3.1034529e-01
   6.6666905e-02   1.0000036e-01   8.3333274e-01
   3.4482655e-01   2.4137444e-01   4.1379901e-01
   5.8618299e-01   6.8968885e-02   3.4484812e-01
   6.6669080e-02   3.3334540e-02   8.9999638e-01
   3.1034214e-01   1.3793042e-01   5.5172743e-01
   4.1379311e-01   2.0689655e-01   3.7931034e-01
   6.8965434e-02   3.1034311e-01   6.2069146e-01
   3.7930963e-01   3.4482519e-02   5.8620785e-01
   3.4482758e-01   1.7241379e-01   4.8275863e-01
   1.3331864e-01   9.3035813e-05   8.6658832e-01
   3.4482759e-01   3.4482759e-01   3.1034483e-01
   3.4479143e-01   1.0328034e-04   6.5510529e-01
   6.8958411e-01   1.0342452e-04   3.1031246e-01
   9.5355736e-05   1.3331632e-01   8.6658832e-01
   5.5166023e-01   1.0338025e-04   4.4823639e-01
   5.1724586e-01   2.0689279e-01   2.7586134e-01
   9.9767226e-05   6.1941175e-05   9.9983829e-01
