   9.9998138e-02   1.3333386e-01   7.6666800e-01
   5.1852328e-01   4.8147672e-01   0.0000000e+00
   4.4827593e-01   1.7241368e-01   3.7931039e-01
   3.3330319e-02   9.6666968e-01   0.0000000e+00
   2.6923112e-01   7.3076888e-01   0.0000000e+00
   3.7931268e-01   2.0689167e-01   4.1379565e-01
   1.0343480e-04   6.5510465e-01   3.4479191e-01
   1.0000019e-01   8.9999981e-01   0.0000000e+00
   9.9990002e-01   9.9979726e-05   0.0000000e+00
   2.3863702e-01   5.1136298e-01   2.5000000e-01
   4.1379205e-01   2.4137974e-01   3.4482820e-01
   3.1999860e-01   6.8000140e-01   0.0000000e+00
   9.3333434e-01   6.6665658e-02   0.0000000e+00
   6.8964042e-02   5.5172501e-01   3.7931095e-01
   1.8518527e-01   8.1481473e-01   0.0000000e+00
   3.4475584e-02   5.1724522e-01   4.4827920e-01
   3.1034493e-01   6.8965224e-02   6.2068985e-01
   8.9999911e-01   1.0000089e-01   0.0000000e+00
   3.0681806e-01   4.4318194e-01   2.5000000e-01
   3.4479198e-01   1.0343232e-04   6.5510459e-01
   3.4478576e-02   6.8965817e-01   2.7586326e-01
   4.6423971e-01   1.0034578e-04   5.3565995e-01
   6.6666103e-02   9.3333390e-01   0.0000000e+00
   2.0689595e-01   2.4137930e-01   5.5172475e-01
   1.3408511e-01   3.9687767e-01   4.6903722e-01
   3.6666592e-01   6.3333408e-01   0.0000000e+00
   7.3076743e-01   2.6923257e-01   0.0000000e+00
   5.6666421e-01   4.3333579e-01   0.0000000e+00
   6.6666793e-02   6.6666229e-02   8.6666698e-01
   8.0769405e-01   1.9230595e-01   0.0000000e+00
   1.7241455e-01   4.4827343e-01   3.7931202e-01
   1.3793160e-01   5.1723939e-01   3.4482900e-01
   1.0341146e-04   3.1031280e-01   6.8958379e-01
   7.6666384e-01   2.3333616e-01   0.0000000e+00
   6.1363687e-01   1.3636313e-01   2.5000000e-01
   6.8965539e-01   3.1034461e-01   0.0000000e+00
   1.3636537e-01   6.1363463e-01   2.5000000e-01
   9.6666854e-01   3.3331460e-02   0.0000000e+00
   4.0740587e-01   5.9259413e-01   0.0000000e+00
   1.3793069e-01   1.7241118e-01   6.8965813e-01
   1.7241294e-01   5.5172634e-01   2.7586072e-01
   3.1034610e-01   2.4137618e-01   4.4827771e-01
   4.1379318e-01   1.3793088e-01   4.4827594e-01
   5.0239855e-01   6.6971856e-02   4.3062959e-01
   3.7931194e-01   3.4478697e-02   5.8620936e-01
   2.3076852e-01   7.6923148e-01   0.0000000e+00
   6.8958384e-01   1.0343672e-04   3.1031272e-01
   9.9909170e-05   1.6666583e-01   8.3323426e-01
   6.2062536e-01   1.0343744e-04   3.7927121e-01
   1.0225554e-04   7.4989774e-01   2.5000000e-01
   3.4482716e-01   3.7931110e-01   2.7586173e-01
   1.9998015e-01   9.9959552e-05   7.9991989e-01
   1.0342734e-04   5.8614620e-01   4.1375037e-01
   6.6670347e-02   4.3331830e-01   5.0001135e-01
   9.9986594e-05   4.6661631e-01   5.3328371e-01
   9.9930534e-05   2.3331074e-01   7.6658933e-01
   6.4285706e-01   3.5714294e-01   0.0000000e+00
   4.8276100e-01   2.0689560e-01   3.1034340e-01
   1.3333332e-01   6.6666532e-02   8.0000015e-01
   3.4482839e-01   2.7586038e-01   3.7931123e-01
   3.7930839e-01   3.1034837e-01   3.1034323e-01
   9.9954558e-05   9.9990005e-01   0.0000000e+00
   2.7586231e-01   3.1034421e-01   4.1379348e-01
   1.0344863e-01   4.8275686e-01   4.1379451e-01
   5.5172486e-01   1.7241352e-01   2.7586163e-01
   3.1034357e-01   3.4482821e-01   3.4482821e-01
   4.6428504e-01   5.3571496e-01   0.0000000e+00
   6.0000092e-01   3.9999908e-01   0.0000000e+00
   1.0341591e-04   3.7927111e-01   6.2062547e-01
   3.7947955e-01   1.0341983e-01   5.1710062e-01
   1.7241200e-01   3.1034575e-01   5.1724224e-01
   7.4989778e-01   1.0222292e-04   2.5000000e-01
   6.8965607e-02   6.2068916e-01   3.1034523e-01
   1.3332053e-01   9.9981642e-05   8.6657949e-01
   2.4137919e-01   2.7586278e-01   4.8275803e-01
   6.5517895e-01   6.8956231e-02   2.7586482e-01
   2.0689656e-01   6.8965428e-02   7.2413801e-01
   5.1724371e-01   1.3792715e-01   3.4482914e-01
   2.4137046e-01   3.7931477e-01   3.7931477e-01
   5.1136283e-01   2.3863717e-01   2.5000000e-01
   2.7586245e-01   1.3793096e-01   5.8620659e-01
   4.0909051e-01   3.4090949e-01   2.5000000e-01
   1.3793066e-01   2.7586220e-01   5.8620714e-01
   8.5714204e-01   1.4285796e-01   0.0000000e+00
   4.4828513e-01   2.7585743e-01   2.7585745e-01
   2.0689618e-01   4.8275885e-01   3.1034497e-01
   1.3792769e-01   8.6207231e-01   0.0000000e+00
   2.4137955e-01   1.0344739e-01   6.5517306e-01
   5.5166708e-01   1.0342958e-04   4.4822949e-01
   2.7586102e-01   4.1379526e-01   3.1034372e-01
   3.1034424e-01   1.7241352e-01   5.1724224e-01
   2.7583333e-01   1.0339132e-04   7.2406328e-01
   6.8963531e-02   2.0689696e-01   7.2413951e-01
   6.8949828e-02   3.4497572e-01   5.8607445e-01
   1.0344792e-01   2.4137902e-01   6.5517306e-01
   2.0689623e-01   1.7241390e-01   6.2068988e-01
   5.8620726e-01   6.8964632e-02   3.4482810e-01
   8.2780430e-05   9.9983348e-02   8.9993387e-01
   6.6656696e-02   6.5757721e-05   9.3327755e-01
   9.9038458e-05   9.5565887e-05   9.9980540e-01
