   9.6666722e-01   3.3332775e-02   0.0000000e+00
   7.3333199e-01   2.6666801e-01   0.0000000e+00
   1.9230705e-01   8.0769295e-01   0.0000000e+00
   1.7045351e-01   5.7954649e-01   2.5000000e-01
   3.4480800e-02   3.4482829e-01   6.2069091e-01
   6.6666654e-02   6.6666658e-02   8.6666669e-01
   6.9999883e-01   3.0000117e-01   0.0000000e+00
   1.7241164e-01   3.1034563e-01   5.1724273e-01
   8.1481977e-01   1.8518023e-01   0.0000000e+00
   7.4989783e-01   1.0217447e-04   2.5000000e-01
   9.9916386e-05   9.9990008e-01   0.0000000e+00
   8.6207002e-01   1.3792998e-01   0.0000000e+00
   5.6666528e-01   4.3333472e-01   0.0000000e+00
   3.0000038e-01   6.9999962e-01   0.0000000e+00
   4.3328871e-01   9.9805948e-05   5.6661149e-01
   3.7933397e-01   1.3792578e-01   4.8274025e-01
   4.4317832e-01   3.0682168e-01   2.5000000e-01
   4.3333091e-01   5.6666909e-01   0.0000000e+00
   3.5713996e-01   3.9286004e-01   2.5000000e-01
   5.4545261e-01   2.0454739e-01   2.5000000e-01
   2.7583066e-01   1.0336997e-04   7.2406597e-01
   1.0344737e-01   1.0344737e-01   7.9310526e-01
   6.0714102e-01   3.9285898e-01   0.0000000e+00
   2.7586374e-01   3.1034066e-01   4.1379560e-01
   4.8275732e-01   1.7241424e-01   3.4482844e-01
   9.9990047e-01   9.9529977e-05   0.0000000e+00
   4.1379225e-01   6.8965618e-02   5.1724213e-01
   6.8961266e-02   5.5172666e-01   3.7931208e-01
   2.4137975e-01   3.7930922e-01   3.7931103e-01
   3.7931035e-01   2.0689653e-01   4.1379312e-01
   6.4772810e-01   1.0227190e-01   2.5000000e-01
   1.0336939e-04   3.1031302e-01   6.8958361e-01
   5.3332818e-01   4.6667182e-01   0.0000000e+00
   2.0689572e-01   1.0344794e-01   6.8965634e-01
   1.0000256e-01   8.9999744e-01   0.0000000e+00
   1.0000052e-01   2.0000178e-01   6.9999769e-01
   6.8965169e-01   3.4483151e-02   2.7586516e-01
   9.9249505e-05   6.6659796e-02   9.3324095e-01
   6.5517308e-01   3.4482692e-01   0.0000000e+00
   6.6673170e-02   9.3332683e-01   0.0000000e+00
   3.4479205e-01   1.0339868e-04   6.5510456e-01
   5.8620700e-01   3.4482613e-02   3.7931039e-01
   6.8178172e-02   6.8182183e-01   2.5000000e-01
   2.4137931e-01   2.4137932e-01   5.1724137e-01
   3.4484003e-01   6.5515997e-01   0.0000000e+00
   5.5166662e-01   1.0337376e-04   4.4823001e-01
   3.1034357e-01   1.7241411e-01   5.1724232e-01
   1.3333592e-01   1.3333593e-01   7.3332815e-01
   5.1723374e-01   6.8966606e-02   4.1379966e-01
   4.8148099e-01   5.1851901e-01   0.0000000e+00
   2.4999938e-01   5.0000062e-01   2.5000000e-01
   9.9925129e-05   4.9995716e-01   4.9994291e-01
   1.3792842e-01   4.8276008e-01   3.7931149e-01
   1.0334659e-04   5.8614628e-01   4.1375037e-01
   1.0339935e-04   6.5510452e-01   3.4479208e-01
   3.9285712e-01   6.0714288e-01   0.0000000e+00
   6.8965499e-02   4.1379310e-01   5.1724140e-01
   2.0689746e-01   4.4827343e-01   3.4482911e-01
   1.7241348e-01   1.7241349e-01   6.5517304e-01
   5.5171359e-01   1.0345076e-01   3.4483565e-01
   1.0340505e-04   4.1375006e-01   5.8614654e-01
   2.0000086e-01   3.3333594e-02   7.6666554e-01
   1.0339664e-04   2.4135778e-01   7.5853882e-01
   1.3793031e-01   5.5172323e-01   3.1034646e-01
   1.0344529e-01   4.4827736e-01   4.4827735e-01
   6.5510453e-01   1.0338977e-04   3.4479208e-01
   3.4482791e-01   2.7586141e-01   3.7931069e-01
   3.4482453e-01   1.0344678e-01   5.5172869e-01
   4.8275845e-01   2.4137942e-01   2.7586213e-01
   4.4827614e-01   1.3793051e-01   4.1379336e-01
   7.6923176e-01   2.3076824e-01   0.0000000e+00
   1.0222767e-04   7.4989777e-01   2.5000000e-01
   8.9999927e-01   1.0000073e-01   0.0000000e+00
   4.1379462e-01   2.4137652e-01   3.4482886e-01
   1.0344685e-01   3.4482445e-01   5.5172869e-01
   2.6666684e-01   7.3333316e-01   0.0000000e+00
   9.3333370e-01   6.6666297e-02   0.0000000e+00
   1.6665975e-01   9.9946381e-05   8.3324030e-01
   2.3333317e-01   7.6666683e-01   0.0000000e+00
   3.1033783e-01   3.4483112e-01   3.4483105e-01
   2.7586190e-01   1.3793106e-01   5.8620703e-01
   6.8965194e-02   2.7586177e-01   6.5517304e-01
   2.7586465e-01   4.1378889e-01   3.1034646e-01
   5.8620944e-01   1.3792736e-01   2.7586320e-01
   1.7240852e-01   4.1379588e-01   4.1379560e-01
   3.3333170e-02   1.6666842e-01   7.9999841e-01
   2.0689126e-01   3.4483012e-01   4.4827862e-01
   4.8275863e-01   3.4482555e-02   4.8275881e-01
   1.4285711e-01   8.5714289e-01   0.0000000e+00
   1.0344825e-01   6.2068967e-01   2.7586208e-01
   3.3333562e-02   9.6666644e-01   0.0000000e+00
   1.3793108e-01   3.7931013e-01   4.8275879e-01
   2.0689655e-01   2.0689656e-01   5.8620689e-01
   1.3793120e-01   2.4137774e-01   6.2069106e-01
   3.7931020e-01   3.1034334e-01   3.1034646e-01
   3.1034389e-01   2.4137964e-01   4.4827648e-01
   9.9959625e-02   7.0145156e-05   8.9997023e-01
   9.6730199e-05   1.3331817e-01   8.6658510e-01
   3.1034562e-01   6.8963203e-02   6.2069117e-01
   9.5815025e-05   9.5879719e-05   9.9980831e-01
