   9.9990007e-01   9.9933963e-05   0.0000000e+00
   8.5715220e-01   1.4284780e-01   0.0000000e+00
   3.2142784e-01   4.2857214e-01   2.5000002e-01
   9.6666940e-01   3.3330600e-02   0.0000000e+00
   2.0689659e-01   2.4137915e-01   5.5172426e-01
   3.4482760e-01   6.5517240e-01   0.0000000e+00
   9.9869652e-05   9.9990013e-01   0.0000000e+00
   1.0167619e-04   3.2138781e-01   6.7851051e-01
   6.9999634e-01   3.0000366e-01   0.0000000e+00
   3.3333862e-02   2.0000317e-01   7.6666296e-01
   4.3333825e-01   5.6666175e-01   0.0000000e+00
   1.0344909e-01   4.1378851e-01   4.8276240e-01
   2.3332943e-01   7.6667057e-01   0.0000000e+00
   1.0323384e-04   2.7583367e-01   7.2406310e-01
   7.3333088e-01   2.6666912e-01   0.0000000e+00
   9.3333257e-01   6.6667434e-02   0.0000000e+00
   7.6667114e-01   2.3332886e-01   0.0000000e+00
   4.8147980e-01   5.1852020e-01   0.0000000e+00
   3.9285789e-01   6.0714211e-01   0.0000000e+00
   3.4482242e-02   5.5172443e-01   4.1379332e-01
   1.3793080e-01   4.4827598e-01   4.1379321e-01
   1.7854553e-01   3.5715245e-01   4.6430203e-01
   5.5184949e-01   1.7236524e-01   2.7578527e-01
   1.3792946e-01   6.8964509e-02   7.9310603e-01
   6.6666791e-02   3.3333288e-02   8.9999992e-01
   1.9998918e-01   9.9634360e-05   7.9991119e-01
   1.4285714e-01   8.5714286e-01   0.0000000e+00
   9.0000033e-01   9.9999671e-02   0.0000000e+00
   4.1375036e-01   1.0330531e-04   5.8614634e-01
   3.1036298e-01   1.0344555e-01   5.8619147e-01
   7.4989774e-01   1.0223997e-04   2.5000002e-01
   6.5517261e-01   3.4482739e-01   0.0000000e+00
   6.1363587e-01   1.3636411e-01   2.5000002e-01
   6.6666744e-02   9.3333326e-01   0.0000000e+00
   4.8275426e-01   2.0689829e-01   3.1034745e-01
   1.0225790e-04   7.4989772e-01   2.5000002e-01
   5.3566042e-01   1.0039901e-04   4.6423918e-01
   2.1428656e-01   5.3571342e-01   2.5000002e-01
   1.7240719e-01   1.3792739e-01   6.8966542e-01
   3.4482778e-01   1.7241333e-01   4.8275889e-01
   9.9805939e-05   9.9988199e-02   8.9991200e-01
   8.0769385e-01   1.9230615e-01   0.0000000e+00
   6.5517894e-01   6.8956251e-02   2.7586481e-01
   4.2857199e-01   3.2142799e-01   2.5000002e-01
   4.6515201e-01   3.3428091e-02   5.0141990e-01
   3.7931319e-01   3.1034334e-01   3.1034347e-01
   3.4478599e-02   3.4482960e-01   6.2069181e-01
   3.1034595e-01   3.4482522e-01   3.4482883e-01
   2.4137866e-01   2.7586234e-01   4.8275900e-01
   1.9230880e-01   8.0769120e-01   0.0000000e+00
   3.4479183e-01   1.0339555e-04   6.5510477e-01
   2.4137595e-01   1.7241456e-01   5.8620949e-01
   1.0227322e-01   6.4772676e-01   2.5000002e-01
   6.8961906e-02   3.7931182e-01   5.5172627e-01
   1.0324022e-04   4.1375041e-01   5.8614635e-01
   2.4137693e-01   3.7931154e-01   3.7931153e-01
   1.0344848e-01   1.7241206e-01   7.2413946e-01
   1.3793305e-01   5.8620100e-01   2.7586595e-01
   6.6663680e-02   1.0000104e-01   8.3333528e-01
   3.7939590e-01   6.8955860e-02   5.5164824e-01
   1.3332692e-01   9.9909047e-05   8.6657317e-01
   1.7241304e-01   4.8275911e-01   3.4482785e-01
   1.0341130e-04   5.1718791e-01   4.8270868e-01
   5.8620721e-01   6.8965016e-02   3.4482777e-01
   1.0341635e-04   6.2062547e-01   3.7927112e-01
   3.4482500e-01   2.7586327e-01   3.7931172e-01
   5.1136459e-01   2.3863539e-01   2.5000002e-01
   6.8964785e-02   5.8620736e-01   3.4482785e-01
   5.1724448e-01   1.3792591e-01   3.4482961e-01
   1.0344388e-01   5.1724407e-01   3.7931206e-01
   1.0000006e-01   8.9999994e-01   0.0000000e+00
   4.4827572e-01   1.7241384e-01   3.7931044e-01
   3.4482819e-01   3.7930994e-01   2.7586187e-01
   1.7240950e-01   2.0689869e-01   6.2069181e-01
   6.8958397e-01   1.0327240e-04   3.1031275e-01
   3.1034421e-01   2.4137953e-01   4.4827626e-01
   2.6666772e-01   7.3333228e-01   0.0000000e+00
   2.7583354e-01   1.0339580e-04   7.2406306e-01
   6.0714078e-01   3.9285922e-01   0.0000000e+00
   4.8275958e-01   1.0344652e-01   4.1379390e-01
   5.6666421e-01   4.3333579e-01   0.0000000e+00
   3.3327849e-02   9.6667215e-01   0.0000000e+00
   2.0689655e-01   6.8965518e-02   7.2413793e-01
   2.7586197e-01   6.8964619e-02   6.5517341e-01
   6.2062546e-01   1.0342086e-04   3.7927112e-01
   5.3332905e-01   4.6667095e-01   0.0000000e+00
   6.8958950e-02   4.8276203e-01   4.4827902e-01
   9.9276484e-05   1.6665152e-01   8.3324920e-01
   2.7585699e-01   3.1034875e-01   4.1379426e-01
   4.1379305e-01   1.3793102e-01   4.4827593e-01
   1.3791254e-01   3.1036837e-01   5.5171908e-01
   1.0344799e-01   2.4137861e-01   6.5517341e-01
   2.4138411e-01   4.4826483e-01   3.1035106e-01
   3.4477524e-02   4.4827566e-01   5.1724682e-01
   1.0335062e-04   6.8958390e-01   3.1031275e-01
   2.7585927e-01   2.0689381e-01   5.1724693e-01
   4.1379469e-01   2.4137640e-01   3.4482891e-01
   3.0000002e-01   6.9999998e-01   0.0000000e+00
   3.7931007e-01   2.0689666e-01   4.1379327e-01
   9.9372776e-05   8.5251254e-05   9.9981538e-01
