   7.6666909e-01   2.3333091e-01   0.0000000e+00
   1.3791024e-01   5.8626835e-01   2.7582141e-01
   3.0769030e-01   6.9230970e-01   0.0000000e+00
   3.5714179e-01   6.4285821e-01   0.0000000e+00
   1.0227217e-01   6.4772783e-01   2.5000000e-01
   9.3333397e-01   6.6666028e-02   0.0000000e+00
   7.3076563e-01   2.6923437e-01   0.0000000e+00
   4.6667073e-01   5.3332927e-01   0.0000000e+00
   2.0455035e-01   5.4544965e-01   2.5000000e-01
   3.4482497e-01   2.7586317e-01   3.7931186e-01
   6.6668421e-02   9.3333158e-01   0.0000000e+00
   1.0343634e-04   5.8614673e-01   4.1374984e-01
   9.6666744e-01   3.3332561e-02   0.0000000e+00
   5.3566017e-01   1.0040301e-04   4.6423943e-01
   1.7241388e-01   4.1379283e-01   4.1379329e-01
   6.8966412e-01   3.1033588e-01   0.0000000e+00
   1.8518188e-01   8.1481812e-01   0.0000000e+00
   2.4137977e-01   4.8275763e-01   2.7586260e-01
   8.0769343e-01   1.9230657e-01   0.0000000e+00
   4.3333457e-01   5.6666543e-01   0.0000000e+00
   5.1852013e-01   4.8147987e-01   0.0000000e+00
   7.4989784e-01   1.0216389e-04   2.5000000e-01
   4.4827625e-01   1.7241310e-01   3.7931065e-01
   5.5172629e-01   1.3792765e-01   3.1034605e-01
   9.9948179e-05   9.9990005e-01   0.0000000e+00
   4.3217694e-01   1.0020387e-01   4.6761919e-01
   1.3790666e-01   3.4494336e-01   5.1714998e-01
   5.1724260e-01   1.0344616e-01   3.7931124e-01
   1.0000195e-01   8.9999805e-01   0.0000000e+00
   3.9999772e-01   6.0000228e-01   0.0000000e+00
   3.1034578e-01   2.4137313e-01   4.4828109e-01
   1.3792701e-01   4.8276087e-01   3.7931211e-01
   2.6666427e-01   7.3333573e-01   0.0000000e+00
   5.1136126e-01   2.3863874e-01   2.5000000e-01
   5.8620762e-01   6.8964374e-02   3.4482801e-01
   9.9990028e-01   9.9723421e-05   0.0000000e+00
   3.7931025e-01   2.0689658e-01   4.1379317e-01
   1.0341679e-04   3.4479185e-01   6.5510474e-01
   3.7930785e-01   6.8961010e-02   5.5173114e-01
   5.6666495e-01   4.3333505e-01   0.0000000e+00
   1.0344249e-01   4.4827642e-01   4.4828109e-01
   1.3334088e-01   1.0000527e-01   7.6665385e-01
   6.8948611e-02   3.7946214e-01   5.5158925e-01
   8.5714252e-01   1.4285748e-01   0.0000000e+00
   2.0689828e-01   4.4827130e-01   3.4483042e-01
   1.0344379e-01   2.4138073e-01   6.5517548e-01
   6.8182735e-01   6.8172655e-02   2.5000000e-01
   2.4137972e-01   1.7241369e-01   5.8620660e-01
   9.9858115e-05   4.9994344e-01   4.9995670e-01
   4.1375024e-01   1.0343235e-04   5.8614632e-01
   1.0339301e-04   4.1375028e-01   5.8614632e-01
   3.1034583e-01   6.8962437e-02   6.2069173e-01
   2.0689637e-01   2.7586271e-01   5.1724092e-01
   3.4482647e-01   3.7931176e-01   2.7586177e-01
   3.4482352e-02   2.7585591e-01   6.8966174e-01
   1.7241219e-01   1.7241412e-01   6.5517368e-01
   1.0221416e-04   7.4989779e-01   2.5000000e-01
   3.4479199e-01   1.0327178e-04   6.5510474e-01
   5.7954476e-01   1.7045524e-01   2.5000000e-01
   6.2062538e-01   1.0336731e-04   3.7927125e-01
   3.3331405e-02   9.6666859e-01   0.0000000e+00
   3.4484210e-01   1.3792799e-01   5.1722991e-01
   6.8962804e-02   5.1724289e-01   4.1379431e-01
   3.2142798e-01   4.2857202e-01   2.5000000e-01
   6.4285425e-01   3.5714575e-01   0.0000000e+00
   2.4138038e-01   3.7930838e-01   3.7931124e-01
   3.3328508e-02   1.3333417e-01   8.3333732e-01
   4.0908986e-01   3.4091014e-01   2.5000000e-01
   6.2096719e-01   1.0337237e-01   2.7566045e-01
   4.1379205e-01   2.4137976e-01   3.4482818e-01
   6.0000048e-01   3.9999952e-01   0.0000000e+00
   6.8965265e-02   5.8620706e-01   3.4482767e-01
   1.0344748e-01   3.1034511e-01   5.8620741e-01
   2.0689549e-01   6.8964370e-02   7.2414014e-01
   4.8275864e-01   2.0689653e-01   3.1034482e-01
   2.7583436e-01   1.0338977e-04   7.2406225e-01
   2.7586228e-01   2.0689590e-01   5.1724182e-01
   6.8958384e-01   1.0343285e-04   3.1031273e-01
   4.4827402e-01   2.7586411e-01   2.7586187e-01
   2.3076812e-01   7.6923188e-01   0.0000000e+00
   2.7586084e-01   3.1034535e-01   4.1379381e-01
   2.4137931e-01   1.0344826e-01   6.5517244e-01
   2.0689463e-01   3.4482428e-01   4.4828109e-01
   1.0336004e-04   2.4134820e-01   7.5854844e-01
   8.9999916e-01   1.0000084e-01   0.0000000e+00
   3.7930975e-01   3.1034588e-01   3.1034436e-01
   1.7241283e-01   5.1724296e-01   3.1034421e-01
   9.9872088e-05   1.9998024e-01   7.9991989e-01
   1.9998031e-01   9.9807688e-05   7.9991989e-01
   1.7241294e-01   2.4137956e-01   5.8620750e-01
   1.3792691e-01   8.6207309e-01   0.0000000e+00
   9.4688946e-05   9.9989913e-02   8.9991540e-01
   1.0344829e-01   1.7241376e-01   7.2413795e-01
   1.0331115e-04   6.8958391e-01   3.1031278e-01
   1.0000222e-01   6.6668016e-02   8.3332976e-01
   6.6663841e-02   3.7436100e-05   9.3329872e-01
   3.1034448e-01   3.4482776e-01   3.4482776e-01
   1.3332258e-01   8.2972087e-05   8.6659445e-01
   4.4828128e-01   3.4474566e-02   5.1724416e-01
   9.7462189e-05   7.6934888e-05   9.9982560e-01
