   3.4483077e-01   6.5516923e-01   0.0000000e+00
   2.4135428e-01   1.0339082e-04   7.5854233e-01
   6.4285718e-01   3.5714282e-01   0.0000000e+00
   2.3333206e-01   7.6666794e-01   0.0000000e+00
   6.9230540e-01   3.0769460e-01   0.0000000e+00
   1.6666616e-01   1.3333318e-01   7.0000066e-01
   1.9230750e-01   8.0769250e-01   0.0000000e+00
   2.7586185e-01   2.4137989e-01   4.8275825e-01
   6.6667473e-02   1.3333490e-01   7.9999763e-01
   6.1363578e-01   1.3636422e-01   2.5000000e-01
   8.1481651e-01   1.8518349e-01   0.0000000e+00
   5.6666675e-01   4.3333325e-01   0.0000000e+00
   3.5714407e-01   3.9285593e-01   2.5000000e-01
   9.6666843e-01   3.3331570e-02   0.0000000e+00
   1.0214910e-04   7.4989785e-01   2.5000000e-01
   6.6668229e-02   9.3333177e-01   0.0000000e+00
   4.4827269e-01   2.0689774e-01   3.4482957e-01
   6.0000635e-01   3.9999365e-01   0.0000000e+00
   9.3333282e-01   6.6667182e-02   0.0000000e+00
   6.8961219e-02   5.1724375e-01   4.1379503e-01
   1.3792363e-01   3.1034774e-01   5.5172863e-01
   1.4285666e-01   8.5714334e-01   0.0000000e+00
   4.6661662e-01   9.9928764e-05   5.3328345e-01
   8.9999893e-01   1.0000107e-01   0.0000000e+00
   6.5510465e-01   1.0341924e-04   3.4479193e-01
   1.0344826e-01   4.4827587e-01   4.4827587e-01
   7.3333334e-01   2.6666666e-01   0.0000000e+00
   1.3792326e-01   6.8961851e-02   7.9311489e-01
   1.7240998e-01   5.1725205e-01   3.1033797e-01
   3.3333525e-02   9.6666648e-01   0.0000000e+00
   2.7586821e-01   4.4826761e-01   2.7586418e-01
   1.0342260e-04   3.7927224e-01   6.2062434e-01
   5.5166690e-01   1.0341792e-04   4.4822968e-01
   2.0689573e-01   2.7586237e-01   5.1724190e-01
   1.0342514e-04   5.5166689e-01   4.4822968e-01
   1.3793098e-01   4.8275866e-01   3.7931037e-01
   5.1724295e-01   6.8962680e-02   4.1379437e-01
   5.4545443e-01   2.0454557e-01   2.5000000e-01
   4.6428678e-01   2.8571322e-01   2.5000000e-01
   2.0689683e-01   4.4827512e-01   3.4482805e-01
   2.0689599e-01   1.0344832e-01   6.8965569e-01
   1.3793195e-01   5.8620415e-01   2.7586390e-01
   7.4989781e-01   1.0219126e-04   2.5000000e-01
   7.6923150e-01   2.3076850e-01   0.0000000e+00
   9.9991038e-05   2.3332220e-01   7.6657781e-01
   9.9955391e-05   9.9990004e-01   0.0000000e+00
   1.0042313e-04   4.6423706e-01   5.3566251e-01
   4.8276027e-01   1.3792810e-01   3.7931163e-01
   4.1378873e-01   6.8966032e-02   5.1724524e-01
   5.1852248e-01   4.8147752e-01   0.0000000e+00
   3.1034484e-01   1.7241377e-01   5.1724139e-01
   1.0344609e-01   5.5172548e-01   3.4482842e-01
   1.0344780e-01   2.7586160e-01   6.2069059e-01
   3.0000003e-01   6.9999997e-01   0.0000000e+00
   3.9285884e-01   6.0714116e-01   0.0000000e+00
   1.0344288e-01   3.7931263e-01   5.1724449e-01
   9.9990011e-01   9.9892962e-05   0.0000000e+00
   4.1379337e-01   3.1034440e-01   2.7586224e-01
   6.6666495e-02   2.3333285e-01   7.0000066e-01
   3.1035246e-01   1.0344712e-01   5.8620042e-01
   4.3333394e-01   5.6666606e-01   0.0000000e+00
   2.7585977e-01   3.7931155e-01   3.4482868e-01
   3.1034419e-01   2.7586356e-01   4.1379225e-01
   1.3792767e-01   2.0689693e-01   6.5517540e-01
   9.9349041e-05   1.6665003e-01   8.3325062e-01
   3.7931035e-01   1.3793103e-01   4.8275862e-01
   3.7931352e-01   2.4137298e-01   3.7931350e-01
   9.9692447e-05   9.9990001e-02   8.9991031e-01
   1.0340862e-04   6.2062546e-01   3.7927113e-01
   3.7931064e-01   3.4481995e-02   5.8620736e-01
   3.4480705e-02   6.5517363e-01   3.1034567e-01
   4.6666713e-01   5.3333287e-01   0.0000000e+00
   6.8965941e-02   3.4482357e-01   5.8621049e-01
   6.6668455e-02   6.6668515e-02   8.6666303e-01
   2.6666850e-01   7.3333150e-01   0.0000000e+00
   1.0000424e-01   1.6667368e-01   7.3332208e-01
   8.6207059e-01   1.3792941e-01   0.0000000e+00
   3.4482842e-01   2.0689463e-01   4.4827695e-01
   1.7241384e-01   3.4482757e-01   4.8275859e-01
   1.6664947e-01   9.9912174e-05   8.3325062e-01
   5.1724136e-01   1.7241381e-01   3.1034484e-01
   2.4138093e-01   1.7241342e-01   5.8620564e-01
   4.1379342e-01   1.7241317e-01   4.1379341e-01
   2.7586242e-01   6.8964376e-02   6.5517320e-01
   1.0341033e-04   3.1031272e-01   6.8958387e-01
   1.0227262e-01   6.4772738e-01   2.5000000e-01
   6.5517286e-01   6.8964902e-02   2.7586224e-01
   5.8620524e-01   3.4482898e-02   3.7931186e-01
   4.4827623e-01   1.0344725e-01   4.4827652e-01
   3.3330396e-01   9.9990040e-05   6.6659605e-01
   5.5172591e-01   1.0344541e-01   3.4482868e-01
   2.4137995e-01   3.4482584e-01   4.1379421e-01
   3.4482627e-01   3.1034545e-01   3.4482828e-01
   1.7241399e-01   4.1379245e-01   4.1379356e-01
   9.9990141e-02   9.7953456e-05   8.9991191e-01
   3.3330764e-02   3.3330795e-02   9.3333844e-01
   2.4238008e-01   5.0761992e-01   2.5000000e-01
   9.9999404e-02   9.0000060e-01   0.0000000e+00
   1.7241318e-01   2.4137949e-01   5.8620733e-01
   8.6273337e-05   8.9904569e-05   9.9982382e-01
