   9.3333304e-01   6.6666963e-02   0.0000000e+00
   4.3333386e-01   5.6666614e-01   0.0000000e+00
   9.6666692e-01   3.3333079e-02   0.0000000e+00
   2.3333174e-01   7.6666826e-01   0.0000000e+00
   9.9990004e-01   9.9958321e-05   0.0000000e+00
   2.0689655e-01   2.0689655e-01   5.8620690e-01
   3.0000005e-01   6.9999995e-01   0.0000000e+00
   1.7241165e-01   4.8275987e-01   3.4482848e-01
   9.9686457e-05   1.3331971e-01   8.6658060e-01
   3.1034483e-01   3.1034482e-01   3.7931035e-01
   1.9230776e-01   8.0769224e-01   0.0000000e+00
   3.4482847e-01   6.5517153e-01   0.0000000e+00
   4.6423897e-01   1.0036356e-04   5.3566067e-01
   3.9285770e-01   6.0714230e-01   0.0000000e+00
   1.9998005e-01   9.9941863e-05   7.9992001e-01
   3.3414213e-02   5.0122439e-01   4.6536140e-01
   2.6666793e-01   7.3333207e-01   0.0000000e+00
   9.9977533e-05   9.9990002e-01   0.0000000e+00
   6.8962267e-02   1.7240582e-01   7.5863191e-01
   6.8965643e-01   3.1034357e-01   0.0000000e+00
   1.7241480e-01   3.7930673e-01   4.4827848e-01
   1.6668154e-01   6.6672614e-02   7.6664585e-01
   6.6664710e-02   9.3333529e-01   0.0000000e+00
   5.8620635e-01   1.3793122e-01   2.7586243e-01
   5.9999957e-01   4.0000043e-01   0.0000000e+00
   6.4285717e-01   3.5714283e-01   0.0000000e+00
   7.6666675e-01   2.3333325e-01   0.0000000e+00
   6.8964367e-02   5.5172482e-01   3.7931081e-01
   1.0000014e-01   1.0000013e-01   7.9999973e-01
   1.4285564e-01   8.5714436e-01   0.0000000e+00
   5.3332702e-01   4.6667298e-01   0.0000000e+00
   4.8275883e-01   6.8965118e-02   4.4827605e-01
   5.6666749e-01   4.3333251e-01   0.0000000e+00
   2.4137495e-01   3.4482957e-01   4.1379548e-01
   1.0337295e-04   5.8614624e-01   4.1375039e-01
   2.0689281e-01   3.1034629e-01   4.8276089e-01
   2.4138074e-01   1.3792591e-01   6.2069335e-01
   8.5714287e-01   1.4285713e-01   0.0000000e+00
   4.8148068e-01   5.1851932e-01   0.0000000e+00
   8.0769253e-01   1.9230747e-01   0.0000000e+00
   3.3331659e-02   9.6666834e-01   0.0000000e+00
   1.0224500e-04   7.4989775e-01   2.5000000e-01
   3.7931048e-01   2.7586181e-01   3.4482771e-01
   9.9999899e-02   9.0000010e-01   0.0000000e+00
   3.1031289e-01   1.0340940e-04   6.8958371e-01
   2.3863638e-01   5.1136362e-01   2.5000000e-01
   3.4482759e-01   3.4482758e-01   3.1034482e-01
   4.2857089e-01   3.2142911e-01   2.5000000e-01
   4.4829017e-01   2.4137304e-01   3.1033678e-01
   4.8275896e-01   1.7241322e-01   3.4482782e-01
   1.0339918e-04   3.7927118e-01   6.2062542e-01
   1.3793152e-01   1.7241088e-01   6.8965760e-01
   2.4137733e-01   3.4482262e-02   7.2414041e-01
   6.8951915e-02   3.4495441e-01   5.8609367e-01
   3.4482855e-01   2.4137719e-01   4.1379426e-01
   2.7586207e-01   2.7586206e-01   4.4827586e-01
   7.3076846e-01   2.6923154e-01   0.0000000e+00
   5.5172424e-01   6.8965337e-02   3.7931042e-01
   9.9963267e-05   1.9998003e-01   7.9992001e-01
   4.4827743e-01   1.3792803e-01   4.1379455e-01
   7.4989775e-01   1.0225430e-04   2.5000000e-01
   1.0341195e-04   2.7583291e-01   7.2406368e-01
   6.8958384e-01   1.0343004e-04   3.1031273e-01
   5.5166700e-01   1.0342487e-04   4.4822958e-01
   1.0344782e-01   2.4137820e-01   6.5517398e-01
   3.4474427e-02   6.8966112e-01   2.7586445e-01
   3.2142608e-01   4.2857392e-01   2.5000000e-01
   5.3571429e-01   2.1428571e-01   2.5000000e-01
   3.1034618e-01   6.8963758e-02   6.2069006e-01
   6.4772797e-01   1.0227203e-01   2.5000000e-01
   3.4482567e-02   3.1034345e-01   6.5517398e-01
   1.0344782e-01   4.1379331e-01   4.8275887e-01
   3.1034445e-01   2.0689667e-01   4.8275889e-01
   6.2068968e-01   6.8965493e-02   3.1034483e-01
   6.2062540e-01   1.0342681e-04   3.7927118e-01
   3.7930386e-01   6.8965569e-02   5.5173057e-01
   2.4137476e-01   4.4828542e-01   3.1033982e-01
   1.3636286e-01   6.1363714e-01   2.5000000e-01
   1.3793071e-01   3.4482707e-01   5.1724222e-01
   4.1379334e-01   1.0344776e-01   4.8275890e-01
   2.7585772e-01   1.7241171e-01   5.5173057e-01
   1.0338420e-04   6.5510448e-01   3.4479214e-01
   9.7273011e-05   6.6656855e-02   9.3324587e-01
   1.0043256e-04   4.6423890e-01   5.3566067e-01
   2.4137890e-01   2.4137889e-01   5.1724222e-01
   1.3331990e-01   9.9491649e-05   8.6658060e-01
   2.0689655e-01   1.0344826e-01   6.8965519e-01
   1.7241443e-01   5.5172279e-01   2.7586277e-01
   8.9999994e-01   1.0000006e-01   0.0000000e+00
   3.4482699e-01   1.3793079e-01   5.1724222e-01
   6.6663820e-02   3.3331787e-02   9.0000439e-01
   1.0344458e-01   5.8620931e-01   3.1034611e-01
   4.1379312e-01   2.0689653e-01   3.7931035e-01
   3.7927116e-01   1.0341663e-04   6.2062542e-01
   1.3792982e-01   4.4827605e-01   4.1379412e-01
   1.3793027e-01   2.7586540e-01   5.8620433e-01
   3.7931162e-01   1.7241121e-01   4.4827717e-01
   2.0689365e-01   4.1379459e-01   3.7931176e-01
   2.7586261e-01   3.7930946e-01   3.4482794e-01
   9.9841413e-05   9.1457660e-05   9.9980870e-01
