   1.0040466e-01   4.3104077e-01   4.6855457e-01
   7.6666847e-01   2.3333153e-01   0.0000000e+00
   9.0000143e-01   9.9998569e-02   0.0000000e+00
   6.0714224e-01   3.9285776e-01   0.0000000e+00
   3.0000485e-01   6.9999515e-01   0.0000000e+00
   1.0000112e-01   1.6666389e-01   7.3333499e-01
   6.6985447e-02   5.0238542e-01   4.3062914e-01
   1.0000642e-01   8.9999358e-01   0.0000000e+00
   4.6666707e-01   5.3333293e-01   0.0000000e+00
   6.6667174e-02   9.3333283e-01   0.0000000e+00
   1.7241531e-01   2.7585578e-01   5.5172891e-01
   1.9998020e-01   9.9918568e-05   7.9991988e-01
   9.9752954e-05   9.9990025e-01   0.0000000e+00
   4.4822965e-01   1.0339518e-04   5.5166695e-01
   2.7585493e-01   3.7931419e-01   3.4483088e-01
   9.6666789e-01   3.3332110e-02   0.0000000e+00
   7.3333156e-01   2.6666844e-01   0.0000000e+00
   1.4285661e-01   8.5714339e-01   0.0000000e+00
   9.9990023e-01   9.9771324e-05   0.0000000e+00
   9.3333175e-01   6.6668252e-02   0.0000000e+00
   6.8965577e-02   3.7930980e-01   5.5172462e-01
   8.5714311e-01   1.4285689e-01   0.0000000e+00
   6.5517058e-01   3.4482942e-01   0.0000000e+00
   3.4483736e-01   6.5516264e-01   0.0000000e+00
   1.0335942e-04   5.5166728e-01   4.4822936e-01
   5.1727333e-01   2.0688294e-01   2.7584373e-01
   3.9285649e-01   6.0714351e-01   0.0000000e+00
   5.5172462e-01   6.8964701e-02   3.7931068e-01
   5.8620302e-01   1.0344923e-01   3.1034775e-01
   1.9230333e-01   8.0769667e-01   0.0000000e+00
   8.0769404e-01   1.9230596e-01   0.0000000e+00
   5.1852102e-01   4.8147898e-01   0.0000000e+00
   5.6666701e-01   4.3333299e-01   0.0000000e+00
   6.8963804e-02   3.1034613e-01   6.2069006e-01
   3.7931336e-01   1.7241107e-01   4.4827557e-01
   5.0119345e-01   3.3413398e-02   4.6539316e-01
   3.4488980e-01   1.0343846e-01   5.5167174e-01
   4.2960614e-01   6.7105781e-02   5.0328808e-01
   2.6667184e-01   7.3332816e-01   0.0000000e+00
   9.9983564e-05   2.3331017e-01   7.6658985e-01
   1.0330267e-04   6.2062524e-01   3.7927146e-01
   1.0026969e-04   4.6423657e-01   5.3566316e-01
   1.7241338e-01   5.1724164e-01   3.1034498e-01
   3.3330092e-02   9.6666991e-01   0.0000000e+00
   1.3792239e-01   3.4483538e-01   5.1724224e-01
   2.4137139e-01   3.4479169e-02   7.2414944e-01
   4.7727299e-01   2.7272688e-01   2.5000013e-01
   3.1034659e-01   2.0689243e-01   4.8276098e-01
   5.8614621e-01   1.0337070e-04   4.1375042e-01
   6.8965660e-01   3.4481164e-02   2.7586223e-01
   6.5510440e-01   1.0321115e-04   3.4479239e-01
   3.7931350e-01   2.7585795e-01   3.4482855e-01
   1.3793117e-01   2.0689554e-01   6.5517329e-01
   1.0331621e-04   6.8958387e-01   3.1031281e-01
   3.1031285e-01   1.0340216e-04   6.8958375e-01
   6.6666319e-02   6.6666318e-02   8.6666736e-01
   2.0689609e-01   3.7931057e-01   4.1379334e-01
   4.1379335e-01   2.0689616e-01   3.7931049e-01
   3.7499993e-01   3.7499993e-01   2.5000013e-01
   6.8965237e-02   6.5517263e-01   2.7586213e-01
   3.3332748e-02   1.6666721e-01   8.0000005e-01
   2.0689617e-01   2.0689617e-01   5.8620766e-01
   2.7586100e-01   1.7241405e-01   5.5172495e-01
   3.1034362e-01   4.1379530e-01   2.7586108e-01
   4.1379520e-01   3.1034371e-01   2.7586109e-01
   4.8276002e-01   1.7241144e-01   3.4482854e-01
   1.0317137e-04   3.7927154e-01   6.2062529e-01
   3.7927141e-01   1.0329735e-04   6.2062529e-01
   4.3333540e-01   5.6666460e-01   0.0000000e+00
   2.4137914e-01   4.4827596e-01   3.1034490e-01
   2.4137692e-01   1.0344861e-01   6.5517447e-01
   1.6666675e-01   6.6665606e-02   7.6666764e-01
   1.7241401e-01   1.3792907e-01   6.8965692e-01
   1.7241086e-01   4.4827753e-01   3.7931161e-01
   2.3333368e-01   7.6666632e-01   0.0000000e+00
   2.7586222e-01   2.7586221e-01   4.4827557e-01
   1.0344526e-01   5.5172635e-01   3.4482840e-01
   3.1034483e-01   3.1034483e-01   3.7931034e-01
   3.4482734e-01   2.4137942e-01   4.1379324e-01
   1.0315772e-04   3.1031235e-01   6.8958449e-01
   2.4137937e-01   2.4137937e-01   5.1724125e-01
   1.0000000e-01   1.0000000e-01   7.9999999e-01
   1.3332021e-01   9.6651443e-05   8.6658314e-01
   3.4482759e-01   3.4482759e-01   3.1034483e-01
   4.4827672e-01   1.3792941e-01   4.1379387e-01
   6.8964908e-02   2.4137723e-01   6.8965786e-01
   4.4828103e-01   2.4137696e-01   3.1034201e-01
   2.0689832e-01   3.1034568e-01   4.8275600e-01
   1.0222339e-04   7.4989764e-01   2.5000013e-01
   6.4773156e-01   1.0226831e-01   2.5000013e-01
   2.0455486e-01   5.4544501e-01   2.5000013e-01
   2.7272873e-01   4.7727114e-01   2.5000013e-01
   3.1034592e-01   6.8962448e-02   6.2069163e-01
   5.7954179e-01   1.7045808e-01   2.5000013e-01
   1.3636037e-01   6.1363950e-01   2.5000013e-01
   6.9999587e-01   3.0000413e-01   0.0000000e+00
   7.4989783e-01   1.0203660e-04   2.5000013e-01
   6.6659739e-02   2.1025845e-05   9.3331924e-01
   4.4256905e-05   9.9992768e-02   8.9996298e-01
   7.5412819e-05   9.5221807e-05   9.9982937e-01
