   9.9999972e-02   9.0000003e-01   0.0000000e+00
   6.3333838e-01   3.6666162e-01   0.0000000e+00
   3.1034000e-01   6.8964319e-02   6.2069568e-01
   2.5000002e-01   4.9999998e-01   2.5000000e-01
   6.7999816e-01   3.2000184e-01   0.0000000e+00
   2.4137892e-01   1.0344801e-01   6.5517307e-01
   1.3789390e-01   5.5184480e-01   3.1026130e-01
   9.9959915e-05   9.9990004e-01   0.0000000e+00
   4.3328262e-01   9.9983304e-05   5.6661740e-01
   1.4285357e-01   8.5714643e-01   0.0000000e+00
   6.6666773e-02   1.3333353e-01   7.9999969e-01
   7.6666623e-01   2.3333377e-01   0.0000000e+00
   1.0342093e-04   2.4135121e-01   7.5854537e-01
   3.5714175e-01   6.4285825e-01   0.0000000e+00
   9.3333333e-01   6.6666675e-02   0.0000000e+00
   1.0340409e-04   5.8614627e-01   4.1375032e-01
   3.7931062e-01   2.7586155e-01   3.4482783e-01
   8.5714390e-01   1.4285610e-01   0.0000000e+00
   7.3076819e-01   2.6923181e-01   0.0000000e+00
   2.0689504e-01   5.1724491e-01   2.7586005e-01
   1.0344825e-01   4.1379326e-01   4.8275849e-01
   5.5166703e-01   1.0342490e-04   4.4822955e-01
   7.4989776e-01   1.0223923e-04   2.5000000e-01
   3.3333326e-02   9.6666667e-01   0.0000000e+00
   4.4444511e-01   5.5555489e-01   0.0000000e+00
   3.1034265e-01   4.1379722e-01   2.7586013e-01
   2.0689643e-01   2.0689655e-01   5.8620703e-01
   5.1724214e-01   6.8964152e-02   4.1379371e-01
   1.3637007e-01   6.1362993e-01   2.5000000e-01
   2.4137938e-01   3.4482741e-01   4.1379321e-01
   6.7261711e-02   5.3811827e-01   3.9462002e-01
   1.3792935e-01   3.4482826e-01   5.1724239e-01
   6.6665933e-02   9.3333407e-01   0.0000000e+00
   5.4545318e-01   2.0454682e-01   2.5000000e-01
   2.6666917e-01   7.3333083e-01   0.0000000e+00
   3.0768926e-01   6.9231074e-01   0.0000000e+00
   1.3792757e-01   2.4137675e-01   6.2069568e-01
   8.0769128e-01   1.9230872e-01   0.0000000e+00
   4.9999985e-01   5.0000015e-01   0.0000000e+00
   3.9999994e-01   6.0000006e-01   0.0000000e+00
   1.9230855e-01   8.0769145e-01   0.0000000e+00
   4.4827646e-01   1.0344708e-01   4.4827646e-01
   3.4482771e-01   1.0344797e-01   5.5172432e-01
   6.5517427e-01   3.4480014e-02   3.1034571e-01
   1.0338802e-04   4.1375035e-01   5.8614626e-01
   6.8965579e-02   3.7930981e-01   5.5172461e-01
   5.5172415e-01   1.0344826e-01   3.4482759e-01
   9.9990036e-01   9.9644706e-05   0.0000000e+00
   1.0344285e-01   3.1034499e-01   5.8621216e-01
   6.2062536e-01   1.0341189e-04   3.7927123e-01
   8.9999918e-01   1.0000082e-01   0.0000000e+00
   2.7583254e-01   1.0341563e-04   7.2406405e-01
   1.9998151e-01   9.9887209e-05   7.9991860e-01
   1.0339377e-04   6.5510463e-01   3.4479197e-01
   4.2857160e-01   3.2142840e-01   2.5000000e-01
   9.6666651e-01   3.3333488e-02   0.0000000e+00
   1.0220139e-04   7.4989780e-01   2.5000000e-01
   4.2871232e-01   1.7829931e-01   3.9298837e-01
   2.0689651e-01   3.1034484e-01   4.8275864e-01
   5.5555510e-01   4.4444490e-01   0.0000000e+00
   2.0689654e-01   4.1379305e-01   3.7931041e-01
   3.7930762e-01   1.3793164e-01   4.8276074e-01
   5.9999963e-01   4.0000037e-01   0.0000000e+00
   3.4483034e-01   2.4137326e-01   4.1379640e-01
   1.7241296e-01   4.8275911e-01   3.4482793e-01
   4.4827899e-01   2.7586050e-01   2.7586050e-01
   2.7586195e-01   2.7586211e-01   4.4827594e-01
   3.5714950e-01   3.9285050e-01   2.5000000e-01
   1.3332040e-01   9.9878323e-05   8.6657972e-01
   1.3333906e-01   1.0000420e-01   7.6665674e-01
   1.0339882e-04   3.4479189e-01   6.5510471e-01
   1.0344906e-01   1.7240949e-01   7.2414144e-01
   6.8965498e-02   6.2068967e-01   3.1034483e-01
   2.4137034e-01   4.4829634e-01   3.1033332e-01
   3.1034470e-01   3.1034488e-01   3.7931041e-01
   4.1379335e-01   6.8964970e-02   5.1724168e-01
   2.3333461e-01   7.6666539e-01   0.0000000e+00
   1.7241330e-01   3.7931060e-01   4.4827610e-01
   1.7241439e-01   2.7585955e-01   5.5172606e-01
   9.9976403e-05   4.9995166e-01   4.9994836e-01
   3.4479190e-01   1.0339424e-04   6.5510471e-01
   3.4482751e-01   3.4482772e-01   3.1034477e-01
   2.0000289e-01   6.6665399e-02   7.3333171e-01
   2.7586069e-01   3.7931107e-01   3.4482824e-01
   2.4137920e-01   2.4137934e-01   5.1724145e-01
   9.9999850e-02   6.6666670e-02   8.3333348e-01
   4.8275859e-01   3.4482761e-02   4.8275865e-01
   6.4772624e-01   1.0227376e-01   2.5000000e-01
   3.4476339e-02   6.8965976e-01   2.7586390e-01
   6.6660410e-02   6.3343528e-05   9.3327625e-01
   1.3793059e-01   4.4827611e-01   4.1379330e-01
   3.4481391e-02   2.7586373e-01   6.8965488e-01
   9.9867091e-05   1.6664991e-01   8.3325022e-01
   5.8620826e-01   1.3792903e-01   2.7586271e-01
   1.7241382e-01   1.3793131e-01   6.8965486e-01
   3.1034473e-01   2.0689681e-01   4.8275847e-01
   4.8275872e-01   2.0689639e-01   3.1034489e-01
   2.7586258e-01   1.7241224e-01   5.5172517e-01
   5.7369541e-05   9.9988817e-02   8.9995381e-01
   9.6835581e-05   8.6688205e-05   9.9981648e-01
