   6.1363188e-01   1.3636812e-01   2.5000000e-01
   6.5517089e-01   3.4482911e-01   0.0000000e+00
   9.6666843e-01   3.3331571e-02   0.0000000e+00
   2.6666704e-01   7.3333296e-01   0.0000000e+00
   9.0000001e-01   9.9999990e-02   0.0000000e+00
   5.8614612e-01   1.0339957e-04   4.1375048e-01
   3.9917453e-01   2.3793788e-01   3.6288759e-01
   8.0769125e-01   1.9230875e-01   0.0000000e+00
   9.9977330e-05   9.9990002e-01   0.0000000e+00
   2.3076988e-01   7.6923012e-01   0.0000000e+00
   2.4137858e-01   3.4482792e-01   4.1379350e-01
   3.5714188e-01   6.4285812e-01   0.0000000e+00
   6.6666756e-02   6.6666760e-02   8.6666648e-01
   9.9990527e-02   9.9980324e-05   8.9990949e-01
   3.1034200e-01   3.4482440e-02   6.5517556e-01
   5.5172125e-01   6.8965962e-02   3.7931279e-01
   1.8518403e-01   8.1481597e-01   0.0000000e+00
   3.9999996e-01   6.0000004e-01   0.0000000e+00
   8.5714290e-01   1.4285710e-01   0.0000000e+00
   6.6666411e-02   9.3333359e-01   0.0000000e+00
   1.7045305e-01   5.7954695e-01   2.5000000e-01
   9.9980670e-05   1.9998060e-01   7.9991942e-01
   7.1428557e-01   2.8571443e-01   0.0000000e+00
   7.4989775e-01   1.0224869e-04   2.5000000e-01
   9.3333252e-01   6.6667483e-02   0.0000000e+00
   2.0689567e-01   5.1724343e-01   2.7586090e-01
   1.3793103e-01   1.3793104e-01   7.2413794e-01
   1.0081281e-04   5.7137012e-01   4.2852907e-01
   3.1034335e-01   2.4138292e-01   4.4827373e-01
   1.0222062e-04   7.4989778e-01   2.5000000e-01
   4.6666672e-01   5.3333328e-01   0.0000000e+00
   1.3793027e-01   8.6206973e-01   0.0000000e+00
   3.4482795e-01   1.7241292e-01   4.8275913e-01
   3.3333411e-02   9.6666659e-01   0.0000000e+00
   1.7241388e-01   4.8275837e-01   3.4482775e-01
   6.8964952e-02   5.8620726e-01   3.4482779e-01
   1.0000005e-01   8.9999995e-01   0.0000000e+00
   3.1034482e-01   3.1034483e-01   3.7931035e-01
   2.4137935e-01   2.7586206e-01   4.8275860e-01
   2.0000242e-01   3.3333724e-02   7.6666386e-01
   1.0083171e-04   4.2850879e-01   5.7139038e-01
   3.7931073e-01   2.0689575e-01   4.1379352e-01
   1.3793111e-01   5.5172409e-01   3.1034480e-01
   2.7585921e-01   3.7931184e-01   3.4482895e-01
   4.8276324e-01   2.0689470e-01   3.1034206e-01
   1.0337360e-04   6.5510467e-01   3.4479196e-01
   1.0227529e-01   6.4772471e-01   2.5000000e-01
   1.0344454e-01   2.7586322e-01   6.2069224e-01
   5.1136249e-01   2.3863751e-01   2.5000000e-01
   5.6666756e-01   4.3333244e-01   0.0000000e+00
   3.0769234e-01   6.9230766e-01   0.0000000e+00
   9.9929114e-05   1.3331998e-01   8.6658009e-01
   4.1381436e-01   1.3788829e-01   4.4829735e-01
   1.0336316e-04   3.1031290e-01   6.8958374e-01
   1.0342412e-04   4.8270882e-01   5.1718776e-01
   4.8276016e-01   1.0344542e-01   4.1379442e-01
   4.3333113e-01   5.6666887e-01   0.0000000e+00
   6.5517568e-01   6.8960890e-02   2.7586343e-01
   9.9990002e-01   9.9976170e-05   0.0000000e+00
   3.4482758e-01   3.4482760e-01   3.1034482e-01
   2.0689749e-01   1.7241003e-01   6.2069247e-01
   3.5714452e-01   3.9285548e-01   2.5000000e-01
   1.0000010e-01   1.0000010e-01   7.9999980e-01
   1.3793104e-01   3.1034480e-01   5.5172416e-01
   2.7272972e-01   4.7727028e-01   2.5000000e-01
   5.5177504e-01   1.7239423e-01   2.7583073e-01
   4.4318230e-01   3.0681770e-01   2.5000000e-01
   2.7583361e-01   1.0343717e-04   7.2406295e-01
   1.7241340e-01   2.4138213e-01   5.8620447e-01
   4.9994753e-01   9.9860669e-05   4.9995261e-01
   1.0344525e-01   5.1724312e-01   3.7931162e-01
   6.6667077e-02   1.6666906e-01   7.6666386e-01
   5.1724262e-01   1.3792896e-01   3.4482841e-01
   3.1034581e-01   1.3792830e-01   5.5172589e-01
   3.4482129e-02   2.4137943e-01   7.2413844e-01
   3.4478474e-02   3.4482912e-01   6.2069241e-01
   2.0689670e-01   4.1379270e-01   3.7931060e-01
   2.4137944e-01   4.4827557e-01   3.1034499e-01
   1.0344808e-01   2.0689582e-01   6.8965610e-01
   3.7931039e-01   1.0344817e-01   5.1724144e-01
   6.2069164e-01   3.4479671e-02   3.4482869e-01
   5.1852021e-01   4.8147979e-01   0.0000000e+00
   1.3792878e-01   4.1379415e-01   4.4827707e-01
   6.6669112e-02   4.6664626e-01   4.6668463e-01
   6.8958389e-01   1.0338592e-04   3.1031273e-01
   4.4827554e-01   1.7241389e-01   3.7931057e-01
   3.7927154e-01   1.0343153e-04   6.2062503e-01
   1.7241402e-01   3.4482745e-01   4.8275853e-01
   2.7586331e-01   2.0689294e-01   5.1724375e-01
   1.0344824e-01   3.7931034e-01   5.1724143e-01
   4.1379431e-01   3.4480363e-02   5.5172533e-01
   2.7586261e-01   1.0344683e-01   6.2069056e-01
   7.6666616e-01   2.3333384e-01   0.0000000e+00
   6.5634596e-05   6.6659826e-02   9.3327454e-01
   3.4475582e-02   6.8966051e-01   2.7586391e-01
   6.0714037e-01   3.9285963e-01   0.0000000e+00
   1.6664105e-01   9.9119789e-05   8.3325983e-01
   2.0689631e-01   1.0344752e-01   6.8965616e-01
   4.1379416e-01   2.7586117e-01   3.1034467e-01
   8.2978777e-05   9.4920006e-05   9.9982210e-01
