   4.8275989e-01   1.7241162e-01   3.4482849e-01
   8.6207023e-01   1.3792977e-01   0.0000000e+00
   3.4482871e-01   3.1034260e-01   3.4482870e-01
   1.3793099e-01   8.6206901e-01   0.0000000e+00
   3.0000022e-01   6.9999978e-01   0.0000000e+00
   2.3076874e-01   7.6923126e-01   0.0000000e+00
   2.0689686e-01   6.8964113e-02   7.2413903e-01
   1.7045426e-01   5.7954533e-01   2.5000042e-01
   9.6666625e-01   3.3333754e-02   0.0000000e+00
   1.0221076e-04   7.4989737e-01   2.5000042e-01
   7.4989743e-01   1.0215407e-04   2.5000042e-01
   6.6666908e-02   9.3333309e-01   0.0000000e+00
   5.7954480e-01   1.7045478e-01   2.5000042e-01
   1.0332535e-04   6.8958391e-01   3.1031277e-01
   9.3333067e-01   6.6669330e-02   0.0000000e+00
   9.9999916e-02   1.0000020e-01   7.9999989e-01
   7.3333220e-01   2.6666780e-01   0.0000000e+00
   1.3334131e-01   3.3335197e-02   8.3332349e-01
   1.0334341e-04   4.8270882e-01   5.1718783e-01
   2.7586168e-01   4.4827663e-01   2.7586168e-01
   2.6667223e-01   7.3332777e-01   0.0000000e+00
   2.0689554e-01   2.4138298e-01   5.5172148e-01
   9.9969185e-05   9.9990003e-01   0.0000000e+00
   6.9230772e-01   3.0769228e-01   0.0000000e+00
   2.7583338e-01   1.0341645e-04   7.2406320e-01
   5.1851891e-01   4.8148109e-01   0.0000000e+00
   1.0340761e-04   4.1375039e-01   5.8614620e-01
   5.6666322e-01   4.3333678e-01   0.0000000e+00
   6.4773028e-01   1.0226930e-01   2.5000042e-01
   1.3792522e-01   4.4827889e-01   4.1379589e-01
   9.9990007e-01   9.9932064e-05   0.0000000e+00
   8.1481512e-01   1.8518488e-01   0.0000000e+00
   1.7241005e-01   4.8276081e-01   3.4482914e-01
   7.6923015e-01   2.3076985e-01   0.0000000e+00
   3.9285741e-01   6.0714259e-01   0.0000000e+00
   6.8965120e-02   5.8620715e-01   3.4482773e-01
   4.6666685e-01   5.3333315e-01   0.0000000e+00
   3.4091022e-01   4.0908936e-01   2.5000042e-01
   1.3792370e-01   3.1034747e-01   5.5172883e-01
   2.4137810e-01   4.1379377e-01   3.4482813e-01
   3.4483122e-01   6.5516878e-01   0.0000000e+00
   9.6584025e-05   1.3331949e-01   8.6658393e-01
   3.4479179e-01   1.0335088e-04   6.5510486e-01
   1.7241339e-01   1.7241388e-01   6.5517273e-01
   3.1034484e-01   1.3793102e-01   5.5172414e-01
   5.1723895e-01   2.0689760e-01   2.7586346e-01
   5.9999996e-01   4.0000004e-01   0.0000000e+00
   6.8965732e-01   3.4479748e-02   2.7586293e-01
   6.8959259e-02   3.7936664e-01   5.5167410e-01
   4.8270873e-01   1.0343070e-04   5.1718783e-01
   4.6428812e-01   2.8571146e-01   2.5000042e-01
   1.0340902e-04   3.1030250e-01   6.8959409e-01
   4.1379308e-01   2.7586210e-01   3.1034483e-01
   3.7931343e-01   3.4482587e-01   2.7586070e-01
   9.9999219e-02   9.0000078e-01   0.0000000e+00
   9.0000025e-01   9.9999746e-02   0.0000000e+00
   3.4482393e-01   6.8965651e-02   5.8621042e-01
   6.8964310e-02   2.7586243e-01   6.5517326e-01
   1.9997994e-01   9.9933552e-05   7.9992012e-01
   2.7586255e-01   2.0689645e-01   5.1724101e-01
   6.4285706e-01   3.5714294e-01   0.0000000e+00
   1.0227255e-01   6.4772703e-01   2.5000042e-01
   1.0344747e-01   4.1379764e-01   4.8275489e-01
   4.3333452e-01   5.6666548e-01   0.0000000e+00
   4.3332909e-01   1.3334321e-01   4.3332770e-01
   1.3792880e-01   5.5172557e-01   3.1034563e-01
   1.7241274e-01   3.4482802e-01   4.8275924e-01
   3.7931102e-01   2.4137796e-01   3.7931102e-01
   9.9972804e-05   5.6661009e-01   4.3328993e-01
   3.3331826e-02   9.6666817e-01   0.0000000e+00
   9.9945100e-05   1.9997993e-01   7.9992012e-01
   1.0344759e-01   5.1724181e-01   3.7931060e-01
   3.7931194e-01   1.0344637e-01   5.1724169e-01
   3.4482787e-01   2.0689590e-01   4.4827623e-01
   1.3793123e-01   2.4137823e-01   6.2069053e-01
   5.8620998e-01   3.4477684e-02   3.7931234e-01
   3.3333008e-02   6.6666508e-02   9.0000048e-01
   4.2852447e-01   1.0079353e-04   5.7137474e-01
   3.4480476e-02   3.4482817e-01   6.2069136e-01
   3.4482699e-02   2.4137929e-01   7.2413802e-01
   5.3566310e-01   1.0040628e-04   4.6423649e-01
   3.1034317e-01   3.7931349e-01   3.1034334e-01
   1.8518513e-01   8.1481487e-01   0.0000000e+00
   6.6667477e-02   1.6666767e-01   7.6666485e-01
   4.4827434e-01   6.8965708e-02   4.8275995e-01
   1.3793070e-01   1.3793109e-01   7.2413821e-01
   2.4137325e-01   1.3793213e-01   6.2069461e-01
   5.1723825e-01   1.0344895e-01   3.7931281e-01
   2.0689493e-01   3.7931113e-01   4.1379394e-01
   2.7586213e-01   6.8965263e-02   6.5517261e-01
   5.8620777e-01   1.0344696e-01   3.1034527e-01
   1.0342615e-04   6.2062547e-01   3.7927111e-01
   9.9987812e-02   8.4554822e-05   8.9992763e-01
   2.4380129e-01   5.0619829e-01   2.5000042e-01
   3.1034225e-01   2.7586343e-01   4.1379433e-01
   2.4138074e-01   3.1034331e-01   4.4827595e-01
   6.5510453e-01   1.0341050e-04   3.4479206e-01
   2.7586220e-01   3.4482725e-01   3.7931055e-01
   6.8965412e-02   4.8275868e-01   4.4827591e-01
   9.8600751e-05   9.5994601e-05   9.9980540e-01
