   3.6666455e-01   6.3333545e-01   0.0000000e+00
   1.0000429e-01   8.9999571e-01   0.0000000e+00
   9.3333340e-01   6.6666603e-02   0.0000000e+00
   5.6666427e-01   4.3333573e-01   0.0000000e+00
   2.3333382e-01   7.6666618e-01   0.0000000e+00
   6.4285574e-01   3.5714426e-01   0.0000000e+00
   1.4285685e-01   8.5714315e-01   0.0000000e+00
   7.3076895e-01   2.6923105e-01   0.0000000e+00
   3.3333041e-02   9.6666696e-01   0.0000000e+00
   3.2000123e-01   6.7999877e-01   0.0000000e+00
   5.3333162e-01   4.6666838e-01   0.0000000e+00
   3.2142414e-01   3.2142409e-01   3.5715177e-01
   4.1379364e-01   1.0344714e-01   4.8275922e-01
   1.9230758e-01   8.0769242e-01   0.0000000e+00
   3.1031284e-01   1.0307438e-04   6.8958409e-01
   5.1724289e-01   2.0689426e-01   2.7586285e-01
   9.9990028e-01   9.9721888e-05   0.0000000e+00
   1.0342597e-04   6.5510484e-01   3.4479174e-01
   1.0333014e-04   4.8270956e-01   5.1718711e-01
   4.3333433e-01   5.6666567e-01   0.0000000e+00
   2.7585574e-01   1.0344911e-01   6.2069515e-01
   8.0770036e-01   1.9229964e-01   0.0000000e+00
   2.0689641e-01   2.0689638e-01   5.8620721e-01
   2.0689352e-01   5.1724847e-01   2.7585802e-01
   9.9836588e-05   2.3331360e-01   7.6658656e-01
   9.6666709e-01   3.3332912e-02   0.0000000e+00
   6.8965933e-01   3.1034067e-01   0.0000000e+00
   7.6666394e-01   2.3333606e-01   0.0000000e+00
   1.0344864e-01   3.4482558e-01   5.5172577e-01
   1.7241305e-01   3.1034519e-01   5.1724176e-01
   6.6668156e-02   4.6666612e-01   4.6666573e-01
   4.6666816e-01   5.3333184e-01   0.0000000e+00
   6.8963307e-02   6.5517397e-01   2.7586272e-01
   8.5714289e-01   1.4285711e-01   0.0000000e+00
   6.8965493e-02   3.1034443e-01   6.2069007e-01
   3.4488048e-01   6.8959771e-02   5.8615975e-01
   5.0000004e-01   4.9999996e-01   0.0000000e+00
   2.0689668e-01   1.3793091e-01   6.5517241e-01
   2.4137707e-01   3.4481919e-02   7.2414102e-01
   5.1725302e-01   1.0342820e-01   3.7931878e-01
   6.0000036e-01   3.9999964e-01   0.0000000e+00
   2.0689144e-01   4.4827883e-01   3.4482973e-01
   2.6923605e-01   7.3076395e-01   0.0000000e+00
   9.9874805e-05   9.9990013e-01   0.0000000e+00
   4.6424351e-01   1.0034417e-04   5.3565614e-01
   6.6665262e-02   9.3333474e-01   0.0000000e+00
   1.3793088e-01   2.0689671e-01   6.5517241e-01
   1.3792833e-01   2.7586129e-01   5.8621037e-01
   6.6665488e-02   3.3333164e-02   9.0000135e-01
   4.8275934e-01   1.7241267e-01   3.4482800e-01
   2.7586211e-01   2.7586207e-01   4.4827581e-01
   1.6666688e-01   6.6665816e-02   7.6666731e-01
   3.4482808e-01   1.3792930e-01   5.1724263e-01
   3.4482521e-01   3.7931389e-01   2.7586090e-01
   2.4137739e-01   3.7930377e-01   3.7931884e-01
   5.0118821e-01   3.3410417e-02   4.6540137e-01
   1.3792950e-01   1.3792948e-01   7.2414102e-01
   5.8619906e-01   6.8966810e-02   3.4483413e-01
   1.0328326e-04   3.7926872e-01   6.2062800e-01
   3.1034492e-01   2.0689631e-01   4.8275877e-01
   1.0333346e-04   3.1031258e-01   6.8958408e-01
   6.5510490e-01   1.0335702e-04   3.4479174e-01
   6.8181867e-01   6.8181285e-02   2.5000005e-01
   1.0344693e-01   5.1723427e-01   3.7931880e-01
   3.9285757e-01   3.5714238e-01   2.5000005e-01
   3.9999956e-01   6.0000044e-01   0.0000000e+00
   1.3792129e-01   5.5173040e-01   3.1034831e-01
   5.7953793e-01   1.7046203e-01   2.5000005e-01
   6.8965858e-02   2.4137722e-01   6.8965692e-01
   5.7137099e-01   1.0073231e-04   4.2852828e-01
   1.3793106e-01   3.7931021e-01   4.8275873e-01
   4.7727502e-01   2.7272493e-01   2.5000005e-01
   3.7931014e-01   1.7241386e-01   4.4827600e-01
   6.2068972e-01   1.0344826e-01   2.7586202e-01
   1.0080171e-04   5.7137092e-01   4.2852828e-01
   1.9998427e-01   7.8066955e-05   7.9993766e-01
   6.8956894e-02   5.8621349e-01   3.4482962e-01
   4.1379001e-01   2.0689761e-01   3.7931237e-01
   8.9999075e-01   1.0000925e-01   0.0000000e+00
   6.6666407e-02   1.6666679e-01   7.6666680e-01
   2.4999723e-01   5.0000272e-01   2.5000005e-01
   3.4471372e-02   4.1379825e-01   5.5173038e-01
   6.6669137e-02   1.0000389e-01   8.3332697e-01
   1.3636373e-01   6.1363622e-01   2.5000005e-01
   1.3332098e-01   9.7309317e-05   8.6658171e-01
   1.0196658e-04   7.4989799e-01   2.5000005e-01
   3.7927204e-01   1.0286664e-04   6.2062509e-01
   7.4989786e-01   1.0209696e-04   2.5000005e-01
   2.0689763e-01   3.4482134e-01   4.4828102e-01
   3.4482955e-01   2.4137607e-01   4.1379438e-01
   4.4827512e-01   1.3793054e-01   4.1379435e-01
   2.7586182e-01   4.1379350e-01   3.1034468e-01
   2.7585580e-01   1.7241448e-01   5.5172972e-01
   2.4137924e-01   2.4137920e-01   5.1724156e-01
   2.1714141e-05   9.9997692e-02   8.9998059e-01
   1.7902072e-05   1.6666103e-01   8.3332107e-01
   1.7241382e-01   4.1379183e-01   4.1379435e-01
   3.0680855e-01   4.4319140e-01   2.5000005e-01
   4.1379344e-01   2.7586188e-01   3.1034468e-01
   9.3517448e-05   9.3306726e-05   9.9981318e-01
