   2.3331097e-01   9.9985497e-05   7.6658905e-01
   2.6923235e-01   7.3076765e-01   0.0000000e+00
   7.6923185e-01   2.3076815e-01   0.0000000e+00
   3.5714299e-01   6.4285701e-01   0.0000000e+00
   1.0224971e-04   7.4989772e-01   2.5000003e-01
   2.7586316e-01   3.4479666e-02   6.8965717e-01
   5.3332046e-01   4.6667954e-01   0.0000000e+00
   6.0000000e-01   4.0000000e-01   0.0000000e+00
   6.6666619e-02   1.3333341e-01   7.9999998e-01
   3.9999827e-01   6.0000173e-01   0.0000000e+00
   6.4286186e-01   3.5713814e-01   0.0000000e+00
   5.6666744e-01   4.3333256e-01   0.0000000e+00
   3.7939617e-01   1.3791212e-01   4.8269171e-01
   1.9230718e-01   8.0769282e-01   0.0000000e+00
   4.4318085e-01   3.0681912e-01   2.5000003e-01
   1.0000293e-01   8.9999707e-01   0.0000000e+00
   2.3333133e-01   7.6666867e-01   0.0000000e+00
   3.7930671e-01   6.8965922e-02   5.5172737e-01
   1.0000314e-01   3.3333906e-02   8.6666296e-01
   3.4479228e-01   1.0339799e-04   6.5510432e-01
   3.3332012e-02   9.6666799e-01   0.0000000e+00
   4.1379310e-01   2.7586207e-01   3.1034483e-01
   9.9875107e-05   5.3328668e-01   4.6661344e-01
   6.4772723e-01   1.0227274e-01   2.5000003e-01
   3.2142853e-01   4.2857143e-01   2.5000003e-01
   7.4989784e-01   1.0212465e-04   2.5000003e-01
   1.0343140e-04   4.4823003e-01   5.5166654e-01
   3.1034529e-01   6.8965471e-01   0.0000000e+00
   4.8275930e-01   1.0344700e-01   4.1379369e-01
   2.0455023e-01   5.4544974e-01   2.5000003e-01
   2.4137400e-01   3.1034701e-01   4.4827898e-01
   2.4137985e-01   4.1379181e-01   3.4482835e-01
   1.3793023e-01   3.1034511e-01   5.5172466e-01
   1.0345060e-01   2.7585940e-01   6.2069001e-01
   6.8961562e-02   2.4138126e-01   6.8965717e-01
   4.3333584e-01   5.6666416e-01   0.0000000e+00
   6.9997402e-01   3.3336081e-02   2.6668989e-01
   1.3333350e-01   1.0000011e-01   7.6666639e-01
   1.4285652e-01   8.5714348e-01   0.0000000e+00
   1.3793205e-01   5.5172087e-01   3.1034708e-01
   3.4482743e-01   3.1034490e-01   3.4482767e-01
   1.3793006e-01   4.1379357e-01   4.4827638e-01
   1.3636295e-01   6.1363702e-01   2.5000003e-01
   2.0688947e-01   3.7931374e-01   4.1379679e-01
   6.6663014e-02   9.3333699e-01   0.0000000e+00
   4.1379113e-01   1.7241437e-01   4.1379450e-01
   9.3333454e-01   6.6665464e-02   0.0000000e+00
   8.1481557e-01   1.8518443e-01   0.0000000e+00
   9.0000034e-01   9.9999655e-02   0.0000000e+00
   4.1375017e-01   1.0339898e-04   5.8614643e-01
   4.8270849e-01   1.0341532e-04   5.1718809e-01
   9.9960102e-05   9.9990004e-01   0.0000000e+00
   1.0344640e-01   4.8275963e-01   4.1379397e-01
   8.6207126e-01   1.3792874e-01   0.0000000e+00
   2.0689634e-01   1.3793089e-01   6.5517276e-01
   1.7241555e-01   4.8275327e-01   3.4483117e-01
   6.8965443e-02   5.8620694e-01   3.4482761e-01
   1.7241338e-01   2.0689661e-01   6.2069001e-01
   2.0689675e-01   6.8964604e-02   7.2413864e-01
   4.8276964e-01   2.4137414e-01   2.7585622e-01
   6.8965730e-02   6.5517135e-01   2.7586292e-01
   5.3566068e-01   1.0039897e-04   4.6423892e-01
   1.0341767e-04   3.4479226e-01   6.5510432e-01
   4.8147796e-01   5.1852204e-01   0.0000000e+00
   9.9990007e-01   9.9932727e-05   0.0000000e+00
   3.4479013e-02   5.5172630e-01   4.1379469e-01
   5.4545421e-01   2.0454576e-01   2.5000003e-01
   9.6666665e-01   3.3333350e-02   0.0000000e+00
   5.5172365e-01   1.3793119e-01   3.1034517e-01
   7.3333352e-01   2.6666648e-01   0.0000000e+00
   6.2068982e-01   6.8965271e-02   3.1034491e-01
   1.6665026e-01   9.9554081e-05   8.3325019e-01
   4.4827598e-01   6.8965265e-02   4.8275876e-01
   3.3333564e-02   1.0000151e-01   8.6666493e-01
   3.1034590e-01   3.7930975e-01   3.1034435e-01
   1.0344805e-01   3.7931033e-01   5.1724162e-01
   2.0689786e-01   2.4137891e-01   5.5172324e-01
   1.0344642e-01   1.7241460e-01   7.2413898e-01
   3.7930967e-01   2.4137930e-01   3.7931103e-01
   1.0343218e-04   2.7583223e-01   7.2406434e-01
   3.1034484e-01   1.3793103e-01   5.5172413e-01
   1.7241360e-01   3.4482764e-01   4.8275876e-01
   3.3333229e-02   2.0000038e-01   7.6666639e-01
   2.7586224e-01   2.0689666e-01   5.1724110e-01
   1.0335356e-04   6.5510462e-01   3.4479202e-01
   6.8965317e-02   4.4827593e-01   4.8275876e-01
   2.7586166e-01   1.0344834e-01   6.2069001e-01
   2.7586036e-01   3.4482856e-01   3.7931108e-01
   3.1034673e-01   2.4137888e-01   4.4827439e-01
   6.9230770e-01   3.0769230e-01   0.0000000e+00
   6.5510472e-01   1.0342442e-04   3.4479186e-01
   3.7931194e-01   3.4482645e-01   2.7586161e-01
   4.8275665e-01   1.7241445e-01   3.4482890e-01
   2.4137908e-01   4.8275877e-01   2.7586215e-01
   3.4482438e-02   3.7931155e-01   5.8620601e-01
   9.9942671e-05   1.6664987e-01   8.3325019e-01
   5.8620659e-01   3.4482376e-02   3.7931103e-01
   6.6652893e-02   8.1070721e-05   9.3326604e-01
   7.4727717e-05   6.6659236e-02   9.3326604e-01
   9.4828447e-05   9.5995984e-05   9.9980918e-01
