   3.7931248e-01   6.8960289e-02   5.5172723e-01
   6.4772468e-01   1.0227521e-01   2.5000011e-01
   6.9230760e-01   3.0769240e-01   0.0000000e+00
   8.1481205e-01   1.8518795e-01   0.0000000e+00
   1.7241384e-01   1.0344801e-01   7.2413815e-01
   5.7953999e-01   1.7045991e-01   2.5000011e-01
   3.3332099e-02   9.6666790e-01   0.0000000e+00
   2.0687711e-01   4.8280721e-01   3.1031567e-01
   6.8965691e-02   5.8620585e-01   3.4482845e-01
   3.5714196e-01   6.4285804e-01   0.0000000e+00
   3.5714224e-01   3.9285765e-01   2.5000011e-01
   1.0039933e-01   4.3107695e-01   4.6852372e-01
   4.7726543e-01   2.7273446e-01   2.5000011e-01
   4.2857897e-01   1.7856038e-01   3.9286065e-01
   1.0344861e-01   4.8275697e-01   4.1379442e-01
   7.4989767e-01   1.0222126e-04   2.5000011e-01
   9.9873146e-05   9.9990013e-01   0.0000000e+00
   6.5510456e-01   1.0339364e-04   3.4479205e-01
   1.3636172e-01   6.1363817e-01   2.5000011e-01
   4.3333316e-01   5.6666684e-01   0.0000000e+00
   5.9999999e-01   4.0000001e-01   0.0000000e+00
   4.9999918e-01   5.0000082e-01   0.0000000e+00
   1.0340579e-04   6.2062552e-01   3.7927108e-01
   6.8960937e-02   3.7935159e-01   5.5168748e-01
   1.3333406e-01   6.6666961e-02   7.9999898e-01
   3.0769135e-01   6.9230865e-01   0.0000000e+00
   6.8963777e-02   6.5517364e-01   2.7586258e-01
   6.4285790e-01   3.5714210e-01   0.0000000e+00
   2.4137885e-01   1.7241385e-01   5.8620731e-01
   9.9999289e-02   9.0000071e-01   0.0000000e+00
   5.6666587e-01   4.3333413e-01   0.0000000e+00
   1.7241172e-01   2.0689707e-01   6.2069121e-01
   2.6666877e-01   7.3333123e-01   0.0000000e+00
   9.3333261e-01   6.6667386e-02   0.0000000e+00
   3.7931034e-01   1.3793104e-01   4.8275862e-01
   2.8571054e-01   3.2142882e-01   3.9286065e-01
   1.0344821e-01   2.0689642e-01   6.8965537e-01
   9.9907740e-05   1.3331914e-01   8.6658095e-01
   7.3333333e-01   2.6666667e-01   0.0000000e+00
   2.4137931e-01   2.7586207e-01   4.8275862e-01
   1.3793243e-01   8.6206757e-01   0.0000000e+00
   1.0224466e-04   7.4989765e-01   2.5000011e-01
   9.9990007e-01   9.9931950e-05   0.0000000e+00
   5.3564756e-01   1.0039131e-04   4.6425204e-01
   6.6666880e-02   9.3333312e-01   0.0000000e+00
   3.9999996e-01   6.0000004e-01   0.0000000e+00
   2.3863826e-01   5.1136164e-01   2.5000011e-01
   6.6669617e-02   1.0000444e-01   8.3332594e-01
   2.3076932e-01   7.6923068e-01   0.0000000e+00
   1.8518495e-01   8.1481505e-01   0.0000000e+00
   3.7931476e-01   2.7585363e-01   3.4483160e-01
   1.7239072e-01   5.5178414e-01   2.7582514e-01
   2.4137809e-01   4.1379377e-01   3.4482814e-01
   5.1724173e-01   1.3793046e-01   3.4482782e-01
   1.0340755e-04   6.8958384e-01   3.1031275e-01
   3.1034473e-01   1.3793105e-01   5.5172422e-01
   5.3333078e-01   4.6666922e-01   0.0000000e+00
   2.0689115e-01   1.3792744e-01   6.5518141e-01
   9.6666809e-01   3.3331909e-02   0.0000000e+00
   8.6207270e-01   1.3792730e-01   0.0000000e+00
   9.9983212e-05   4.9994967e-01   4.9995035e-01
   6.8965544e-01   3.4482383e-02   2.7586218e-01
   2.7586518e-01   4.4826964e-01   2.7586518e-01
   1.7241541e-01   4.4827093e-01   3.7931367e-01
   5.8620914e-01   3.4479049e-02   3.7931181e-01
   3.1031273e-01   1.0343208e-04   6.8958384e-01
   5.1723568e-01   2.0689900e-01   2.7586532e-01
   4.1379135e-01   3.1034576e-01   2.7586289e-01
   1.0336718e-04   3.1031277e-01   6.8958386e-01
   4.8275988e-01   1.0344588e-01   4.1379424e-01
   2.4138025e-01   3.4478952e-02   7.2414080e-01
   2.0689606e-01   2.4138109e-01   5.5172285e-01
   7.6923336e-01   2.3076664e-01   0.0000000e+00
   3.1034308e-01   3.4482846e-01   3.4482846e-01
   4.6538022e-01   3.3413625e-02   5.0120616e-01
   3.4482747e-02   5.5172414e-01   4.1379311e-01
   1.3331980e-01   9.9252003e-05   8.6658095e-01
   1.3793065e-01   5.1724161e-01   3.4482774e-01
   1.7241379e-01   3.4482759e-01   4.8275862e-01
   2.7586195e-01   1.0344829e-01   6.2068976e-01
   4.6666667e-01   5.3333333e-01   0.0000000e+00
   3.4481945e-02   3.4482788e-01   6.2069018e-01
   4.4828687e-01   2.4137449e-01   3.1033864e-01
   8.9999996e-01   1.0000004e-01   0.0000000e+00
   2.0687517e-01   1.0333351e-04   7.9302149e-01
   1.0343028e-04   2.0687508e-01   7.9302149e-01
   1.0344710e-01   2.7586243e-01   6.2069047e-01
   1.3793049e-01   3.1034500e-01   5.5172450e-01
   2.0689525e-01   3.7931137e-01   4.1379338e-01
   3.3332641e-02   6.6665282e-02   9.0000208e-01
   3.1034482e-01   2.0689656e-01   4.8275863e-01
   5.8621730e-01   1.0344537e-01   3.1033734e-01
   3.4482853e-01   2.4137723e-01   4.1379424e-01
   3.4482818e-01   3.4481056e-02   6.2069077e-01
   3.4480972e-02   2.4137948e-01   7.2413955e-01
   4.1375034e-01   1.0336568e-04   5.8614630e-01
   1.0000422e-01   1.3333910e-01   7.6665668e-01
   6.6658827e-02   7.6491717e-05   9.3326468e-01
   1.0342910e-04   4.1375030e-01   5.8614627e-01
   9.7710255e-05   9.6276510e-05   9.9980601e-01
