   4.8148148e-01   5.1851852e-01   0.0000000e+00
   2.7586192e-01   4.1379342e-01   3.1034466e-01
   6.3333550e-01   3.6666450e-01   0.0000000e+00
   2.0454447e-01   5.4545553e-01   2.5000000e-01
   5.3333249e-01   4.6666751e-01   0.0000000e+00
   6.7999912e-01   3.2000088e-01   0.0000000e+00
   3.1031910e-01   1.0332080e-04   6.8957758e-01
   1.0341634e-04   2.7583361e-01   7.2406297e-01
   3.9999968e-01   6.0000032e-01   0.0000000e+00
   2.3333445e-01   7.6666555e-01   0.0000000e+00
   1.9230593e-01   8.0769407e-01   0.0000000e+00
   5.9999957e-01   4.0000043e-01   0.0000000e+00
   7.4989782e-01   1.0218061e-04   2.5000000e-01
   5.4545516e-01   2.0454484e-01   2.5000000e-01
   9.6666731e-01   3.3332689e-02   0.0000000e+00
   8.1481685e-01   1.8518315e-01   0.0000000e+00
   7.3076944e-01   2.6923056e-01   0.0000000e+00
   9.9990024e-01   9.9760830e-05   0.0000000e+00
   1.0036884e-04   4.6423802e-01   5.3566161e-01
   1.0340288e-04   5.5166706e-01   4.4822954e-01
   2.6923235e-01   7.3076765e-01   0.0000000e+00
   9.9999893e-02   9.0000011e-01   0.0000000e+00
   1.4285705e-01   8.5714295e-01   0.0000000e+00
   2.4137873e-01   3.1034646e-01   4.4827480e-01
   1.3793094e-01   3.4482764e-01   5.1724142e-01
   9.0000064e-01   9.9999360e-02   0.0000000e+00
   4.3333444e-01   5.6666556e-01   0.0000000e+00
   1.0344826e-01   3.1034336e-01   5.8620838e-01
   3.1034553e-01   1.7241193e-01   5.1724254e-01
   1.3787116e-01   5.8638643e-01   2.7574241e-01
   8.6207312e-01   1.3792688e-01   0.0000000e+00
   2.8571339e-01   4.6428661e-01   2.5000000e-01
   3.1034502e-01   3.4482718e-01   3.4482780e-01
   1.7241564e-01   2.0689256e-01   6.2069180e-01
   2.7586058e-01   2.4137882e-01   4.8276060e-01
   6.4772283e-01   1.0227717e-01   2.5000000e-01
   3.5714089e-01   6.4285911e-01   0.0000000e+00
   1.0219103e-04   7.4989781e-01   2.5000000e-01
   4.8276086e-01   1.7240995e-01   3.4482919e-01
   6.6668948e-02   9.3333105e-01   0.0000000e+00
   9.3333454e-01   6.6665457e-02   0.0000000e+00
   1.0344895e-01   4.1378932e-01   4.8276174e-01
   3.4483065e-01   3.7930857e-01   2.7586079e-01
   3.7927112e-01   1.0341634e-04   6.2062547e-01
   3.1035482e-01   2.7585805e-01   4.1378714e-01
   4.1379318e-01   1.7241363e-01   4.1379319e-01
   4.8270924e-01   1.0342274e-04   5.1718734e-01
   4.0908831e-01   3.4091169e-01   2.5000000e-01
   1.3332429e-01   9.8206073e-05   8.6657750e-01
   9.9818173e-05   1.6667162e-01   8.3322856e-01
   9.9828851e-05   9.9990017e-01   0.0000000e+00
   3.7930714e-01   3.1035066e-01   3.1034221e-01
   1.3792362e-01   4.4827975e-01   4.1379664e-01
   3.3333875e-02   9.6666612e-01   0.0000000e+00
   5.8620690e-01   6.8965517e-02   3.4482758e-01
   1.0000020e-01   9.9999303e-02   8.0000050e-01
   3.1034413e-01   6.8965587e-01   0.0000000e+00
   2.4137833e-01   2.0689682e-01   5.5172485e-01
   5.7136833e-01   1.0080991e-04   4.2853086e-01
   1.9998061e-01   9.9989608e-05   7.9991940e-01
   1.0227538e-01   6.4772462e-01   2.5000000e-01
   4.7727259e-01   2.7272741e-01   2.5000000e-01
   5.8619943e-01   1.3793353e-01   2.7586705e-01
   6.8964685e-02   3.7931068e-01   5.5172463e-01
   1.7241420e-01   5.1724025e-01   3.1034556e-01
   5.6666615e-01   4.3333385e-01   0.0000000e+00
   4.4827110e-01   2.4138143e-01   3.1034747e-01
   2.0689542e-01   2.7586247e-01   5.1724211e-01
   1.0330385e-04   3.7927122e-01   6.2062548e-01
   2.0689656e-01   4.4827583e-01   3.4482760e-01
   3.4482436e-01   2.0689758e-01   4.4827806e-01
   1.3793121e-01   1.3792997e-01   7.2413882e-01
   1.0344762e-01   2.4137959e-01   6.5517279e-01
   2.0689626e-01   1.3793109e-01   6.5517266e-01
   3.4482763e-01   1.0344816e-01   5.5172421e-01
   3.4482251e-02   2.0689366e-01   7.5862409e-01
   6.5510471e-01   1.0334932e-04   3.4479194e-01
   3.4482065e-02   6.8965566e-01   2.7586228e-01
   6.6665988e-02   6.6665390e-02   8.6666862e-01
   2.4137567e-01   3.4482839e-02   7.2414149e-01
   1.7241369e-01   3.7931069e-01   4.4827562e-01
   3.7930843e-01   2.4137798e-01   3.7931359e-01
   1.6672127e-01   6.6689358e-02   7.6658938e-01
   1.0337026e-04   6.5510469e-01   3.4479194e-01
   6.8964898e-02   4.8275924e-01   4.4827586e-01
   1.0344443e-01   5.5172651e-01   3.4482907e-01
   2.7586190e-01   6.8965468e-02   6.5517263e-01
   7.6923099e-01   2.3076901e-01   0.0000000e+00
   2.7586556e-01   1.3792606e-01   5.8620838e-01
   6.8965547e-01   3.4482250e-02   2.7586228e-01
   7.5991640e-05   9.9991226e-02   8.9993278e-01
   2.4137906e-01   3.7930735e-01   3.7931359e-01
   4.1379670e-01   3.4473970e-02   5.5172933e-01
   3.7931018e-01   1.3792901e-01   4.8276080e-01
   4.6666782e-01   6.6667994e-02   4.6666419e-01
   3.4479466e-02   5.8620694e-01   3.7931359e-01
   5.1724111e-01   1.0344529e-01   3.7931359e-01
   6.6660357e-02   3.1096513e-05   9.3330855e-01
   8.7628378e-05   8.2811940e-05   9.9982956e-01
   3.4482699e-02   3.1034466e-01   6.5517264e-01
