   9.9990008e-01   9.9915140e-05   0.0000000e+00
   8.9999927e-01   1.0000073e-01   0.0000000e+00
   8.6206961e-01   1.3793039e-01   0.0000000e+00
   5.3333354e-01   4.6666646e-01   0.0000000e+00
   1.9230624e-01   8.0769376e-01   0.0000000e+00
   4.3333353e-01   5.6666647e-01   0.0000000e+00
   3.5714238e-01   6.4285762e-01   0.0000000e+00
   9.3333339e-01   6.6666613e-02   0.0000000e+00
   1.0344752e-01   2.4137951e-01   6.5517297e-01
   9.6666850e-01   3.3331501e-02   0.0000000e+00
   4.8148026e-01   5.1851974e-01   0.0000000e+00
   1.0000023e-01   8.9999977e-01   0.0000000e+00
   2.8571107e-01   4.6428893e-01   2.5000000e-01
   1.0000119e-01   6.6667442e-02   8.3333137e-01
   1.0224549e-04   7.4989775e-01   2.5000000e-01
   1.0344809e-01   3.1034384e-01   5.8620807e-01
   1.0003080e-01   4.6651008e-01   4.3345913e-01
   3.4482786e-02   3.1034428e-01   6.5517293e-01
   3.1030854e-01   1.0339924e-04   6.8958806e-01
   3.1034515e-01   4.1379291e-01   2.7586194e-01
   1.3792548e-01   4.8276175e-01   3.7931277e-01
   9.9888559e-05   9.9990011e-01   0.0000000e+00
   5.6666654e-01   4.3333346e-01   0.0000000e+00
   3.1034560e-01   6.8962247e-02   6.2069215e-01
   7.4989777e-01   1.0223188e-04   2.5000000e-01
   1.4285711e-01   8.5714289e-01   0.0000000e+00
   6.9999896e-01   3.0000104e-01   0.0000000e+00
   3.4482696e-01   3.4482877e-01   3.1034427e-01
   3.7930984e-01   2.7586230e-01   3.4482787e-01
   1.6668192e-01   6.6670025e-02   7.6664806e-01
   2.3332718e-01   7.6667282e-01   0.0000000e+00
   1.3793201e-01   5.5172096e-01   3.1034703e-01
   2.0689542e-01   2.0689651e-01   5.8620807e-01
   6.8966032e-02   5.8620380e-01   3.4483017e-01
   5.3566082e-01   1.0037546e-04   4.6423880e-01
   3.1034370e-01   3.1034533e-01   3.7931096e-01
   3.3333397e-02   6.6666836e-02   8.9999977e-01
   1.7241304e-01   1.7241395e-01   6.5517301e-01
   9.9989791e-05   1.3332547e-01   8.6657454e-01
   6.6664253e-02   9.3333575e-01   0.0000000e+00
   8.1481518e-01   1.8518482e-01   0.0000000e+00
   2.0689645e-01   4.1379316e-01   3.7931039e-01
   1.0340704e-04   6.2062544e-01   3.7927115e-01
   2.4137835e-01   2.4137961e-01   5.1724204e-01
   6.0714099e-01   3.9285901e-01   0.0000000e+00
   3.7499902e-01   3.7500098e-01   2.5000000e-01
   1.0340996e-04   3.7927114e-01   6.2062545e-01
   6.8181698e-01   6.8183023e-02   2.5000000e-01
   1.0037788e-04   5.3566082e-01   4.6423880e-01
   2.0689522e-01   4.8275944e-01   3.1034535e-01
   1.0331106e-04   4.4822950e-01   5.5166719e-01
   3.7927112e-01   1.0343117e-04   6.2062545e-01
   2.7586218e-01   3.7931011e-01   3.4482771e-01
   3.1034252e-01   6.8965748e-01   0.0000000e+00
   2.4137961e-01   3.4481464e-02   7.2413893e-01
   2.0454367e-01   5.4545633e-01   2.5000000e-01
   5.7954062e-01   1.7045938e-01   2.5000000e-01
   4.6429066e-01   2.8570934e-01   2.5000000e-01
   3.9999996e-01   6.0000004e-01   0.0000000e+00
   3.4482902e-01   1.0344805e-01   5.5172292e-01
   3.3328334e-02   9.6667167e-01   0.0000000e+00
   1.3636161e-01   6.1363839e-01   2.5000000e-01
   5.5172678e-01   1.0344398e-01   3.4482924e-01
   6.2069419e-01   1.0344176e-01   2.7586405e-01
   3.9686543e-01   1.3411183e-01   4.6902274e-01
   4.4827013e-01   6.8966235e-02   4.8276364e-01
   3.4481467e-02   4.8275927e-01   4.8275927e-01
   2.7586233e-01   2.7586378e-01   4.4827388e-01
   2.4137840e-01   1.0344840e-01   6.5517320e-01
   2.7586018e-01   1.7241424e-01   5.5172558e-01
   6.5517112e-01   3.4482888e-01   0.0000000e+00
   4.8270866e-01   1.0340595e-04   5.1718793e-01
   4.7028501e-01   1.6795821e-01   3.6175678e-01
   7.3333289e-01   2.6666711e-01   0.0000000e+00
   5.1724461e-01   1.7241263e-01   3.1034276e-01
   4.8276057e-01   2.4137840e-01   2.7586103e-01
   6.6666966e-02   2.0000063e-01   7.3333241e-01
   1.0339780e-04   6.8958391e-01   3.1031269e-01
   6.8954879e-02   6.5517990e-01   2.7586522e-01
   4.1379377e-01   2.0689527e-01   3.7931096e-01
   7.6923151e-01   2.3076849e-01   0.0000000e+00
   2.6922946e-01   7.3077054e-01   0.0000000e+00
   1.0335383e-04   2.7583380e-01   7.2406285e-01
   4.1379517e-01   3.1034373e-01   2.7586110e-01
   1.3793041e-01   1.3793113e-01   7.2413846e-01
   2.0689653e-01   3.1034484e-01   4.8275864e-01
   3.4482606e-01   2.4137987e-01   4.1379407e-01
   9.9989612e-02   9.9147892e-05   8.9991124e-01
   2.4137938e-01   3.4482736e-01   4.1379326e-01
   4.1379375e-01   3.4481259e-02   5.5172499e-01
   3.4477620e-02   1.7241256e-01   7.9310982e-01
   6.8965416e-02   4.1379260e-01   5.1724198e-01
   1.9997695e-01   9.9530327e-05   7.9992352e-01
   5.8621004e-01   3.4477584e-02   3.7931238e-01
   1.3792819e-01   3.7932319e-01   4.8274862e-01
   4.8275770e-01   1.0344846e-01   4.1379383e-01
   1.7240867e-01   2.7586405e-01   5.5172728e-01
   6.5510467e-01   1.0340988e-04   3.4479192e-01
   3.1034484e-01   2.0689651e-01   4.8275865e-01
   9.4540850e-05   8.5913972e-05   9.9981955e-01
