   5.8614621e-01   1.0341001e-04   4.1375038e-01
   2.8571271e-01   4.6428728e-01   2.5000001e-01
   1.0000157e-01   8.9999843e-01   0.0000000e+00
   9.9946897e-05   9.9990005e-01   0.0000000e+00
   1.9999989e-01   3.3333731e-02   7.6666638e-01
   6.6670432e-02   9.3332957e-01   0.0000000e+00
   9.0000078e-01   9.9999221e-02   0.0000000e+00
   9.3333224e-01   6.6667762e-02   0.0000000e+00
   1.0344238e-01   6.2069374e-01   2.7586388e-01
   5.1851822e-01   4.8148178e-01   0.0000000e+00
   2.4137561e-01   3.4482927e-01   4.1379512e-01
   1.0342189e-04   2.4135424e-01   7.5854233e-01
   1.3793033e-01   8.6206967e-01   0.0000000e+00
   4.0000006e-01   5.9999994e-01   0.0000000e+00
   3.3332344e-02   9.6666766e-01   0.0000000e+00
   3.1034433e-01   6.8965571e-02   6.2069010e-01
   6.9230854e-01   3.0769146e-01   0.0000000e+00
   5.5172974e-01   1.7240540e-01   2.7586485e-01
   4.1379473e-01   1.0344476e-01   4.8276050e-01
   8.1481433e-01   1.8518567e-01   0.0000000e+00
   3.4482906e-01   1.0344804e-01   5.5172290e-01
   2.0688788e-01   4.4828077e-01   3.4483135e-01
   8.6207001e-01   1.3792999e-01   0.0000000e+00
   7.3333288e-01   2.6666712e-01   0.0000000e+00
   1.0026107e-01   4.3185631e-01   4.6788263e-01
   3.0768931e-01   6.9231069e-01   0.0000000e+00
   1.8518352e-01   8.1481648e-01   0.0000000e+00
   5.6666599e-01   4.3333401e-01   0.0000000e+00
   1.7045694e-01   5.7954305e-01   2.5000001e-01
   4.6666889e-01   5.3333111e-01   0.0000000e+00
   2.0689520e-01   2.7585882e-01   5.1724598e-01
   9.6666768e-01   3.3332317e-02   0.0000000e+00
   3.4479214e-01   1.0342934e-04   6.5510443e-01
   6.0000069e-01   3.9999931e-01   0.0000000e+00
   1.3792836e-01   5.1724299e-01   3.4482865e-01
   2.7583323e-01   1.0334814e-04   7.2406342e-01
   3.1034595e-01   4.1379243e-01   2.7586162e-01
   4.4827562e-01   3.4478397e-02   5.1724598e-01
   1.0224608e-04   7.4989774e-01   2.5000001e-01
   5.1724397e-01   1.3792672e-01   3.4482931e-01
   1.3793051e-01   1.3793051e-01   7.2413898e-01
   6.8964868e-02   3.7931608e-01   5.5171905e-01
   6.1363609e-01   1.3636390e-01   2.5000001e-01
   2.3076987e-01   7.6923013e-01   0.0000000e+00
   1.0336908e-04   5.8614625e-01   4.1375038e-01
   6.8964770e-02   1.3792954e-01   7.9310569e-01
   1.6664991e-01   9.9990031e-05   8.3325010e-01
   3.4482371e-01   2.4138074e-01   4.1379555e-01
   1.0320428e-04   3.1031291e-01   6.8958389e-01
   6.4285690e-01   3.5714310e-01   0.0000000e+00
   9.9990013e-01   9.9870840e-05   0.0000000e+00
   7.4989773e-01   1.0225720e-04   2.5000001e-01
   3.9285433e-01   3.5714566e-01   2.5000001e-01
   3.7930719e-01   2.7586347e-01   3.4482934e-01
   3.1034434e-01   3.1034433e-01   3.7931133e-01
   5.0000453e-01   6.6667010e-02   4.3332846e-01
   2.0689635e-01   1.7241383e-01   6.2068982e-01
   1.7241328e-01   2.4137946e-01   5.8620726e-01
   9.9978265e-05   1.6665003e-01   8.3324999e-01
   6.8966176e-02   2.7585657e-01   6.5517725e-01
   6.5510464e-01   1.0343414e-04   3.4479192e-01
   1.3792936e-01   3.1034543e-01   5.5172521e-01
   9.9978905e-05   4.9994295e-01   4.9995707e-01
   6.8178585e-02   6.8182141e-01   2.5000001e-01
   6.5516034e-01   6.8967989e-02   2.7587167e-01
   3.4481050e-02   3.4482848e-01   6.2069047e-01
   4.4827331e-01   1.3793167e-01   4.1379502e-01
   3.1034500e-01   2.0689607e-01   4.8275893e-01
   1.7241379e-01   3.4482759e-01   4.8275862e-01
   2.0000030e-01   3.9999911e-01   4.0000060e-01
   3.5714344e-01   6.4285656e-01   0.0000000e+00
   1.0344805e-01   2.0689610e-01   6.8965586e-01
   4.3333369e-01   5.6666631e-01   0.0000000e+00
   2.7586190e-01   1.3793095e-01   5.8620715e-01
   2.7586149e-01   3.7931065e-01   3.4482786e-01
   1.3792648e-01   4.4827823e-01   4.1379529e-01
   3.4482767e-01   3.4482766e-01   3.1034466e-01
   4.2852174e-01   1.0074844e-04   5.7137752e-01
   2.7586302e-01   2.7586301e-01   4.4827397e-01
   6.8964646e-02   5.1724187e-01   4.1379349e-01
   2.0689959e-01   5.1723430e-01   2.7586611e-01
   1.3334513e-01   6.6672565e-02   7.9998230e-01
   4.1379202e-01   3.1034646e-01   2.7586152e-01
   6.8965288e-02   5.8620704e-01   3.4482767e-01
   2.0689610e-01   1.0344805e-01   6.8965586e-01
   1.0327767e-04   4.1375054e-01   5.8614618e-01
   2.4137785e-01   2.0689694e-01   5.5172521e-01
   5.1718790e-01   1.0341195e-04   4.8270869e-01
   2.6666658e-01   7.3333342e-01   0.0000000e+00
   4.1379245e-01   2.0689622e-01   3.7931133e-01
   7.6923078e-01   2.3076922e-01   0.0000000e+00
   5.8621089e-01   6.8959177e-02   3.4482993e-01
   5.0143424e-01   2.4856576e-01   2.5000001e-01
   4.4828854e-01   2.4136680e-01   3.1034466e-01
   6.6658484e-02   9.9555903e-05   9.3324196e-01
   5.6991866e-05   9.9991590e-02   8.9995142e-01
   9.9998066e-02   3.3329900e-02   8.6667203e-01
   3.7931645e-01   1.7240316e-01   4.4828039e-01
   1.0343107e-04   6.5510465e-01   3.4479192e-01
   7.2566650e-05   9.7452459e-05   9.9982998e-01
