   1.3636312e-01   6.1363688e-01   2.5000000e-01
   6.6666344e-02   9.3333366e-01   0.0000000e+00
   9.9960257e-05   3.6663560e-01   6.3326444e-01
   2.0689821e-01   1.7240715e-01   6.2069464e-01
   8.9999995e-01   1.0000005e-01   0.0000000e+00
   6.8965566e-01   3.1034434e-01   0.0000000e+00
   9.3333401e-01   6.6665989e-02   0.0000000e+00
   7.4989774e-01   1.0225683e-04   2.5000000e-01
   6.5510458e-01   1.0341825e-04   3.4479200e-01
   1.0339042e-04   6.8958432e-01   3.1031228e-01
   2.3076917e-01   7.6923083e-01   0.0000000e+00
   6.4285688e-01   3.5714312e-01   0.0000000e+00
   3.6666610e-01   6.3333390e-01   0.0000000e+00
   1.0000032e-01   8.9999968e-01   0.0000000e+00
   8.5714237e-01   1.4285763e-01   0.0000000e+00
   1.7240977e-01   2.7586341e-01   5.5172682e-01
   3.3333445e-02   9.6666656e-01   0.0000000e+00
   2.7585986e-01   3.7931150e-01   3.4482864e-01
   5.6666724e-01   4.3333276e-01   0.0000000e+00
   5.5172458e-01   1.0344757e-01   3.4482785e-01
   4.0000027e-01   5.9999973e-01   0.0000000e+00
   1.0342138e-04   6.2062535e-01   3.7927122e-01
   7.3076796e-01   2.6923204e-01   0.0000000e+00
   4.6428715e-01   2.8571285e-01   2.5000000e-01
   8.0769240e-01   1.9230760e-01   0.0000000e+00
   1.3793047e-01   2.0689547e-01   6.5517405e-01
   2.7583355e-01   1.0341704e-04   7.2406303e-01
   1.0341146e-04   2.4135415e-01   7.5854244e-01
   2.0684779e-01   1.0337500e-04   7.9304884e-01
   9.6667085e-01   3.3329153e-02   0.0000000e+00
   5.3333247e-01   4.6666753e-01   0.0000000e+00
   4.4822955e-01   1.0343206e-04   5.5166702e-01
   6.0000017e-01   3.9999983e-01   0.0000000e+00
   3.7931098e-01   2.7586085e-01   3.4482817e-01
   3.7931114e-01   1.3792923e-01   4.8275963e-01
   4.8275880e-01   3.4482396e-02   4.8275880e-01
   6.1363535e-01   1.3636465e-01   2.5000000e-01
   5.5166717e-01   1.0341321e-04   4.4822942e-01
   3.3557647e-02   4.2951906e-01   5.3692330e-01
   9.9990026e-01   9.9740656e-05   0.0000000e+00
   2.6923105e-01   7.3076895e-01   0.0000000e+00
   1.7241504e-01   5.5172092e-01   2.7586404e-01
   7.6666715e-01   2.3333285e-01   0.0000000e+00
   1.7241115e-01   4.1379443e-01   4.1379443e-01
   6.8965221e-02   3.1034493e-01   6.2068985e-01
   3.1034333e-01   3.4482612e-02   6.5517405e-01
   4.8276726e-01   2.4137528e-01   2.7585746e-01
   4.3333782e-01   5.6666218e-01   0.0000000e+00
   1.0222109e-04   7.4989778e-01   2.5000000e-01
   1.0344829e-01   4.4827581e-01   4.4827591e-01
   1.3334333e-01   3.3332824e-02   8.3332385e-01
   3.1034498e-01   2.0689651e-01   4.8275852e-01
   3.4482772e-01   2.4137902e-01   4.1379326e-01
   3.2000079e-01   6.7999921e-01   0.0000000e+00
   2.7586247e-01   4.4827506e-01   2.7586247e-01
   3.7927131e-01   1.0340528e-04   6.2062528e-01
   1.3793138e-01   3.7930880e-01   4.8275983e-01
   4.1379428e-01   3.1034419e-01   2.7586153e-01
   3.3334585e-02   1.6667365e-01   7.9999176e-01
   2.7586199e-01   1.7241381e-01   5.5172420e-01
   2.4137652e-01   2.4137651e-01   5.1724696e-01
   4.8148457e-01   5.1851543e-01   0.0000000e+00
   4.4827788e-01   2.0689298e-01   3.4482914e-01
   4.1378808e-01   6.8964953e-02   5.1724696e-01
   1.0344852e-01   5.5172308e-01   3.4482840e-01
   2.4137844e-01   6.8962851e-02   6.8965871e-01
   2.7586264e-01   1.0344641e-01   6.2069095e-01
   3.3558222e-02   5.3691881e-01   4.2952297e-01
   6.8964247e-02   6.5517331e-01   2.7586245e-01
   9.9691803e-05   1.3334065e-01   8.6655965e-01
   1.3792878e-01   4.8275988e-01   3.7931134e-01
   1.8518499e-01   8.1481501e-01   0.0000000e+00
   3.4482670e-01   1.0344841e-01   5.5172489e-01
   3.3331264e-02   6.6666806e-02   9.0000193e-01
   4.8276096e-01   1.3792686e-01   3.7931218e-01
   5.1724193e-01   6.8964520e-02   4.1379355e-01
   6.5517306e-01   6.8964603e-02   2.7586234e-01
   4.4827566e-01   1.0344843e-01   4.4827591e-01
   9.9990162e-02   9.9816404e-05   8.9991002e-01
   3.5714318e-01   3.9285682e-01   2.5000000e-01
   1.3793082e-01   8.6206918e-01   0.0000000e+00
   1.7241402e-01   1.0344696e-01   7.2413902e-01
   2.0689674e-01   3.1034476e-01   4.8275851e-01
   1.0344825e-01   3.4482760e-01   5.5172415e-01
   2.4138045e-01   3.4482454e-01   4.1379501e-01
   2.4109640e-01   5.0890360e-01   2.5000000e-01
   5.8620761e-01   3.4481625e-02   3.7931077e-01
   2.0689751e-01   4.4827332e-01   3.4482918e-01
   1.0344692e-01   1.7241405e-01   7.2413903e-01
   3.4482394e-02   2.7586222e-01   6.8965538e-01
   9.9933809e-05   4.9994795e-01   4.9995212e-01
   5.5172047e-01   1.7241524e-01   2.7586430e-01
   1.0000412e-01   1.0000411e-01   7.9999176e-01
   4.1379231e-01   1.7241402e-01   4.1379366e-01
   3.4482773e-01   3.4482771e-01   3.1034455e-01
   6.9693431e-05   3.3325230e-02   9.6660508e-01
   9.9933631e-05   9.9990007e-01   0.0000000e+00
   2.7586206e-01   2.7586204e-01   4.4827590e-01
   3.1034483e-01   3.1034482e-01   3.7931035e-01
   9.3077744e-05   8.9415877e-05   9.9981751e-01
