   5.5174132e-01   1.3792571e-01   3.1033298e-01
   9.9990046e-01   9.9543895e-05   0.0000000e+00
   3.1034153e-01   6.8965847e-01   0.0000000e+00
   2.6922925e-01   7.3077075e-01   0.0000000e+00
   1.7045367e-01   5.7954627e-01   2.5000005e-01
   4.3333270e-01   5.6666730e-01   0.0000000e+00
   1.0330805e-04   6.5510458e-01   3.4479211e-01
   1.9230828e-01   8.0769172e-01   0.0000000e+00
   1.3793064e-01   2.7586145e-01   5.8620791e-01
   2.3333428e-01   7.6666572e-01   0.0000000e+00
   5.6666609e-01   4.3333391e-01   0.0000000e+00
   2.4137926e-01   3.4482763e-01   4.1379311e-01
   3.3332239e-02   9.6666776e-01   0.0000000e+00
   6.6662264e-02   9.3333774e-01   0.0000000e+00
   5.3565699e-01   1.0027089e-04   4.6424274e-01
   7.6667044e-01   2.3332956e-01   0.0000000e+00
   3.4482409e-02   3.4482801e-01   6.2068958e-01
   9.9944244e-05   9.9990006e-01   0.0000000e+00
   9.6666775e-01   3.3332255e-02   0.0000000e+00
   8.0769366e-01   1.9230634e-01   0.0000000e+00
   6.8181109e-02   6.8181884e-01   2.5000005e-01
   1.6666679e-01   6.6666714e-02   7.6666649e-01
   2.7586337e-01   1.0344705e-01   6.2068958e-01
   3.4479166e-01   1.0341665e-04   6.5510492e-01
   1.0334639e-04   2.0685540e-01   7.9304125e-01
   4.4827784e-01   1.3792723e-01   4.1379493e-01
   1.0344767e-01   1.3793062e-01   7.5862171e-01
   9.9993366e-02   9.9912245e-05   8.9990672e-01
   3.9285859e-01   3.5714136e-01   2.5000005e-01
   9.3334177e-01   6.6658235e-02   0.0000000e+00
   7.3076911e-01   2.6923089e-01   0.0000000e+00
   3.1034496e-01   2.0689637e-01   4.8275867e-01
   8.9999853e-01   1.0000147e-01   0.0000000e+00
   2.7586053e-01   3.7931115e-01   3.4482832e-01
   5.1724143e-01   1.0344819e-01   3.7931038e-01
   1.0000147e-01   8.9999853e-01   0.0000000e+00
   6.3333460e-01   3.6666540e-01   0.0000000e+00
   1.3334064e-01   1.6667839e-01   6.9998097e-01
   1.0343767e-01   4.4828118e-01   4.4828116e-01
   1.0074130e-04   4.2852477e-01   5.7137449e-01
   3.4481561e-02   2.4138019e-01   7.2413824e-01
   5.1724139e-01   2.0689655e-01   2.7586206e-01
   3.7931028e-01   2.7586191e-01   3.4482781e-01
   6.2062547e-01   1.0337008e-04   3.7927116e-01
   2.4137465e-01   4.4828640e-01   3.1033895e-01
   1.0209493e-04   7.4989785e-01   2.5000005e-01
   4.1379314e-01   1.0344818e-01   4.8275867e-01
   1.3793089e-01   4.8275870e-01   3.7931041e-01
   8.5715528e-01   1.4284472e-01   0.0000000e+00
   6.0000031e-01   3.9999969e-01   0.0000000e+00
   5.3333310e-01   4.6666690e-01   0.0000000e+00
   1.4285638e-01   8.5714362e-01   0.0000000e+00
   6.8182371e-01   6.8176234e-02   2.5000005e-01
   1.0344899e-01   5.5172105e-01   3.4482997e-01
   6.7999866e-01   3.2000134e-01   0.0000000e+00
   2.4138024e-01   1.7241185e-01   5.8620791e-01
   4.8275652e-01   1.7241450e-01   3.4482898e-01
   6.5517921e-01   3.4473023e-02   3.1034777e-01
   3.4482679e-01   6.8965298e-02   5.8620791e-01
   2.4135437e-01   1.0338637e-04   7.5854225e-01
   1.7241512e-01   3.7930557e-01   4.4827931e-01
   3.9999821e-01   6.0000179e-01   0.0000000e+00
   1.0344177e-01   3.7931310e-01   5.1724513e-01
   9.9894051e-05   9.9993385e-02   8.9990672e-01
   3.4482759e-01   1.3793103e-01   5.1724138e-01
   1.0344803e-01   2.4137922e-01   6.5517275e-01
   7.4989790e-01   1.0204716e-04   2.5000005e-01
   1.7241255e-01   2.0689787e-01   6.2068958e-01
   2.0689644e-01   4.1379316e-01   3.7931040e-01
   1.0336148e-04   3.1031295e-01   6.8958369e-01
   2.7273160e-01   4.7726835e-01   2.5000005e-01
   3.1034446e-01   4.1379379e-01   2.7586175e-01
   3.4478956e-02   4.4827767e-01   5.1724337e-01
   3.4479400e-02   5.8620893e-01   3.7931167e-01
   6.1363630e-01   1.3636365e-01   2.5000005e-01
   4.8147653e-01   5.1852347e-01   0.0000000e+00
   3.7930274e-01   1.7241593e-01   4.4828132e-01
   4.1379339e-01   2.0689601e-01   3.7931061e-01
   2.7586207e-01   3.4482622e-02   6.8965530e-01
   1.7241334e-01   3.1034702e-01   5.1723964e-01
   3.3333374e-02   1.3333233e-01   8.3333430e-01
   1.0344770e-01   6.2069006e-01   2.7586224e-01
   4.4827730e-01   2.7585985e-01   2.7586285e-01
   5.8620990e-01   6.8960736e-02   3.4482936e-01
   3.5714064e-01   6.4285936e-01   0.0000000e+00
   4.4827387e-01   3.4482892e-02   5.1724324e-01
   1.0037319e-04   5.3565755e-01   4.6424207e-01
   2.4137930e-01   2.4137931e-01   5.1724138e-01
   2.7586200e-01   2.7586201e-01   4.4827599e-01
   1.6666041e-01   9.2921298e-05   8.3324667e-01
   3.1034481e-01   3.1034482e-01   3.7931037e-01
   4.2852470e-01   1.0081435e-04   5.7137449e-01
   3.4482760e-01   3.4482761e-01   3.1034479e-01
   2.0689669e-01   1.0344800e-01   6.8965531e-01
   3.4482322e-01   2.4138098e-01   4.1379580e-01
   1.0000001e-01   6.6666589e-02   8.3333340e-01
   5.0000052e-01   2.4999943e-01   2.5000005e-01
   2.0689612e-01   5.1724166e-01   2.7586222e-01
   3.3328929e-02   3.3329903e-02   9.3334117e-01
   8.3640697e-05   8.3302351e-05   9.9983306e-01
