   1.7241186e-01   1.0344489e-01   7.2414325e-01
   1.0000060e-01   8.9999940e-01   0.0000000e+00
   2.4135296e-01   1.0342009e-04   7.5854362e-01
   2.0689656e-01   2.0689656e-01   5.8620688e-01
   6.4285427e-01   3.5714573e-01   0.0000000e+00
   7.6666934e-01   2.3333066e-01   0.0000000e+00
   3.7927445e-01   1.0337801e-04   6.2062217e-01
   4.1379740e-01   3.4472839e-02   5.5172976e-01
   3.4479634e-02   2.7586257e-01   6.8965780e-01
   2.0689928e-01   4.1378538e-01   3.7931534e-01
   3.3324956e-02   9.6667504e-01   0.0000000e+00
   9.9990002e-01   9.9978133e-05   0.0000000e+00
   4.8147970e-01   5.1852030e-01   0.0000000e+00
   3.1034609e-01   1.0344703e-01   5.8620688e-01
   3.7931067e-01   1.3793096e-01   4.8275837e-01
   3.2000117e-01   6.7999883e-01   0.0000000e+00
   6.8965366e-02   1.7241340e-01   7.5862123e-01
   2.3333027e-01   7.6666973e-01   0.0000000e+00
   3.9999834e-01   6.0000166e-01   0.0000000e+00
   3.7931067e-01   3.1034455e-01   3.1034478e-01
   8.5714299e-01   1.4285701e-01   0.0000000e+00
   8.0769326e-01   1.9230674e-01   0.0000000e+00
   3.4482798e-01   2.7586124e-01   3.7931078e-01
   3.1031155e-01   1.0334261e-04   6.8958510e-01
   1.7241662e-01   4.8275013e-01   3.4483325e-01
   1.0344621e-01   5.1724259e-01   3.7931120e-01
   9.6666709e-01   3.3332915e-02   0.0000000e+00
   2.6923352e-01   7.3076648e-01   0.0000000e+00
   9.3333846e-01   6.6661544e-02   0.0000000e+00
   4.4827723e-01   6.8962674e-02   4.8276009e-01
   6.6667144e-02   9.3333286e-01   0.0000000e+00
   1.3792735e-01   4.4827778e-01   4.1379487e-01
   6.5510470e-01   1.0343477e-04   3.4479186e-01
   9.9974634e-05   9.9990003e-01   0.0000000e+00
   1.3793021e-01   2.0689674e-01   6.5517305e-01
   6.0000034e-01   3.9999966e-01   0.0000000e+00
   5.5171829e-01   1.0344963e-01   3.4483208e-01
   5.6666625e-01   4.3333375e-01   0.0000000e+00
   2.7586271e-01   6.8963342e-02   6.5517395e-01
   1.3793104e-01   3.4482758e-01   5.1724138e-01
   6.9230506e-01   3.0769494e-01   0.0000000e+00
   8.9999730e-01   1.0000270e-01   0.0000000e+00
   1.6666980e-01   3.3334009e-02   7.9999619e-01
   1.4285703e-01   8.5714297e-01   0.0000000e+00
   3.6666487e-01   6.3333513e-01   0.0000000e+00
   2.0689542e-01   3.1034527e-01   4.8275931e-01
   6.8962968e-02   4.8275955e-01   4.4827748e-01
   7.3333361e-01   2.6666639e-01   0.0000000e+00
   1.7241405e-01   2.7586056e-01   5.5172539e-01
   5.1724052e-01   2.0689743e-01   2.7586205e-01
   1.0341708e-04   3.4479170e-01   6.5510489e-01
   4.8275899e-01   1.7241316e-01   3.4482785e-01
   5.3333296e-01   4.6666704e-01   0.0000000e+00
   5.5166699e-01   1.0340122e-04   4.4822961e-01
   6.8964139e-02   5.8620774e-01   3.4482813e-01
   2.0689649e-01   1.3793104e-01   6.5517246e-01
   4.3333364e-01   5.6666636e-01   0.0000000e+00
   1.0330608e-04   6.2062553e-01   3.7927116e-01
   1.9230698e-01   8.0769302e-01   0.0000000e+00
   1.0000190e-01   1.0000190e-01   7.9999619e-01
   1.0344819e-01   6.2068975e-01   2.7586205e-01
   3.4483059e-02   4.4827107e-01   5.1724587e-01
   6.6666916e-02   6.6666916e-02   8.6666617e-01
   4.1379163e-01   2.4138003e-01   3.4482834e-01
   2.4137931e-01   2.4137931e-01   5.1724138e-01
   5.7954246e-01   1.7045741e-01   2.5000013e-01
   1.0341592e-04   6.8958388e-01   3.1031271e-01
   2.7586095e-01   4.1379427e-01   3.1034478e-01
   4.8270874e-01   1.0342285e-04   5.1718784e-01
   6.8964214e-02   3.4482891e-01   5.8620688e-01
   5.1724389e-01   6.8960314e-02   4.1379580e-01
   1.0344765e-01   2.7586149e-01   6.2069087e-01
   3.7930562e-01   2.0689813e-01   4.1379625e-01
   9.9916199e-05   2.3331097e-01   7.6658911e-01
   2.4137993e-01   3.4482589e-01   4.1379417e-01
   1.0076103e-04   4.2852731e-01   5.7137193e-01
   2.7586224e-01   1.7241270e-01   5.5172506e-01
   6.8181924e-01   6.8180672e-02   2.5000009e-01
   8.2498546e-05   1.6665277e-01   8.3326473e-01
   3.1034218e-01   3.4482893e-01   3.4482890e-01
   4.4827741e-01   1.3792801e-01   4.1379458e-01
   6.8183035e-02   6.8181669e-01   2.5000027e-01
   2.7586207e-01   2.7586207e-01   4.4827585e-01
   9.9977135e-05   5.3328745e-01   4.6661257e-01
   1.0217641e-04   7.4989775e-01   2.5000007e-01
   1.0344046e-01   4.1379755e-01   4.8276199e-01
   1.7045704e-01   5.7954288e-01   2.5000008e-01
   2.0689657e-01   5.1724138e-01   2.7586205e-01
   4.6428305e-01   2.8571691e-01   2.5000004e-01
   3.1034480e-01   2.0689661e-01   4.8275859e-01
   1.7241068e-01   3.7931176e-01   4.4827756e-01
   3.5714705e-01   3.9285287e-01   2.5000008e-01
   7.4989778e-01   1.0216004e-04   2.5000006e-01
   5.7773378e-05   9.9993440e-02   8.9994879e-01
   5.8621338e-01   3.4474988e-02   3.7931163e-01
   6.2068977e-01   1.0344818e-01   2.7586205e-01
   1.3332021e-01   9.7776711e-05   8.6658201e-01
   2.7272592e-01   4.7727405e-01   2.5000003e-01
   6.6658735e-02   4.3527728e-05   9.3329774e-01
   8.1785412e-05   9.3766630e-05   9.9982445e-01
