   1.0342450e-04   3.1031389e-01   6.8958269e-01
   2.6666769e-01   7.3333231e-01   0.0000000e+00
   1.3792765e-01   8.6207235e-01   0.0000000e+00
   6.8965792e-01   3.1034208e-01   0.0000000e+00
   9.9999800e-02   9.0000020e-01   0.0000000e+00
   1.3636509e-01   6.1363428e-01   2.5000062e-01
   8.0769800e-01   1.9230200e-01   0.0000000e+00
   9.9699896e-05   9.9990030e-01   0.0000000e+00
   4.8147891e-01   5.1852109e-01   0.0000000e+00
   2.0689853e-01   2.4137869e-01   5.5172278e-01
   5.6661066e-01   9.9961676e-05   4.3328937e-01
   3.9285719e-01   6.0714281e-01   0.0000000e+00
   3.1034395e-01   2.7586242e-01   4.1379363e-01
   7.6666617e-01   2.3333383e-01   0.0000000e+00
   9.6667214e-01   3.3327862e-02   0.0000000e+00
   9.3333340e-01   6.6666604e-02   0.0000000e+00
   1.7240989e-01   4.1379507e-01   4.1379504e-01
   4.3333343e-01   5.6666657e-01   0.0000000e+00
   6.6666648e-02   9.3333335e-01   0.0000000e+00
   3.0001080e-01   6.9998920e-01   0.0000000e+00
   1.0342872e-04   5.8614603e-01   4.1375054e-01
   2.0454527e-01   5.4545410e-01   2.5000062e-01
   2.7586100e-01   2.4137966e-01   4.8275933e-01
   1.3793126e-01   2.0689526e-01   6.5517348e-01
   7.3076925e-01   2.6923075e-01   0.0000000e+00
   6.4286254e-01   3.5713746e-01   0.0000000e+00
   1.3792735e-01   3.1034615e-01   5.5172650e-01
   9.9691289e-05   2.3331140e-01   7.6658891e-01
   3.4483154e-01   6.5516846e-01   0.0000000e+00
   1.8518683e-01   8.1481317e-01   0.0000000e+00
   2.3076765e-01   7.6923235e-01   0.0000000e+00
   6.6666523e-02   9.9998996e-02   8.3333448e-01
   6.1364077e-01   1.3635860e-01   2.5000062e-01
   6.7314598e-02   3.9416246e-01   5.3852294e-01
   1.0334813e-01   4.1436143e-01   4.8229044e-01
   3.5712879e-01   3.2142779e-01   3.2144342e-01
   9.9990004e-01   9.9961472e-05   0.0000000e+00
   3.3332871e-02   9.6666713e-01   0.0000000e+00
   2.4138033e-01   4.8275643e-01   2.7586324e-01
   6.8964678e-02   5.8620743e-01   3.4482789e-01
   2.3478250e-01   3.6439189e-01   4.0082562e-01
   4.0908866e-01   3.4091072e-01   2.5000062e-01
   1.0207730e-04   7.4989730e-01   2.5000062e-01
   5.6667035e-01   4.3332965e-01   0.0000000e+00
   3.4478280e-02   5.1724380e-01   4.4827792e-01
   4.4827961e-01   1.0344078e-01   4.4827961e-01
   5.5172615e-01   6.8962502e-02   3.7931135e-01
   4.8275864e-01   3.4482725e-02   4.8275864e-01
   9.0000000e-01   1.0000000e-01   0.0000000e+00
   8.5714320e-01   1.4285680e-01   0.0000000e+00
   2.0689526e-01   4.4827659e-01   3.4482815e-01
   3.4479072e-01   1.0338012e-04   6.5510590e-01
   6.2068801e-01   6.8965335e-02   3.1034665e-01
   1.0341860e-04   3.7927077e-01   6.2062581e-01
   4.1379213e-01   6.8965162e-02   5.1724271e-01
   5.1723830e-01   1.3793191e-01   3.4482978e-01
   7.4989727e-01   1.0210668e-04   2.5000062e-01
   6.0000062e-01   3.9999938e-01   0.0000000e+00
   3.7931137e-01   3.4480985e-02   5.8620765e-01
   3.4482816e-01   1.0344673e-01   5.5172511e-01
   4.4827478e-01   2.7586265e-01   2.7586257e-01
   2.0000121e-01   3.3333442e-02   7.6666535e-01
   5.3333201e-01   4.6666799e-01   0.0000000e+00
   9.9938155e-05   4.9995047e-01   4.9994959e-01
   3.7931074e-01   1.3793013e-01   4.8275913e-01
   2.7586476e-01   3.7930464e-01   3.4483060e-01
   1.0336247e-04   4.4822953e-01   5.5166711e-01
   1.7241365e-01   1.0344820e-01   7.2413815e-01
   2.7583362e-01   1.0342945e-04   7.2406295e-01
   2.7586941e-01   1.7241205e-01   5.5171854e-01
   1.3333222e-01   6.6667427e-02   8.0000035e-01
   4.1379320e-01   1.7241359e-01   4.1379320e-01
   3.7930873e-01   2.4137994e-01   3.7931133e-01
   1.0000055e-01   1.3333410e-01   7.6666535e-01
   1.7241504e-01   3.4482707e-01   4.8275789e-01
   3.1034578e-01   6.8962686e-02   6.2069154e-01
   1.0072101e-01   5.0360817e-01   3.9567082e-01
   6.8965044e-02   3.4482736e-01   5.8620759e-01
   9.9990010e-02   9.2050852e-05   8.9991794e-01
   3.2142826e-01   4.2857111e-01   2.5000062e-01
   3.4482756e-01   2.0689656e-01   4.4827588e-01
   1.7241309e-01   5.1724026e-01   3.1034665e-01
   5.5172736e-01   1.7240915e-01   2.7586349e-01
   4.4827672e-01   2.0689505e-01   3.4482824e-01
   6.8966095e-01   3.4474676e-02   2.7586437e-01
   6.8965362e-02   2.0689649e-01   7.2413815e-01
   6.8963940e-02   6.5517353e-01   2.7586253e-01
   1.6665214e-01   9.9731186e-05   8.3324813e-01
   6.8975940e-05   1.3332297e-01   8.6660805e-01
   2.4137918e-01   1.0344735e-01   6.5517347e-01
   6.5510483e-01   1.0333928e-04   3.4479183e-01
   4.4822952e-01   1.0336634e-04   5.5166711e-01
   1.0344803e-01   2.7586145e-01   6.2069052e-01
   3.3333102e-02   1.6666655e-01   8.0000035e-01
   2.4138045e-01   3.1034163e-01   4.4827792e-01
   5.0804328e-01   2.4195610e-01   2.5000062e-01
   2.0689500e-01   1.7241427e-01   6.2069073e-01
   1.0339193e-04   6.5510478e-01   3.4479183e-01
   9.1719838e-05   8.1187997e-05   9.9982709e-01
   9.8047605e-05   6.6641022e-02   9.3326093e-01
