   3.0769234e-01   6.9230766e-01   0.0000000e+00
   3.7931068e-01   3.1034466e-01   3.1034466e-01
   4.4824473e-01   2.4139293e-01   3.1036234e-01
   8.5714334e-01   1.4285666e-01   0.0000000e+00
   6.0000163e-01   3.9999837e-01   0.0000000e+00
   5.1851976e-01   4.8148024e-01   0.0000000e+00
   6.8100301e-01   6.8101103e-02   2.5089589e-01
   1.3792869e-01   8.6207131e-01   0.0000000e+00
   3.1034493e-01   2.4137906e-01   4.4827601e-01
   4.6423712e-01   1.0034511e-04   5.3566254e-01
   4.3333252e-01   5.6666748e-01   0.0000000e+00
   6.8965498e-02   2.7586207e-01   6.5517243e-01
   1.3793108e-01   1.7241358e-01   6.8965534e-01
   1.8518510e-01   8.1481490e-01   0.0000000e+00
   1.0221253e-04   7.4989779e-01   2.5000000e-01
   9.9999548e-02   9.0000045e-01   0.0000000e+00
   5.3571407e-01   2.1428593e-01   2.5000000e-01
   2.7272729e-01   4.7727271e-01   2.5000000e-01
   3.9999973e-01   6.0000027e-01   0.0000000e+00
   4.6666666e-01   5.3333334e-01   0.0000000e+00
   7.4989777e-01   1.0222929e-04   2.5000000e-01
   1.0000048e-01   6.6666534e-02   8.3333299e-01
   6.8958385e-01   1.0339672e-04   3.1031275e-01
   1.3793027e-01   2.4137795e-01   6.2069178e-01
   6.6664012e-02   4.6667096e-01   4.6666503e-01
   3.5714318e-01   6.4285682e-01   0.0000000e+00
   1.3793100e-01   5.5172416e-01   3.1034484e-01
   6.8966236e-01   3.1033764e-01   0.0000000e+00
   2.3076961e-01   7.6923039e-01   0.0000000e+00
   6.2062549e-01   1.0340386e-04   3.7927110e-01
   1.3792951e-01   3.1035245e-01   5.5171804e-01
   3.1034583e-01   3.4482547e-01   3.4482870e-01
   1.0342742e-04   5.5166695e-01   4.4822962e-01
   6.2068991e-01   1.0344791e-01   2.7586218e-01
   3.3331407e-02   9.6666859e-01   0.0000000e+00
   9.3333322e-01   6.6666779e-02   0.0000000e+00
   3.4482150e-02   3.4482607e-01   6.2069178e-01
   1.0344508e-01   5.1724322e-01   3.7931170e-01
   1.7241382e-01   4.1379301e-01   4.1379317e-01
   5.6666670e-01   4.3333330e-01   0.0000000e+00
   2.0689800e-01   4.4827201e-01   3.4482999e-01
   6.8180996e-02   6.8181900e-01   2.5000000e-01
   1.0336060e-04   2.7583362e-01   7.2406302e-01
   3.1038127e-01   1.0344277e-01   5.8617596e-01
   3.7930849e-01   1.0344667e-01   5.1724484e-01
   4.4317860e-01   3.0682140e-01   2.5000000e-01
   3.3333395e-02   1.3333362e-01   8.3333299e-01
   3.5714283e-01   3.9285717e-01   2.5000000e-01
   6.4285723e-01   3.5714277e-01   0.0000000e+00
   5.5166697e-01   1.0341198e-04   4.4822962e-01
   9.6666643e-01   3.3333572e-02   0.0000000e+00
   1.7045634e-01   5.7954366e-01   2.5000000e-01
   4.8275892e-01   1.7241326e-01   3.4482781e-01
   1.9998014e-01   9.9963214e-05   7.9991990e-01
   9.0000004e-01   9.9999962e-02   0.0000000e+00
   2.7586194e-01   4.1379337e-01   3.1034469e-01
   6.6663374e-02   9.3333663e-01   0.0000000e+00
   5.5181704e-01   1.3790244e-01   3.1028052e-01
   7.6666829e-01   2.3333171e-01   0.0000000e+00
   1.7240530e-01   6.8962216e-02   7.5863249e-01
   1.0344760e-01   6.2069013e-01   2.7586228e-01
   2.6666669e-01   7.3333331e-01   0.0000000e+00
   3.4479192e-01   1.0343348e-04   6.5510464e-01
   2.7586212e-01   6.8965354e-02   6.5517253e-01
   6.8964836e-02   2.0689651e-01   7.2413865e-01
   1.0341834e-04   6.5510466e-01   3.4479192e-01
   2.4137668e-01   1.7241439e-01   5.8620893e-01
   9.9987484e-05   1.9998012e-01   7.9991990e-01
   2.4137890e-01   3.7931055e-01   3.7931055e-01
   5.8621590e-01   6.8951245e-02   3.4483286e-01
   3.4482823e-01   2.7586073e-01   3.7931105e-01
   8.0769302e-01   1.9230698e-01   0.0000000e+00
   9.9957163e-05   3.9995706e-01   5.9994299e-01
   2.0689755e-01   5.1723906e-01   2.7586339e-01
   2.0689597e-01   3.4482784e-01   4.4827619e-01
   4.1379320e-01   1.3793082e-01   4.4827597e-01
   5.0000585e-01   6.6666059e-02   4.3332809e-01
   5.1724143e-01   1.0344819e-01   3.7931038e-01
   6.8962600e-02   3.7931156e-01   5.5172584e-01
   3.4480666e-02   5.8620817e-01   3.7931117e-01
   1.0000081e-01   1.3333005e-01   7.6666914e-01
   3.7930716e-01   2.0689771e-01   4.1379513e-01
   7.3076815e-01   2.6923185e-01   0.0000000e+00
   2.0689674e-01   1.3793023e-01   6.5517303e-01
   2.7586156e-01   2.0689359e-01   5.1724484e-01
   9.9990001e-01   9.9989984e-05   0.0000000e+00
   2.7586233e-01   3.1034412e-01   4.1379355e-01
   3.7931030e-01   3.4482133e-02   5.8620756e-01
   3.4482853e-01   1.7241248e-01   4.8275899e-01
   2.0689564e-01   2.4137957e-01   5.5172479e-01
   9.9949428e-05   4.6661871e-01   5.3328134e-01
   2.4137914e-01   2.7586188e-01   4.8275898e-01
   2.6664053e-01   8.6096995e-05   7.3327337e-01
   1.3793095e-01   3.7931007e-01   4.8275899e-01
   9.9954288e-05   9.9990005e-01   0.0000000e+00
   5.0016301e-05   9.9990033e-02   8.9995995e-01
   2.4137891e-01   3.4482436e-02   7.2413865e-01
   1.3331868e-01   8.9861769e-05   8.6659145e-01
   6.6647846e-02   7.5382048e-05   9.3327677e-01
   8.8284692e-05   9.0806987e-05   9.9982091e-01
