   4.6666675e-01   5.3333325e-01   0.0000000e+00
   3.1034490e-01   1.7241370e-01   5.1724141e-01
   6.6665741e-02   9.3333426e-01   0.0000000e+00
   6.4774164e-01   1.0225836e-01   2.5000000e-01
   7.3076965e-01   2.6923035e-01   0.0000000e+00
   1.0000053e-01   1.0000053e-01   7.9999894e-01
   3.1999375e-01   6.8000625e-01   0.0000000e+00
   6.8103181e-02   6.8100063e-01   2.5089619e-01
   5.9999865e-01   4.0000135e-01   0.0000000e+00
   1.7045623e-01   5.7954377e-01   2.5000000e-01
   9.9901977e-05   9.9990010e-01   0.0000000e+00
   4.0908843e-01   3.4091157e-01   2.5000000e-01
   9.3333268e-01   6.6667324e-02   0.0000000e+00
   7.6666684e-01   2.3333316e-01   0.0000000e+00
   2.3333186e-01   7.6666814e-01   0.0000000e+00
   4.3333557e-01   5.6666443e-01   0.0000000e+00
   1.9230608e-01   8.0769392e-01   0.0000000e+00
   3.4483747e-01   2.0689338e-01   4.4826915e-01
   3.3557067e-02   4.2951881e-01   5.3692412e-01
   2.6923744e-01   7.3076256e-01   0.0000000e+00
   3.7932121e-01   3.1033938e-01   3.1033941e-01
   5.6666584e-01   4.3333416e-01   0.0000000e+00
   1.0328711e-04   3.7927353e-01   6.2062318e-01
   1.0344164e-01   4.4827919e-01   4.4827917e-01
   2.8570678e-01   4.6429321e-01   2.5000000e-01
   8.9999908e-01   1.0000092e-01   0.0000000e+00
   4.1379330e-01   2.4137897e-01   3.4482773e-01
   6.8963410e-02   5.1724255e-01   4.1379404e-01
   2.3334097e-01   2.0000199e-01   5.6665704e-01
   3.4478077e-02   6.2069266e-01   3.4482926e-01
   1.7241339e-01   4.1379334e-01   4.1379328e-01
   8.0769321e-01   1.9230679e-01   0.0000000e+00
   4.8275452e-01   2.0689819e-01   3.1034729e-01
   1.3792637e-01   3.4484977e-01   5.1722386e-01
   5.1851848e-01   4.8148152e-01   0.0000000e+00
   3.6666505e-01   6.3333495e-01   0.0000000e+00
   1.4285658e-01   8.5714342e-01   0.0000000e+00
   9.9990001e-01   9.9986429e-05   0.0000000e+00
   1.0333501e-04   6.8958393e-01   3.1031273e-01
   3.4479161e-01   1.0309799e-04   6.5510529e-01
   6.5519280e-01   3.4452855e-02   3.1035434e-01
   3.7931102e-01   6.8965385e-02   5.5172359e-01
   4.1379364e-01   1.7241273e-01   4.1379363e-01
   7.4989779e-01   1.0220272e-04   2.5000000e-01
   9.6666928e-01   3.3330721e-02   0.0000000e+00
   1.0220533e-04   7.4989779e-01   2.5000000e-01
   1.0343442e-04   5.8614613e-01   4.1375044e-01
   2.4137910e-01   1.3793072e-01   6.2069018e-01
   1.0332765e-04   3.1031214e-01   6.8958453e-01
   5.5172617e-01   1.0344498e-01   3.4482885e-01
   3.3333381e-02   2.3333853e-01   7.3332808e-01
   1.0343774e-01   3.1041470e-01   5.8614756e-01
   6.4285732e-01   3.5714268e-01   0.0000000e+00
   2.4137930e-01   2.4137930e-01   5.1724141e-01
   1.0000054e-01   8.9999946e-01   0.0000000e+00
   3.3333076e-02   9.6666692e-01   0.0000000e+00
   4.1375036e-01   1.0334277e-04   5.8614630e-01
   3.9999998e-01   6.0000002e-01   0.0000000e+00
   5.4544509e-01   2.0455491e-01   2.5000000e-01
   1.3793019e-01   1.3793019e-01   7.2413963e-01
   1.0344800e-01   2.0689661e-01   6.8965538e-01
   5.8620740e-01   1.3793030e-01   2.7586230e-01
   4.4827464e-01   2.7586404e-01   2.7586131e-01
   1.7241282e-01   1.7241282e-01   6.5517436e-01
   5.3327444e-01   9.9724762e-05   4.6662584e-01
   2.7586207e-01   2.7586207e-01   4.4827586e-01
   6.8965838e-01   3.1034162e-01   0.0000000e+00
   3.4482390e-01   3.7931688e-01   2.7585922e-01
   4.4828483e-01   3.4463040e-02   5.1725213e-01
   9.9729480e-05   1.9998042e-01   7.9991985e-01
   2.7582875e-01   1.0342373e-04   7.2406783e-01
   8.5714332e-01   1.4285668e-01   0.0000000e+00
   9.9848589e-05   4.9995470e-01   4.9994545e-01
   3.1034514e-01   1.0344738e-01   5.8620749e-01
   4.8276039e-01   1.3792787e-01   3.7931173e-01
   1.6665129e-01   9.9871303e-05   8.3324884e-01
   3.1034605e-01   3.4482502e-01   3.4482894e-01
   2.7586207e-01   4.1379314e-01   3.1034479e-01
   1.3793181e-01   5.1723865e-01   3.4482954e-01
   2.0689655e-01   5.1724127e-01   2.7586219e-01
   1.7241409e-01   2.4137824e-01   5.8620767e-01
   3.3332692e-02   1.3332906e-01   8.3333825e-01
   2.0689691e-01   4.4827496e-01   3.4482813e-01
   9.9990685e-02   9.2360066e-05   8.9991696e-01
   2.0000149e-01   3.3333404e-02   7.6666511e-01
   6.0708170e-01   1.0089388e-04   3.9281741e-01
   9.5502788e-05   9.9987542e-02   8.9991696e-01
   4.4827600e-01   1.0344800e-01   4.4827600e-01
   6.8965502e-02   2.7586221e-01   6.5517229e-01
   2.0689667e-01   3.1034503e-01   4.8275830e-01
   3.7931083e-01   1.3792741e-01   4.8276175e-01
   2.4138004e-01   6.8963892e-02   6.8965606e-01
   3.3329847e-02   3.3329847e-02   9.3334031e-01
   3.4482776e-01   2.7586093e-01   3.7931131e-01
   1.0344806e-01   5.8620721e-01   3.1034473e-01
   5.1724699e-01   6.8953407e-02   4.1379960e-01
   6.6667119e-02   1.6666777e-01   7.6666511e-01
   9.2279875e-05   9.7443083e-05   9.9981028e-01
   2.4137718e-01   3.7931143e-01   3.7931139e-01
   6.6665362e-02   6.6665365e-02   8.6666927e-01
