   3.0769265e-01   6.9230735e-01   0.0000000e+00
   1.7241379e-01   1.7241379e-01   6.5517241e-01
   3.4484548e-01   1.0344544e-01   5.5170908e-01
   1.0344576e-01   2.0689349e-01   6.8966075e-01
   6.6667225e-02   1.6667132e-01   7.6666145e-01
   4.0909169e-01   3.4090831e-01   2.5000000e-01
   8.1481532e-01   1.8518468e-01   0.0000000e+00
   2.3076904e-01   7.6923096e-01   0.0000000e+00
   6.6663695e-02   9.3333631e-01   0.0000000e+00
   1.3792719e-01   8.6207281e-01   0.0000000e+00
   1.0000038e-01   1.0000038e-01   7.9999924e-01
   6.9999814e-01   3.0000186e-01   0.0000000e+00
   9.9999537e-02   9.0000046e-01   0.0000000e+00
   9.9686614e-05   9.9990031e-01   0.0000000e+00
   2.6666033e-01   7.3333967e-01   0.0000000e+00
   3.3332931e-02   1.3333338e-01   8.3333369e-01
   7.4989789e-01   1.0211405e-04   2.5000000e-01
   2.3863738e-01   5.1136262e-01   2.5000000e-01
   6.4772627e-01   1.0227373e-01   2.5000000e-01
   7.3333339e-01   2.6666661e-01   0.0000000e+00
   1.7235201e-01   5.5188476e-01   2.7576323e-01
   1.0113815e-04   3.9281638e-01   6.0708248e-01
   2.7586209e-01   2.7586209e-01   4.4827583e-01
   3.4476564e-02   3.4482979e-01   6.2069364e-01
   1.6665009e-01   9.9985934e-05   8.3324992e-01
   9.3333481e-01   6.6665186e-02   0.0000000e+00
   4.4827833e-01   1.7240924e-01   3.7931243e-01
   1.3793091e-01   1.3793091e-01   7.2413818e-01
   1.0340030e-04   6.5510473e-01   3.4479187e-01
   3.3330440e-02   9.6666956e-01   0.0000000e+00
   8.6206912e-01   1.3793088e-01   0.0000000e+00
   1.7241272e-01   2.7586235e-01   5.5172493e-01
   5.3318836e-01   1.0000576e-04   4.6671163e-01
   2.0689613e-01   3.1034499e-01   4.8275888e-01
   9.6666830e-01   3.3331696e-02   0.0000000e+00
   2.0688481e-01   3.4480729e-02   7.5863446e-01
   3.5714351e-01   6.4285649e-01   0.0000000e+00
   8.9999198e-01   1.0000802e-01   0.0000000e+00
   2.4137769e-01   1.0344850e-01   6.5517381e-01
   7.6923066e-01   2.3076934e-01   0.0000000e+00
   4.6666682e-01   5.3333318e-01   0.0000000e+00
   5.6666568e-01   4.3333432e-01   0.0000000e+00
   5.1723745e-01   1.0344912e-01   3.7931343e-01
   4.4827612e-01   3.4482222e-02   5.1724166e-01
   3.3558634e-02   4.2950998e-01   5.3693139e-01
   2.0689657e-01   2.0689657e-01   5.8620686e-01
   6.8964205e-02   5.5172478e-01   3.7931101e-01
   1.7240186e-01   3.7935079e-01   4.4824735e-01
   1.8518336e-01   8.1481664e-01   0.0000000e+00
   3.4479198e-01   1.0342491e-04   6.5510459e-01
   3.7931643e-01   3.1034169e-01   3.1034188e-01
   1.0224740e-04   7.4989775e-01   2.5000000e-01
   2.7586179e-01   1.7241386e-01   5.5172436e-01
   1.3793135e-01   5.1724027e-01   3.4482838e-01
   9.9990004e-01   9.9963599e-05   0.0000000e+00
   3.9999938e-01   6.0000062e-01   0.0000000e+00
   5.8620894e-01   1.0344515e-01   3.1034591e-01
   6.0714250e-01   3.9285750e-01   0.0000000e+00
   5.7954636e-01   1.7045364e-01   2.5000000e-01
   6.5517939e-01   3.4472471e-02   3.1034814e-01
   1.0344781e-01   3.1034533e-01   5.8620686e-01
   4.3333489e-01   5.6666511e-01   0.0000000e+00
   3.2142690e-01   4.2857310e-01   2.5000000e-01
   9.9905284e-05   4.9994754e-01   4.9995255e-01
   1.3792871e-01   3.4482853e-01   5.1724276e-01
   5.1724295e-01   1.7241129e-01   3.1034576e-01
   2.4137931e-01   2.4137931e-01   5.1724138e-01
   3.1034886e-01   3.4481908e-01   3.4483206e-01
   6.8965188e-02   6.2068988e-01   3.1034493e-01
   2.0689631e-01   4.8275877e-01   3.1034492e-01
   3.1035063e-01   2.0689479e-01   4.8275458e-01
   6.6670866e-02   6.6670866e-02   8.6665827e-01
   5.0000436e-01   6.6666885e-02   4.3332876e-01
   4.2852641e-01   1.0075134e-04   5.7137284e-01
   9.9905350e-05   1.9998121e-01   7.9991888e-01
   3.4482168e-01   2.7586456e-01   3.7931377e-01
   3.4482031e-02   6.8965572e-01   2.7586225e-01
   6.8964717e-02   2.7586230e-01   6.5517298e-01
   1.0343727e-01   4.4828134e-01   4.4828139e-01
   2.4137870e-01   3.4482796e-01   4.1379335e-01
   2.4137922e-01   4.1379301e-01   3.4482777e-01
   3.4482842e-01   3.7930971e-01   2.7586187e-01
   3.7931654e-01   1.3792966e-01   4.8275380e-01
   1.7241384e-01   4.4827578e-01   3.7931038e-01
   1.0338144e-04   5.8614633e-01   4.1375028e-01
   3.7931104e-01   2.0689525e-01   4.1379371e-01
   1.3636215e-01   6.1363785e-01   2.5000000e-01
   4.1379336e-01   2.4137888e-01   3.4482777e-01
   4.4827855e-01   2.7586071e-01   2.7586073e-01
   5.0209340e-01   2.4790660e-01   2.5000000e-01
   2.7583359e-01   1.0329301e-04   7.2406311e-01
   6.5517243e-01   3.4482757e-01   0.0000000e+00
   5.1851992e-01   4.8148008e-01   0.0000000e+00
   6.0709053e-01   1.0116574e-04   3.9280830e-01
   3.1034899e-01   6.8957571e-02   6.2069343e-01
   6.4809421e-05   9.9985376e-02   8.9994981e-01
   3.3330259e-02   3.3330279e-02   9.3333946e-01
   1.0332821e-04   2.7583356e-01   7.2406311e-01
   9.9990169e-02   6.0016629e-05   8.9994981e-01
   8.5923452e-05   9.7617183e-05   9.9981646e-01
