   1.3635991e-01   6.1364009e-01   2.5000000e-01
   4.6666929e-01   5.3333071e-01   0.0000000e+00
   3.6666461e-01   6.3333539e-01   0.0000000e+00
   1.4285494e-01   8.5714506e-01   0.0000000e+00
   1.0337031e-04   3.1031279e-01   6.8958383e-01
   1.0217031e-04   7.4989783e-01   2.5000000e-01
   4.8276006e-01   1.0344560e-01   4.1379434e-01
   6.6666651e-02   9.3333335e-01   0.0000000e+00
   6.4285686e-01   3.5714314e-01   0.0000000e+00
   2.3333304e-01   7.6666696e-01   0.0000000e+00
   3.3328915e-02   9.6667108e-01   0.0000000e+00
   6.2068496e-01   1.0344956e-01   2.7586548e-01
   8.9999988e-01   1.0000012e-01   0.0000000e+00
   1.9230643e-01   8.0769357e-01   0.0000000e+00
   5.1136033e-01   2.3863967e-01   2.5000000e-01
   5.1851824e-01   4.8148176e-01   0.0000000e+00
   7.3333103e-01   2.6666897e-01   0.0000000e+00
   9.9889824e-05   4.3328662e-01   5.6661349e-01
   3.2142932e-01   4.2857068e-01   2.5000000e-01
   1.6665035e-01   9.9952634e-05   8.3324969e-01
   6.6667559e-02   1.3333488e-01   7.9999756e-01
   6.0000000e-01   4.0000000e-01   0.0000000e+00
   4.4318156e-01   3.0681844e-01   2.5000000e-01
   2.0454574e-01   5.4545426e-01   2.5000000e-01
   2.6923250e-01   7.3076750e-01   0.0000000e+00
   1.0000338e-01   8.9999662e-01   0.0000000e+00
   6.9230879e-01   3.0769121e-01   0.0000000e+00
   9.9990014e-01   9.9862646e-05   0.0000000e+00
   9.3333079e-01   6.6669206e-02   0.0000000e+00
   4.9994866e-01   9.9984007e-05   4.9995135e-01
   9.9999915e-02   6.6666610e-02   8.3333347e-01
   6.8182181e-01   6.8178186e-02   2.5000000e-01
   2.7586228e-01   3.4482710e-01   3.7931063e-01
   8.1481394e-01   1.8518606e-01   0.0000000e+00
   3.9999989e-01   6.0000011e-01   0.0000000e+00
   4.1379310e-01   2.7586207e-01   3.1034483e-01
   1.3792667e-01   3.7932965e-01   4.8274368e-01
   6.2062546e-01   1.0335254e-04   3.7927119e-01
   1.3333295e-01   1.0000016e-01   7.6666688e-01
   3.7931128e-01   6.8963236e-02   5.5172549e-01
   5.6666726e-01   4.3333274e-01   0.0000000e+00
   6.8961673e-02   6.5517512e-01   2.7586320e-01
   1.3792195e-01   5.5172995e-01   3.1034810e-01
   3.4483099e-01   1.3792917e-01   5.1723983e-01
   2.0689652e-01   3.1034493e-01   4.8275855e-01
   1.0025457e-01   4.6786262e-01   4.3188281e-01
   8.6207398e-01   1.3792602e-01   0.0000000e+00
   3.7930745e-01   1.7241431e-01   4.4827824e-01
   3.7931176e-01   3.4482678e-01   2.7586146e-01
   2.4137981e-01   1.3792926e-01   6.2069093e-01
   9.9981764e-05   1.6665032e-01   8.3324969e-01
   7.6923434e-01   2.3076566e-01   0.0000000e+00
   3.1034483e-01   2.0689655e-01   4.8275862e-01
   7.4989783e-01   1.0217008e-04   2.5000000e-01
   1.0030480e-04   5.3565815e-01   4.6424154e-01
   4.1375060e-01   1.0342941e-04   5.8614597e-01
   3.4482761e-01   3.1034478e-01   3.4482761e-01
   3.7930794e-01   2.4138024e-01   3.7931181e-01
   2.4137952e-01   4.8275818e-01   2.7586230e-01
   3.1034462e-01   3.7931077e-01   3.1034462e-01
   1.0343474e-04   6.2062538e-01   3.7927119e-01
   1.0342773e-04   6.8958383e-01   3.1031274e-01
   3.2000028e-01   6.7999972e-01   0.0000000e+00
   2.0689133e-01   6.8963644e-02   7.2414503e-01
   9.9983044e-05   2.3331000e-01   7.6659001e-01
   3.4482750e-02   4.8275862e-01   4.8275862e-01
   5.8620974e-01   6.8961005e-02   3.4482926e-01
   2.7586413e-01   1.7240757e-01   5.5172829e-01
   3.4479203e-01   1.0343231e-04   6.5510453e-01
   9.9982456e-05   9.9990002e-01   0.0000000e+00
   3.1034175e-01   2.7586334e-01   4.1379491e-01
   4.1379298e-01   1.0344854e-01   4.8275848e-01
   1.3793000e-01   3.1034520e-01   5.5172480e-01
   9.6666752e-01   3.3332485e-02   0.0000000e+00
   5.1724370e-01   1.3792718e-01   3.4482913e-01
   2.7586214e-01   3.4482495e-02   6.8965536e-01
   3.1034489e-01   1.0344810e-01   5.8620701e-01
   2.0689580e-01   3.7931071e-01   4.1379349e-01
   6.8964818e-02   2.4137949e-01   6.8965569e-01
   2.4138010e-01   4.1379120e-01   3.4482870e-01
   2.4138009e-01   2.4138008e-01   5.1723983e-01
   6.8964961e-02   5.8620725e-01   3.4482779e-01
   1.0344822e-01   2.7586139e-01   6.2069039e-01
   6.8963124e-02   3.7931537e-01   5.5172151e-01
   4.3333117e-01   5.6666883e-01   0.0000000e+00
   1.7240988e-01   4.8276091e-01   3.4482921e-01
   3.4482623e-02   3.4482702e-01   6.2069036e-01
   4.4827644e-01   1.7241272e-01   3.7931084e-01
   5.5172425e-01   3.4482551e-02   4.1379320e-01
   5.7954593e-01   1.7045407e-01   2.5000000e-01
   1.7241320e-01   1.7241319e-01   6.5517361e-01
   8.3866803e-05   9.9983740e-02   8.9993239e-01
   1.0344578e-01   1.7240920e-01   7.2414503e-01
   2.0689650e-01   2.0689649e-01   5.8620701e-01
   4.8275770e-01   2.0689692e-01   3.1034538e-01
   6.8958383e-01   1.0342755e-04   3.1031274e-01
   9.9982467e-02   8.5139354e-05   8.9993239e-01
   3.3321396e-02   3.3324480e-02   9.3335412e-01
   2.3330997e-01   9.9984243e-05   7.6659005e-01
   9.8325794e-05   9.8823666e-05   9.9980285e-01
