   2.8571255e-01   4.6428745e-01   2.5000000e-01
   1.0344599e-01   1.0344599e-01   7.9310803e-01
   8.6206967e-01   1.3793033e-01   0.0000000e+00
   1.6666885e-01   6.6668113e-02   7.6666303e-01
   3.9285016e-01   3.5714984e-01   2.5000000e-01
   1.3793125e-01   8.6206875e-01   0.0000000e+00
   5.6666563e-01   4.3333437e-01   0.0000000e+00
   3.3327679e-02   9.6667232e-01   0.0000000e+00
   7.3076199e-01   2.6923801e-01   0.0000000e+00
   4.4822951e-01   1.0326240e-04   5.5166723e-01
   2.3076230e-01   7.6923770e-01   0.0000000e+00
   6.8963439e-02   2.7586610e-01   6.5517046e-01
   4.9995010e-01   9.9798808e-05   4.9995011e-01
   1.0218442e-04   7.4989782e-01   2.5000000e-01
   3.9286213e-01   6.0713787e-01   0.0000000e+00
   1.8518700e-01   8.1481300e-01   0.0000000e+00
   2.0689504e-01   3.7931107e-01   4.1379389e-01
   4.3333341e-01   5.6666659e-01   0.0000000e+00
   8.9999659e-01   1.0000341e-01   0.0000000e+00
   2.0454469e-01   5.4545531e-01   2.5000000e-01
   5.9999930e-01   4.0000070e-01   0.0000000e+00
   6.6666649e-02   9.3333335e-01   0.0000000e+00
   3.0000657e-01   6.9999343e-01   0.0000000e+00
   8.1481661e-01   1.8518339e-01   0.0000000e+00
   3.4482957e-01   6.5517043e-01   0.0000000e+00
   9.6666682e-01   3.3333182e-02   0.0000000e+00
   6.8960594e-02   5.1724412e-01   4.1379529e-01
   6.3333580e-01   3.6666420e-01   0.0000000e+00
   9.3333057e-01   6.6669427e-02   0.0000000e+00
   5.5171848e-01   1.7241599e-01   2.7586552e-01
   9.9903136e-05   2.3331174e-01   7.6658835e-01
   1.0339861e-04   5.5166670e-01   4.4822990e-01
   3.3333361e-02   4.6666718e-01   4.9999946e-01
   3.1034345e-01   4.1379570e-01   2.7586085e-01
   5.8614632e-01   1.0338371e-04   4.1375030e-01
   1.3793115e-01   1.7241248e-01   6.8965638e-01
   6.8964930e-02   3.4482658e-01   5.8620849e-01
   2.7586208e-01   2.0689647e-01   5.1724145e-01
   2.0689438e-01   2.4137996e-01   5.5172566e-01
   4.2857238e-01   2.1428618e-01   3.5714143e-01
   6.7999818e-01   3.2000182e-01   0.0000000e+00
   1.0342334e-04   6.8958388e-01   3.1031270e-01
   2.7586169e-01   3.1034577e-01   4.1379254e-01
   1.0344083e-01   5.5172874e-01   3.4483043e-01
   1.3332004e-01   9.9767857e-05   8.6658020e-01
   5.8621175e-01   1.0344088e-01   3.1034737e-01
   6.4772591e-01   1.0227409e-01   2.5000000e-01
   1.0227402e-01   6.4772598e-01   2.5000000e-01
   2.4137914e-01   2.7586238e-01   4.8275848e-01
   1.3793089e-01   4.1379318e-01   4.4827594e-01
   1.7241363e-01   5.1724153e-01   3.1034484e-01
   5.1724670e-01   6.8955931e-02   4.1379737e-01
   1.0341560e-04   6.2062535e-01   3.7927123e-01
   2.0689703e-01   4.4827460e-01   3.4482838e-01
   2.6666475e-01   7.3333525e-01   0.0000000e+00
   6.8963778e-02   2.0689159e-01   7.2414463e-01
   9.9970875e-05   9.9990003e-01   0.0000000e+00
   7.6923058e-01   2.3076942e-01   0.0000000e+00
   1.0000002e-01   8.9999998e-01   0.0000000e+00
   3.3333612e-02   3.3333612e-02   9.3333278e-01
   3.7930988e-01   1.7241392e-01   4.4827620e-01
   4.8148264e-01   5.1851736e-01   0.0000000e+00
   3.3333261e-02   1.6666724e-01   7.9999950e-01
   1.0343744e-04   3.7927109e-01   6.2062547e-01
   6.8958389e-01   1.0341378e-04   3.1031270e-01
   6.2069035e-01   3.4481669e-02   3.4482798e-01
   5.3332935e-01   4.6667065e-01   0.0000000e+00
   3.1034905e-01   6.8952863e-02   6.2069808e-01
   3.1031274e-01   1.0339210e-04   6.8958387e-01
   9.9974414e-05   4.3328856e-01   5.6661147e-01
   3.4481631e-01   2.7586683e-01   3.7931686e-01
   6.8962647e-02   6.2070532e-01   3.1033204e-01
   5.0974049e-01   2.4025951e-01   2.5000000e-01
   3.7927116e-01   1.0335179e-04   6.2062549e-01
   9.9444637e-05   1.3332010e-01   8.6658045e-01
   2.7586050e-01   3.7931117e-01   3.4482833e-01
   1.3793019e-01   3.1034514e-01   5.5172467e-01
   3.1034499e-01   2.4137925e-01   4.4827576e-01
   4.4827934e-01   1.0344399e-01   4.4827667e-01
   1.3779179e-01   5.8662363e-01   2.7558458e-01
   7.4989775e-01   1.0225019e-04   2.5000000e-01
   3.4484659e-01   1.0344525e-01   5.5170816e-01
   1.0344920e-01   3.7930836e-01   5.1724244e-01
   4.8275830e-01   1.3793086e-01   3.7931084e-01
   1.0332692e-04   3.1031279e-01   6.8958388e-01
   1.9998220e-01   9.9846608e-05   7.9991795e-01
   2.0689634e-01   1.7241396e-01   6.2068970e-01
   2.4137553e-01   3.4479835e-02   7.2414463e-01
   4.1379332e-01   3.1034486e-01   2.7586182e-01
   1.3792811e-01   4.8276028e-01   3.7931162e-01
   4.4828272e-01   2.4137589e-01   3.1034139e-01
   9.9990060e-01   9.9403011e-05   0.0000000e+00
   2.0689575e-01   1.0344787e-01   6.8965638e-01
   3.4482758e-01   3.4482758e-01   3.1034484e-01
   1.3793074e-01   2.4137956e-01   6.2068970e-01
   2.7586101e-01   1.3793050e-01   5.8620849e-01
   4.1380110e-01   6.8956501e-02   5.1724240e-01
   1.7241379e-01   3.4483117e-01   4.8275505e-01
   6.6666362e-02   6.6666246e-02   8.6666739e-01
   9.5071440e-05   7.6168602e-05   9.9982876e-01
