   3.7931152e-01   3.4482693e-01   2.7586155e-01
   6.6666931e-02   9.3333307e-01   0.0000000e+00
   3.0769166e-01   6.9230834e-01   0.0000000e+00
   6.4773052e-01   1.0226940e-01   2.5000008e-01
   9.9895138e-05   9.9990010e-01   0.0000000e+00
   9.6666662e-01   3.3333382e-02   0.0000000e+00
   8.5714312e-01   1.4285688e-01   0.0000000e+00
   5.4544701e-01   2.0455291e-01   2.5000008e-01
   2.7586364e-01   3.1034089e-01   4.1379547e-01
   9.9990003e-01   9.9973670e-05   0.0000000e+00
   4.8148109e-01   5.1851891e-01   0.0000000e+00
   9.3333432e-01   6.6665683e-02   0.0000000e+00
   7.3076473e-01   2.6923527e-01   0.0000000e+00
   2.3076811e-01   7.6923189e-01   0.0000000e+00
   1.7045689e-01   5.7954303e-01   2.5000008e-01
   1.7241309e-01   1.3793062e-01   6.8965628e-01
   3.3333672e-02   2.3333466e-01   7.3333166e-01
   3.5714383e-01   6.4285617e-01   0.0000000e+00
   5.6666504e-01   4.3333496e-01   0.0000000e+00
   3.4482673e-01   1.0344841e-01   5.5172486e-01
   6.8180941e-02   6.8181898e-01   2.5000008e-01
   6.0000108e-01   3.9999892e-01   0.0000000e+00
   1.3793050e-01   2.4137946e-01   6.2069004e-01
   7.4989767e-01   1.0224480e-04   2.5000008e-01
   2.7583320e-01   1.0339567e-04   7.2406340e-01
   3.1034501e-01   2.4137887e-01   4.4827612e-01
   3.4482734e-01   2.7586217e-01   3.7931049e-01
   1.8518520e-01   8.1481480e-01   0.0000000e+00
   4.1375032e-01   1.0339074e-04   5.8614629e-01
   1.3793100e-01   5.1724141e-01   3.4482759e-01
   5.8621047e-01   6.8959835e-02   3.4482969e-01
   5.3333279e-01   4.6666721e-01   0.0000000e+00
   6.8965498e-01   3.1034502e-01   0.0000000e+00
   3.3333321e-02   9.6666668e-01   0.0000000e+00
   3.1034303e-01   3.4482849e-01   3.4482848e-01
   6.4285629e-01   3.5714371e-01   0.0000000e+00
   2.3863938e-01   5.1136054e-01   2.5000008e-01
   4.3333268e-01   5.6666732e-01   0.0000000e+00
   7.6666652e-01   2.3333348e-01   0.0000000e+00
   1.7241398e-01   4.4827527e-01   3.7931075e-01
   1.0214324e-04   7.4989778e-01   2.5000008e-01
   6.6666353e-02   6.6666386e-02   8.6666726e-01
   1.7241326e-01   2.7586226e-01   5.5172449e-01
   2.4137985e-01   1.0344615e-01   6.5517401e-01
   4.1379362e-01   2.7586117e-01   3.1034521e-01
   2.6666531e-01   7.3333469e-01   0.0000000e+00
   2.0689584e-01   3.1034383e-01   4.8276032e-01
   5.5166706e-01   1.0342615e-04   4.4822951e-01
   1.0000097e-01   8.9999903e-01   0.0000000e+00
   3.4479193e-01   1.0342776e-04   6.5510465e-01
   6.6983308e-02   4.3061820e-01   5.0239849e-01
   1.0343690e-04   6.5510457e-01   3.4479200e-01
   2.4137519e-01   3.7931240e-01   3.7931240e-01
   1.0344794e-01   3.1034508e-01   5.8620698e-01
   8.0769357e-01   1.9230643e-01   0.0000000e+00
   1.7239899e-01   6.8958786e-02   7.5864222e-01
   4.9994963e-01   9.9982494e-05   4.9995039e-01
   9.9631487e-05   1.3331949e-01   8.6658088e-01
   9.0000160e-01   9.9998403e-02   0.0000000e+00
   4.4827263e-01   2.0689776e-01   3.4482961e-01
   6.2062542e-01   1.0341041e-04   3.7927117e-01
   1.0343221e-04   3.7927132e-01   6.2062525e-01
   1.3792613e-01   8.6207387e-01   0.0000000e+00
   5.1724147e-01   6.8965345e-02   4.1379318e-01
   3.5714302e-01   3.9285690e-01   2.5000008e-01
   1.0043611e-04   5.3566272e-01   4.6423684e-01
   2.4137922e-01   2.4137934e-01   5.1724144e-01
   6.8958386e-01   1.0339770e-04   3.1031275e-01
   3.9999995e-01   6.0000005e-01   0.0000000e+00
   1.0344822e-01   1.7241384e-01   7.2413794e-01
   4.8276079e-01   1.3792718e-01   3.7931203e-01
   4.1379316e-01   6.8965382e-02   5.1724145e-01
   3.1034404e-01   1.7241399e-01   5.1724197e-01
   1.0342536e-04   4.4822987e-01   5.5166670e-01
   3.1034490e-01   6.8965285e-02   6.2068981e-01
   9.9853652e-05   1.9998127e-01   7.9991888e-01
   1.9998122e-01   9.9908647e-05   7.9991888e-01
   6.8960867e-02   1.3792678e-01   7.9311236e-01
   2.7586266e-01   4.4827469e-01   2.7586265e-01
   5.1729057e-01   1.7239622e-01   3.1031320e-01
   1.3792565e-01   3.4482975e-01   5.1724459e-01
   4.8275862e-01   2.4137930e-01   2.7586208e-01
   1.3333286e-01   3.3331027e-02   8.3333612e-01
   1.0339061e-04   3.1031220e-01   6.8958441e-01
   4.4826939e-01   1.0344950e-01   4.4828111e-01
   1.7239821e-01   3.7936636e-01   4.4823544e-01
   6.8965050e-02   2.7586094e-01   6.5517401e-01
   1.0344465e-01   6.2069269e-01   2.7586266e-01
   2.0689647e-01   2.0689657e-01   5.8620696e-01
   2.0689620e-01   4.8275885e-01   3.1034495e-01
   1.0344648e-01   4.8275959e-01   4.1379393e-01
   5.8620342e-01   1.3793219e-01   2.7586439e-01
   3.7931438e-01   2.0688829e-01   4.1379733e-01
   9.9977673e-02   9.2798230e-05   8.9992953e-01
   3.4473966e-02   5.8621140e-01   3.7931463e-01
   2.7586203e-01   1.3793101e-01   5.8620695e-01
   4.4318329e-01   3.0681663e-01   2.5000008e-01
   3.7930943e-01   1.3793025e-01   4.8276032e-01
   9.8465253e-05   6.6656200e-02   9.3324533e-01
   8.7397831e-05   7.6833322e-05   9.9983577e-01
