   9.9863520e-05   4.9994893e-01   4.9995121e-01
   1.4285703e-01   8.5714297e-01   0.0000000e+00
   2.6666555e-01   7.3333445e-01   0.0000000e+00
   1.0000114e-01   8.9999886e-01   0.0000000e+00
   1.9230854e-01   8.0769146e-01   0.0000000e+00
   3.9285718e-01   6.0714282e-01   0.0000000e+00
   3.0000120e-01   6.9999880e-01   0.0000000e+00
   9.6666805e-01   3.3331953e-02   0.0000000e+00
   6.9230940e-01   3.0769060e-01   0.0000000e+00
   3.3338442e-02   4.3324579e-01   5.3341577e-01
   6.9999469e-01   3.3333010e-02   2.6667230e-01
   8.0769267e-01   1.9230733e-01   0.0000000e+00
   5.3333291e-01   4.6666709e-01   0.0000000e+00
   8.9999989e-01   1.0000011e-01   0.0000000e+00
   1.3745530e-01   5.8763248e-01   2.7491222e-01
   4.3333464e-01   5.6666536e-01   0.0000000e+00
   6.5510450e-01   1.0341963e-04   3.4479209e-01
   1.0227304e-01   6.4772696e-01   2.5000000e-01
   9.9741346e-05   1.3332608e-01   8.6657418e-01
   6.0000009e-01   3.9999991e-01   0.0000000e+00
   4.8148182e-01   5.1851818e-01   0.0000000e+00
   3.3553534e-02   5.3690941e-01   4.2953706e-01
   2.0689700e-01   2.0689621e-01   5.8620679e-01
   4.6787250e-01   1.0025590e-01   4.3187160e-01
   1.0344887e-01   5.5172161e-01   3.4482952e-01
   5.6666821e-01   4.3333179e-01   0.0000000e+00
   5.8620705e-01   3.4482491e-02   3.7931045e-01
   3.7931401e-01   3.4473485e-02   5.8621250e-01
   7.6666932e-01   2.3333068e-01   0.0000000e+00
   7.4989804e-01   1.0196088e-04   2.5000000e-01
   6.4286022e-01   3.5713978e-01   0.0000000e+00
   4.1379315e-01   2.7586199e-01   3.1034486e-01
   9.9990037e-01   9.9627629e-05   0.0000000e+00
   3.4484022e-01   6.5515978e-01   0.0000000e+00
   4.6429148e-01   2.8570852e-01   2.5000000e-01
   6.6661070e-02   9.3333893e-01   0.0000000e+00
   2.3332277e-01   7.6667723e-01   0.0000000e+00
   1.7241398e-01   3.1034729e-01   5.1723874e-01
   1.3793254e-01   4.8275298e-01   3.7931448e-01
   3.5714095e-01   3.9285905e-01   2.5000000e-01
   5.7954772e-01   1.7045228e-01   2.5000000e-01
   1.0049100e-04   3.9280813e-01   6.0709138e-01
   6.6671715e-02   1.6668050e-01   7.6664779e-01
   7.3333455e-01   2.6666545e-01   0.0000000e+00
   3.1033784e-01   3.4483108e-01   3.4483108e-01
   3.4482298e-02   2.4137895e-01   7.2413875e-01
   1.9998030e-01   9.9956319e-05   7.9991975e-01
   9.3333331e-01   6.6666687e-02   0.0000000e+00
   8.5714507e-01   1.4285493e-01   0.0000000e+00
   9.9374712e-05   9.9990063e-01   0.0000000e+00
   4.4823043e-01   1.0343441e-04   5.5166613e-01
   2.7586115e-01   3.1034347e-01   4.1379537e-01
   2.7583421e-01   1.0305362e-04   7.2406274e-01
   4.1379445e-01   1.3792999e-01   4.4827557e-01
   1.0342477e-04   3.1030912e-01   6.8958746e-01
   9.9975852e-05   1.9998028e-01   7.9991975e-01
   1.0213038e-04   7.4989787e-01   2.5000000e-01
   3.1034207e-01   2.4138255e-01   4.4827538e-01
   3.3333719e-02   9.6666628e-01   0.0000000e+00
   2.0454742e-01   5.4545258e-01   2.5000000e-01
   4.1379644e-01   6.8964826e-02   5.1723874e-01
   2.7585752e-01   4.1380156e-01   3.1034093e-01
   3.4482830e-01   1.0344568e-01   5.5172602e-01
   3.4460833e-02   6.5519219e-01   3.1034698e-01
   6.4774047e-01   1.0225953e-01   2.5000000e-01
   6.8963389e-02   2.7586270e-01   6.5517391e-01
   2.7272856e-01   4.7727144e-01   2.5000000e-01
   3.3333591e-02   6.6664789e-02   9.0000162e-01
   5.3566072e-01   1.0026543e-04   4.6423901e-01
   1.0322514e-04   6.2062539e-01   3.7927139e-01
   2.7586214e-01   1.3793107e-01   5.8620679e-01
   1.3793033e-01   3.7931058e-01   4.8275909e-01
   3.4479203e-01   1.0310747e-04   6.5510486e-01
   6.2068938e-01   6.8965573e-02   3.1034505e-01
   1.7241385e-01   5.1724121e-01   3.1034494e-01
   2.7586483e-01   2.0689435e-01   5.1724082e-01
   1.7241190e-01   6.8964134e-02   7.5862397e-01
   2.4137821e-01   2.7586270e-01   4.8275909e-01
   1.3333488e-01   3.3332676e-02   8.3333245e-01
   3.7931107e-01   3.4482256e-01   2.7586637e-01
   1.3793044e-01   2.4137907e-01   6.2069049e-01
   2.0689729e-01   3.4482534e-01   4.4827737e-01
   4.1379313e-01   2.0689656e-01   3.7931031e-01
   3.1034614e-01   6.8963237e-02   6.2069062e-01
   1.0344740e-01   4.4827685e-01   4.4827575e-01
   2.4137980e-01   3.7930749e-01   3.7931271e-01
   3.4483185e-01   2.7585362e-01   3.7931454e-01
   1.0000027e-01   9.9999895e-02   7.9999983e-01
   5.1723683e-01   2.0689680e-01   2.7586637e-01
   4.8275988e-01   1.7241188e-01   3.4482824e-01
   1.7240891e-01   4.1379569e-01   4.1379540e-01
   2.4137945e-01   1.0344764e-01   6.5517291e-01
   1.0344538e-01   3.4482860e-01   5.5172602e-01
   3.4482744e-01   1.7241372e-01   4.8275884e-01
   1.7241388e-01   1.7241322e-01   6.5517290e-01
   2.0689851e-01   4.4827152e-01   3.4482998e-01
   5.5172526e-01   1.0344645e-01   3.4482828e-01
   1.3793089e-01   1.3793037e-01   7.2413875e-01
   9.9989703e-02   9.8547421e-05   8.9991175e-01
   8.8334317e-05   9.5605006e-05   9.9981606e-01
