   6.8966102e-01   3.1033898e-01   0.0000000e+00
   9.9859259e-05   9.9990014e-01   0.0000000e+00
   3.4482833e-01   2.7586209e-01   3.7930959e-01
   9.6666648e-01   3.3333521e-02   0.0000000e+00
   4.8275755e-01   1.0344849e-01   4.1379396e-01
   2.3076892e-01   7.6923108e-01   0.0000000e+00
   5.3333111e-01   4.6666889e-01   0.0000000e+00
   2.0689747e-01   2.4137597e-01   5.5172657e-01
   2.6666654e-01   7.3333346e-01   0.0000000e+00
   4.6428521e-01   2.8571479e-01   2.5000000e-01
   6.8965160e-02   1.3793031e-01   7.9310453e-01
   1.3793117e-01   1.7241296e-01   6.8965587e-01
   1.0344750e-01   5.5172462e-01   3.4482789e-01
   4.8148192e-01   5.1851808e-01   0.0000000e+00
   1.0216474e-04   7.4989783e-01   2.5000000e-01
   5.8620930e-01   1.3792800e-01   2.7586270e-01
   6.0707930e-01   1.0113342e-04   3.9281956e-01
   4.3333456e-01   5.6666544e-01   0.0000000e+00
   1.8518180e-01   8.1481820e-01   0.0000000e+00
   5.6666893e-01   4.3333107e-01   0.0000000e+00
   1.3793026e-01   8.6206974e-01   0.0000000e+00
   1.0333589e-04   4.4822953e-01   5.5166713e-01
   1.0342266e-04   6.2062538e-01   3.7927120e-01
   6.4772536e-01   1.0227464e-01   2.5000000e-01
   3.3333533e-02   9.6666647e-01   0.0000000e+00
   6.6665098e-02   9.3333490e-01   0.0000000e+00
   9.9990059e-01   9.9405766e-05   0.0000000e+00
   6.0000006e-01   3.9999994e-01   0.0000000e+00
   3.5714281e-01   6.4285719e-01   0.0000000e+00
   1.7241380e-01   5.5172412e-01   2.7586208e-01
   1.0341947e-04   3.1031275e-01   6.8958383e-01
   7.4989783e-01   1.0217259e-04   2.5000000e-01
   3.0769328e-01   6.9230672e-01   0.0000000e+00
   6.8964152e-02   5.1724213e-01   4.1379371e-01
   6.8178744e-02   6.8182126e-01   2.5000000e-01
   8.9999789e-01   1.0000211e-01   0.0000000e+00
   6.4285751e-01   3.5714249e-01   0.0000000e+00
   8.5714553e-01   1.4285447e-01   0.0000000e+00
   1.7241671e-01   4.8274983e-01   3.4483346e-01
   1.0342686e-04   3.7927125e-01   6.2062532e-01
   7.6666722e-01   2.3333278e-01   0.0000000e+00
   4.9994395e-01   9.9885750e-05   4.9995617e-01
   1.0344837e-01   4.4827536e-01   4.4827626e-01
   1.3636612e-01   6.1363388e-01   2.5000000e-01
   5.5172828e-01   1.0344152e-01   3.4483020e-01
   1.0339059e-04   6.8958387e-01   3.1031274e-01
   8.0769248e-01   1.9230752e-01   0.0000000e+00
   9.9729588e-05   9.9998842e-02   8.9990143e-01
   1.0000019e-01   8.9999981e-01   0.0000000e+00
   7.3077133e-01   2.6922867e-01   0.0000000e+00
   9.3333243e-01   6.6667569e-02   0.0000000e+00
   4.8276527e-01   2.0689389e-01   3.1034084e-01
   2.7586204e-01   4.1379315e-01   3.1034481e-01
   1.3334611e-01   9.9939111e-05   8.6655395e-01
   3.9999994e-01   6.0000006e-01   0.0000000e+00
   6.8966780e-01   3.4468557e-02   2.7586365e-01
   5.4545438e-01   2.0454562e-01   2.5000000e-01
   4.1375113e-01   1.0341060e-04   5.8614546e-01
   1.7241098e-01   2.0689725e-01   6.2069177e-01
   2.4137981e-01   3.7931060e-01   3.7930959e-01
   2.5000001e-01   4.9999999e-01   2.5000000e-01
   5.5172436e-01   3.4482365e-02   4.1379327e-01
   2.7586364e-01   3.1034091e-01   4.1379544e-01
   6.8962501e-02   2.0689085e-01   7.2414665e-01
   2.0689763e-01   1.3793172e-01   6.5517065e-01
   6.8960895e-02   6.2071500e-01   3.1032411e-01
   3.7931146e-01   2.0689422e-01   4.1379432e-01
   3.1031277e-01   1.0339566e-04   6.8958383e-01
   3.7931752e-01   3.1034124e-01   3.1034124e-01
   1.7240387e-01   6.8960057e-02   7.5863607e-01
   6.6661033e-02   2.6119753e-05   9.3331285e-01
   9.9999468e-02   6.6666296e-02   8.3333424e-01
   3.7931240e-01   6.8964123e-02   5.5172348e-01
   3.5714609e-01   3.9285391e-01   2.5000000e-01
   6.8964881e-02   4.1379246e-01   5.1724265e-01
   6.5510454e-01   1.0337862e-04   3.4479208e-01
   4.1379141e-01   2.4138001e-01   3.4482858e-01
   4.4827096e-01   1.7241536e-01   3.7931367e-01
   3.1034153e-01   3.4482943e-01   3.4482904e-01
   3.4482534e-01   3.4482887e-02   6.2069177e-01
   1.0337433e-04   5.5166766e-01   4.4822896e-01
   9.9946398e-05   2.3332290e-01   7.6657716e-01
   6.8965966e-02   2.7586339e-01   6.5517064e-01
   1.7241396e-01   4.1379255e-01   4.1379349e-01
   3.4482881e-01   1.3792854e-01   5.1724265e-01
   3.1034398e-01   2.4137961e-01   4.4827641e-01
   1.0344454e-01   3.1037461e-01   5.8618085e-01
   2.4137205e-01   3.4481307e-02   7.2414665e-01
   4.1379349e-01   1.3793024e-01   4.4827627e-01
   2.7586301e-01   1.7241356e-01   5.5172343e-01
   3.4481754e-02   4.8275788e-01   4.8276037e-01
   2.0689292e-01   3.4482586e-01   4.4828123e-01
   9.7466735e-05   1.6663866e-01   8.3326387e-01
   1.7241331e-01   3.1034403e-01   5.1724265e-01
   1.3793050e-01   3.7930913e-01   4.8276037e-01
   2.7586183e-01   1.0344830e-01   6.2068987e-01
   2.4137898e-01   2.7586065e-01   4.8276037e-01
   1.9997711e-01   9.1831593e-05   7.9993106e-01
   9.7953909e-05   9.7130410e-05   9.9980492e-01
   4.4827715e-01   6.8962487e-02   4.8276037e-01
