   1.4285548e-01   8.5714452e-01   0.0000000e+00
   9.9990022e-01   9.9775627e-05   0.0000000e+00
   3.1034341e-01   6.8965659e-01   0.0000000e+00
   1.0344918e-01   5.5172025e-01   3.4483058e-01
   3.9999874e-01   6.0000126e-01   0.0000000e+00
   5.1724191e-01   1.0344736e-01   3.7931073e-01
   9.6667175e-01   3.3328254e-02   0.0000000e+00
   3.5714345e-01   6.4285655e-01   0.0000000e+00
   5.6666504e-01   4.3333496e-01   0.0000000e+00
   3.0681954e-01   4.4318046e-01   2.5000000e-01
   6.1363445e-01   1.3636554e-01   2.5000000e-01
   4.4822938e-01   1.0336231e-04   5.5166726e-01
   1.0341325e-04   5.1718804e-01   4.8270855e-01
   5.4545083e-01   2.0454917e-01   2.5000000e-01
   1.0344832e-01   2.0689665e-01   6.8965504e-01
   2.0689501e-01   3.4482871e-01   4.4827627e-01
   3.1031249e-01   1.0338900e-04   6.8958412e-01
   2.0454532e-01   5.4545467e-01   2.5000000e-01
   2.7586195e-01   6.8965088e-02   6.5517296e-01
   1.0215910e-04   7.4989784e-01   2.5000000e-01
   5.1852400e-01   4.8147600e-01   0.0000000e+00
   1.3333281e-01   1.3333102e-01   7.3333617e-01
   3.2142829e-01   2.1428486e-01   4.6428685e-01
   4.4827710e-01   1.0344663e-01   4.4827627e-01
   4.6666657e-01   5.3333343e-01   0.0000000e+00
   6.5510463e-01   1.0343588e-04   3.4479194e-01
   1.7241436e-01   1.7241203e-01   6.5517361e-01
   7.6666915e-01   2.3333085e-01   0.0000000e+00
   6.0000075e-01   3.9999925e-01   0.0000000e+00
   9.3333474e-01   6.6665264e-02   0.0000000e+00
   9.9933465e-05   9.9993383e-02   8.9990668e-01
   3.7931384e-01   3.1034308e-01   3.1034308e-01
   7.4989792e-01   1.0207468e-04   2.5000000e-01
   1.0071888e-01   3.9569230e-01   5.0358882e-01
   3.4482824e-01   1.0344659e-01   5.5172518e-01
   1.0000095e-01   6.6667093e-02   8.3333196e-01
   4.8275399e-01   1.7241534e-01   3.4483067e-01
   9.9563663e-05   9.9990044e-01   0.0000000e+00
   2.7586169e-01   3.1034499e-01   4.1379332e-01
   2.3332679e-01   7.6667321e-01   0.0000000e+00
   4.8275738e-01   2.4137990e-01   2.7586272e-01
   8.9999805e-01   1.0000195e-01   0.0000000e+00
   1.9230855e-01   8.0769145e-01   0.0000000e+00
   3.3330081e-02   2.6666730e-01   7.0000262e-01
   1.0338995e-04   6.5510467e-01   3.4479194e-01
   3.4482557e-01   3.7931397e-01   2.7586046e-01
   1.0341132e-04   3.4479145e-01   6.5510514e-01
   3.3332889e-02   9.6666711e-01   0.0000000e+00
   6.8966460e-01   3.1033540e-01   0.0000000e+00
   4.2857137e-01   3.2142863e-01   2.5000000e-01
   3.7930797e-01   1.3793156e-01   4.8276047e-01
   4.1379313e-01   6.8965474e-02   5.1724139e-01
   2.0689531e-01   2.4137969e-01   5.5172500e-01
   1.7241278e-01   5.1724423e-01   3.1034300e-01
   2.4135432e-01   1.0343457e-04   7.5854225e-01
   3.1034030e-01   3.4483061e-01   3.4482909e-01
   8.0769306e-01   1.9230694e-01   0.0000000e+00
   1.0025879e-04   4.6423513e-01   5.3566461e-01
   2.7586180e-01   1.7241462e-01   5.5172358e-01
   2.4137931e-01   4.8275862e-01   2.7586207e-01
   1.7240781e-01   4.1379610e-01   4.1379609e-01
   5.8620826e-01   3.4480522e-02   3.7931122e-01
   6.8964454e-02   3.1034548e-01   6.2069007e-01
   6.8964996e-01   3.4483331e-02   2.7586671e-01
   6.4285929e-01   3.5714071e-01   0.0000000e+00
   2.7586147e-01   4.1379437e-01   3.1034416e-01
   1.0082078e-04   5.7137578e-01   4.2852339e-01
   3.7927111e-01   1.0336667e-04   6.2062553e-01
   6.6667320e-02   9.3333268e-01   0.0000000e+00
   5.3566128e-01   1.0042659e-04   4.6423829e-01
   2.0689603e-01   4.4827616e-01   3.4482780e-01
   9.9953760e-05   1.6665037e-01   8.3324968e-01
   2.6923332e-01   7.3076668e-01   0.0000000e+00
   1.7241382e-01   3.4482424e-02   7.9310376e-01
   5.8620802e-01   1.0344655e-01   3.1034543e-01
   2.4138143e-01   1.3792851e-01   6.2069007e-01
   3.4480972e-02   3.7931106e-01   5.8620797e-01
   3.4482475e-01   2.7585731e-01   3.7931794e-01
   8.5714294e-01   1.4285706e-01   0.0000000e+00
   3.4471581e-02   6.8966316e-01   2.7586526e-01
   2.0000206e-01   1.0000153e-01   6.9999641e-01
   4.3333328e-01   5.6666672e-01   0.0000000e+00
   1.3793068e-01   2.7586135e-01   5.8620797e-01
   2.4137904e-01   2.7586187e-01   4.8275909e-01
   6.8960329e-02   4.8275795e-01   4.4828172e-01
   2.4137731e-01   3.7931136e-01   3.7931133e-01
   7.3076932e-01   2.6923068e-01   0.0000000e+00
   4.1378673e-01   1.7241223e-01   4.1380104e-01
   1.3792559e-01   4.8276315e-01   3.7931126e-01
   4.8275899e-01   3.4482008e-02   4.8275900e-01
   1.7241394e-01   3.1034429e-01   5.1724177e-01
   1.0335419e-04   2.4135445e-01   7.5854219e-01
   6.8965515e-02   1.3793103e-01   7.9310345e-01
   1.3332113e-01   5.9964217e-05   8.6661891e-01
   1.3636168e-01   6.1363832e-01   2.5000000e-01
   6.8965776e-02   6.2068849e-01   3.1034573e-01
   6.6657274e-02   9.2970651e-05   9.3324976e-01
   1.0000048e-01   8.9999952e-01   0.0000000e+00
   4.1379436e-01   2.4137792e-01   3.4482772e-01
   8.9880075e-05   9.1263185e-05   9.9981886e-01
