   3.6666621e-01   6.3333379e-01   0.0000000e+00
   5.4545445e-01   2.0454555e-01   2.5000000e-01
   6.6666031e-02   9.3333397e-01   0.0000000e+00
   3.3333610e-02   9.6666639e-01   0.0000000e+00
   5.8620663e-01   1.3793112e-01   2.7586224e-01
   3.7931040e-01   6.8965380e-02   5.5172422e-01
   9.3333262e-01   6.6667377e-02   0.0000000e+00
   4.0000001e-01   5.9999999e-01   0.0000000e+00
   6.5517393e-01   3.4482607e-01   0.0000000e+00
   6.0714229e-01   3.9285771e-01   0.0000000e+00
   6.6984763e-02   5.0238263e-01   4.3063261e-01
   3.4482719e-02   3.1034484e-01   6.5517244e-01
   4.3333803e-01   5.6666197e-01   0.0000000e+00
   4.2857142e-01   3.2142858e-01   2.5000000e-01
   1.0117161e-04   6.0708103e-01   3.9281780e-01
   3.1034127e-01   3.4482937e-01   3.4482936e-01
   7.6667110e-01   2.3332890e-01   0.0000000e+00
   2.3333700e-01   6.6667740e-02   6.9999526e-01
   9.9999893e-02   9.0000011e-01   0.0000000e+00
   1.8518278e-01   8.1481722e-01   0.0000000e+00
   4.1379474e-01   1.0344797e-01   4.8275729e-01
   7.4989779e-01   1.0221017e-04   2.5000000e-01
   6.9999999e-01   3.0000001e-01   0.0000000e+00
   1.3793042e-01   8.6206958e-01   0.0000000e+00
   2.3076780e-01   7.6923220e-01   0.0000000e+00
   9.9947136e-05   9.9990005e-01   0.0000000e+00
   1.0344853e-01   5.5172305e-01   3.4482843e-01
   1.3333774e-01   3.3334204e-02   8.3332806e-01
   2.4138045e-01   4.4827324e-01   3.1034631e-01
   3.7927111e-01   1.0332448e-04   6.2062556e-01
   9.9968601e-05   5.3326916e-01   4.6663087e-01
   9.0000000e-01   1.0000000e-01   0.0000000e+00
   4.6907069e-01   1.3402025e-01   3.9690906e-01
   9.6666773e-01   3.3332275e-02   0.0000000e+00
   1.3792918e-01   2.7586075e-01   5.8621007e-01
   6.8965462e-02   2.4138130e-01   6.8965324e-01
   2.3863832e-01   5.1136168e-01   2.5000000e-01
   1.3335937e-01   4.3322483e-01   4.3341580e-01
   3.4481437e-02   4.4827648e-01   5.1724209e-01
   2.0689816e-01   3.4482251e-01   4.4827934e-01
   2.6923134e-01   7.3076866e-01   0.0000000e+00
   2.7583337e-01   1.0331456e-04   7.2406331e-01
   3.4482864e-01   3.7930973e-01   2.7586163e-01
   6.8963836e-02   6.5517360e-01   2.7586257e-01
   6.6668779e-02   1.0000316e-01   8.3332806e-01
   2.7586196e-01   1.0344830e-01   6.2068974e-01
   3.1034483e-01   3.4482759e-02   6.5517241e-01
   1.3793101e-01   1.0344826e-01   7.5862074e-01
   1.0344888e-01   1.7241092e-01   7.2414021e-01
   5.1718807e-01   1.0342759e-04   4.8270851e-01
   3.3332695e-02   1.6666352e-01   8.0000379e-01
   7.3333240e-01   2.6666760e-01   0.0000000e+00
   4.8275862e-01   2.0689656e-01   3.1034482e-01
   9.9990006e-01   9.9940329e-05   0.0000000e+00
   4.1379334e-01   2.4137889e-01   3.4482778e-01
   1.3636571e-01   6.1363429e-01   2.5000000e-01
   2.0685186e-01   1.0340829e-04   7.9304473e-01
   8.0769220e-01   1.9230780e-01   0.0000000e+00
   4.8275871e-01   6.8965335e-02   4.4827596e-01
   1.0221717e-04   7.4989778e-01   2.5000000e-01
   1.0082145e-04   4.2853556e-01   5.7136362e-01
   5.6666618e-01   4.3333382e-01   0.0000000e+00
   3.7931134e-01   3.1034432e-01   3.1034434e-01
   5.5172301e-01   1.0344854e-01   3.4482845e-01
   6.8964973e-02   3.4482496e-01   5.8621007e-01
   1.0344210e-01   3.7934698e-01   5.1721092e-01
   6.8958384e-01   1.0342500e-04   3.1031273e-01
   6.2062537e-01   1.0342464e-04   3.7927121e-01
   3.2142017e-01   4.2857983e-01   2.5000000e-01
   2.7586207e-01   2.0689655e-01   5.1724138e-01
   1.0341625e-04   2.4133092e-01   7.5856567e-01
   1.7241383e-01   3.1034468e-01   5.1724149e-01
   1.7241261e-01   4.8275931e-01   3.4482808e-01
   3.7930797e-01   2.0689771e-01   4.1379432e-01
   9.9934551e-05   3.6663440e-01   6.3326566e-01
   5.1852306e-01   4.8147694e-01   0.0000000e+00
   1.7241105e-01   2.0689687e-01   6.2069208e-01
   2.4137663e-01   3.7931169e-01   3.7931167e-01
   2.4137929e-01   2.7586169e-01   4.8275902e-01
   1.0340054e-04   6.8958387e-01   3.1031273e-01
   3.4482852e-01   2.7586009e-01   3.7931139e-01
   3.1034633e-01   1.3792669e-01   5.5172698e-01
   8.5714570e-01   1.4285430e-01   0.0000000e+00
   4.6423439e-01   1.0042252e-04   5.3566519e-01
   2.0689658e-01   2.4137870e-01   5.5172472e-01
   4.4827328e-01   2.7586576e-01   2.7586096e-01
   6.4285928e-01   1.0714072e-01   2.5000000e-01
   3.4482014e-01   1.7241437e-01   4.8276549e-01
   2.7586255e-01   3.1034372e-01   4.1379373e-01
   1.7241174e-01   5.5172551e-01   2.7586275e-01
   2.0689673e-01   1.3792955e-01   6.5517372e-01
   4.6666698e-01   5.3333302e-01   0.0000000e+00
   3.1999975e-01   6.8000025e-01   0.0000000e+00
   6.5517428e-01   6.8962247e-02   2.7586347e-01
   9.9990655e-02   4.6131055e-05   8.9996321e-01
   3.1034486e-01   2.4137931e-01   4.4827583e-01
   5.5172547e-01   3.4480429e-02   4.1379410e-01
   8.2671210e-05   1.3331825e-01   8.6659907e-01
   9.9391473e-05   9.9592144e-05   9.9980102e-01
   7.2474381e-05   6.6660658e-02   9.3326687e-01
