   5.3333288e-01   4.6666712e-01   0.0000000e+00
   9.9853012e-05   9.9990015e-01   0.0000000e+00
   6.6665110e-02   9.3333489e-01   0.0000000e+00
   5.5166705e-01   1.0339499e-04   4.4822956e-01
   6.9230641e-01   3.0769359e-01   0.0000000e+00
   2.4135435e-01   1.0326680e-04   7.5854238e-01
   7.3333509e-01   2.6666491e-01   0.0000000e+00
   5.5172776e-01   1.0344240e-01   3.4482984e-01
   2.7587166e-01   4.4825668e-01   2.7587165e-01
   3.5714293e-01   3.9285707e-01   2.5000000e-01
   7.6666729e-01   2.3333271e-01   0.0000000e+00
   3.7931172e-01   3.4482682e-01   2.7586146e-01
   4.8147448e-01   5.1852552e-01   0.0000000e+00
   4.8275700e-01   2.4138186e-01   2.7586114e-01
   1.0025561e-01   4.6786790e-01   4.3187649e-01
   1.0344706e-01   2.7586294e-01   6.2068999e-01
   7.4989778e-01   1.0222060e-04   2.5000000e-01
   3.1034150e-01   2.7586340e-01   4.1379510e-01
   1.8518450e-01   8.1481550e-01   0.0000000e+00
   5.4545639e-01   2.0454361e-01   2.5000000e-01
   1.0331574e-04   2.4135430e-01   7.5854238e-01
   8.0769033e-01   1.9230967e-01   0.0000000e+00
   3.3333373e-02   9.6666663e-01   0.0000000e+00
   4.3333463e-01   5.6666537e-01   0.0000000e+00
   9.9990002e-01   9.9979135e-05   0.0000000e+00
   9.3333257e-01   6.6667427e-02   0.0000000e+00
   2.7586220e-01   2.0689618e-01   5.1724162e-01
   2.4137945e-01   2.7585968e-01   4.8276087e-01
   6.2068974e-01   6.8965503e-02   3.1034476e-01
   6.8961142e-02   4.1379505e-01   5.1724380e-01
   9.9989599e-05   4.9995034e-01   4.9994967e-01
   1.7241358e-01   3.1034491e-01   5.1724151e-01
   9.9999872e-02   9.0000013e-01   0.0000000e+00
   1.3636339e-01   6.1363661e-01   2.5000000e-01
   1.0216543e-04   7.4989783e-01   2.5000000e-01
   9.0000000e-01   1.0000000e-01   0.0000000e+00
   1.0342295e-04   6.2062539e-01   3.7927118e-01
   3.7931353e-01   2.4137296e-01   3.7931351e-01
   3.4483001e-01   1.3793052e-01   5.1723947e-01
   2.0689768e-01   1.7241233e-01   6.2068999e-01
   6.1363258e-01   1.3636742e-01   2.5000000e-01
   4.4318416e-01   3.0681584e-01   2.5000000e-01
   3.4482782e-01   3.1034436e-01   3.4482782e-01
   2.4137936e-01   6.8965311e-02   6.8965533e-01
   1.0344503e-01   5.5172614e-01   3.4482883e-01
   2.7586033e-01   3.7931126e-01   3.4482841e-01
   1.3792986e-01   8.6207014e-01   0.0000000e+00
   2.4137860e-01   3.4482948e-01   4.1379191e-01
   9.6667688e-01   3.3323115e-02   0.0000000e+00
   4.8275884e-01   1.3793065e-01   3.7931051e-01
   5.8620853e-01   3.4480071e-02   3.7931140e-01
   1.3793105e-01   1.0344805e-01   7.5862090e-01
   6.8965631e-01   3.4481180e-02   2.7586251e-01
   4.1375030e-01   1.0343235e-04   5.8614626e-01
   5.6666476e-01   4.3333524e-01   0.0000000e+00
   3.9283406e-01   6.0716594e-01   0.0000000e+00
   1.7241238e-01   4.8275945e-01   3.4482817e-01
   3.3329198e-02   9.9999218e-02   8.6667158e-01
   3.0003067e-01   6.9996933e-01   0.0000000e+00
   1.7241367e-01   2.4137982e-01   5.8620651e-01
   6.5510472e-01   1.0338806e-04   3.4479190e-01
   3.4479289e-02   5.5172612e-01   4.1379459e-01
   3.1034487e-01   3.4482757e-02   6.5517238e-01
   1.6666568e-01   1.3333336e-01   7.0000096e-01
   1.0344828e-01   2.0689655e-01   6.8965517e-01
   3.3330104e-01   9.9951693e-05   6.6659901e-01
   2.7585929e-01   1.3793157e-01   5.8620915e-01
   2.3076804e-01   7.6923196e-01   0.0000000e+00
   6.8939242e-02   6.2082941e-01   3.1023135e-01
   4.9995035e-01   9.9985866e-05   4.9994967e-01
   3.4461748e-02   6.8967017e-01   2.7586808e-01
   3.4481076e-02   2.7586259e-01   6.8965633e-01
   2.0689655e-01   4.1379311e-01   3.7931035e-01
   5.1723975e-01   6.8964755e-02   4.1379550e-01
   6.4285797e-01   3.5714203e-01   0.0000000e+00
   8.5714377e-01   1.4285623e-01   0.0000000e+00
   4.1379370e-01   2.7586179e-01   3.1034451e-01
   4.1379330e-01   6.8965034e-02   5.1724167e-01
   4.4827827e-01   1.0344357e-01   4.4827816e-01
   1.0333470e-04   4.1375030e-01   5.8614636e-01
   4.1378746e-01   1.7241547e-01   4.1379707e-01
   1.7240784e-01   5.5172811e-01   2.7586405e-01
   3.4482575e-01   2.0689713e-01   4.4827713e-01
   1.0333895e-04   3.4479481e-01   6.5510185e-01
   2.4402121e-01   5.0597879e-01   2.5000000e-01
   3.8094250e-05   6.6655888e-02   9.3330602e-01
   4.4827598e-01   2.0689636e-01   3.4482767e-01
   6.6666414e-02   1.6666036e-01   7.6667323e-01
   1.6667043e-01   3.3333390e-02   7.9999618e-01
   9.9999839e-02   6.6666398e-02   8.3333376e-01
   1.0344792e-01   3.4482867e-01   5.5172342e-01
   5.1727534e-01   1.7240162e-01   3.1032304e-01
   9.9991491e-02   9.6198401e-05   8.9991231e-01
   3.4482798e-01   6.8964157e-02   5.8620786e-01
   6.0000058e-01   3.9999942e-01   0.0000000e+00
   3.0793037e-01   6.3435826e-01   6.1155888e-02
   1.7241237e-01   3.7931076e-01   4.4827687e-01
   9.1312431e-05   1.6665111e-01   8.3325757e-01
   2.6664741e-01   7.3326090e-01   9.6510101e-05
   8.4532572e-05   9.6662791e-05   9.9981880e-01
