   2.6668179e-01   3.3335182e-02   6.9998303e-01
   7.6923038e-01   2.3076962e-01   0.0000000e+00
   5.1851936e-01   4.8148064e-01   0.0000000e+00
   6.4285792e-01   3.5714208e-01   0.0000000e+00
   1.0227142e-01   6.4772733e-01   2.5000125e-01
   2.6666914e-01   7.3333086e-01   0.0000000e+00
   1.0340995e-04   3.1031226e-01   6.8958433e-01
   1.7241376e-01   1.3793101e-01   6.8965524e-01
   3.0681928e-01   4.4317947e-01   2.5000125e-01
   1.3792886e-01   8.6207114e-01   0.0000000e+00
   7.3333228e-01   2.6666772e-01   0.0000000e+00
   3.0769125e-01   6.9230875e-01   0.0000000e+00
   3.4479231e-02   6.8965769e-01   2.7586308e-01
   5.4545238e-01   2.0454637e-01   2.5000125e-01
   4.0000000e-01   6.0000000e-01   0.0000000e+00
   4.1379151e-01   1.0344856e-01   4.8275994e-01
   2.3076717e-01   7.6923283e-01   0.0000000e+00
   9.9930201e-05   9.9990007e-01   0.0000000e+00
   2.0454722e-01   5.4545153e-01   2.5000125e-01
   6.4772761e-01   1.0227114e-01   2.5000125e-01
   6.8965516e-02   2.4137925e-01   6.8965524e-01
   1.0216302e-04   7.4989659e-01   2.5000125e-01
   8.6206864e-01   1.3793136e-01   0.0000000e+00
   1.0000081e-01   8.9999919e-01   0.0000000e+00
   9.9938280e-05   2.3331050e-01   7.6658956e-01
   2.4137798e-01   3.4482820e-01   4.1379382e-01
   6.9230324e-01   3.0769676e-01   0.0000000e+00
   7.4989656e-01   1.0219461e-04   2.5000125e-01
   3.3332456e-02   9.6666754e-01   0.0000000e+00
   1.0340868e-04   3.7927024e-01   6.2062635e-01
   3.1034493e-01   3.4482738e-01   3.4482769e-01
   4.6666925e-01   5.3333075e-01   0.0000000e+00
   3.1034640e-01   6.8962064e-02   6.2069153e-01
   5.6666782e-01   4.3333218e-01   0.0000000e+00
   6.8960054e-02   5.8621034e-01   3.4482961e-01
   6.6669900e-02   3.6665062e-01   5.6667948e-01
   6.2062551e-01   1.0342422e-04   3.7927107e-01
   3.4482759e-01   2.7586207e-01   3.7931034e-01
   3.4479179e-01   1.0339624e-04   6.5510482e-01
   2.0689646e-01   2.0689657e-01   5.8620697e-01
   1.0041718e-04   4.6424027e-01   5.3565931e-01
   2.4137913e-01   2.4137926e-01   5.1724161e-01
   1.8518504e-01   8.1481496e-01   0.0000000e+00
   3.3332871e-02   1.6666600e-01   8.0000113e-01
   4.1379355e-01   2.4137850e-01   3.4482795e-01
   5.8620653e-01   1.3793116e-01   2.7586231e-01
   1.6666544e-01   6.6666843e-02   7.6666772e-01
   4.2857278e-01   3.2142597e-01   2.5000125e-01
   4.4827863e-01   1.3792573e-01   4.1379564e-01
   4.8275656e-01   1.7241448e-01   3.4482896e-01
   1.0080934e-04   5.7137484e-01   4.2852435e-01
   9.3333280e-01   6.6667195e-02   0.0000000e+00
   1.7241155e-01   4.8275993e-01   3.4482852e-01
   2.0689655e-01   3.1034483e-01   4.8275862e-01
   8.1481486e-01   1.8518514e-01   0.0000000e+00
   2.4135365e-01   1.0343473e-04   7.5854292e-01
   6.6668143e-02   9.3333186e-01   0.0000000e+00
   9.6666663e-01   3.3333373e-02   0.0000000e+00
   1.0344781e-01   1.3793080e-01   7.5862139e-01
   1.0325049e-04   6.5510468e-01   3.4479207e-01
   3.4482816e-01   3.7931001e-01   2.7586183e-01
   1.0344777e-01   4.1379334e-01   4.8275889e-01
   4.3333068e-01   5.6666932e-01   0.0000000e+00
   3.3409867e-02   5.0119464e-01   4.6539549e-01
   2.7586092e-01   2.7586107e-01   4.4827802e-01
   5.1724549e-01   1.0344116e-01   3.7931335e-01
   1.3792811e-01   3.4483028e-01   5.1724161e-01
   6.0000000e-01   4.0000000e-01   0.0000000e+00
   1.0000077e-01   6.6667177e-02   8.3333206e-01
   3.7931389e-01   3.1034305e-01   3.1034306e-01
   1.3793103e-01   2.0689655e-01   6.5517241e-01
   9.9898366e-05   1.3332205e-01   8.6657806e-01
   1.6665021e-01   9.9816941e-05   8.3324997e-01
   1.3792989e-01   5.8620767e-01   2.7586244e-01
   9.9990004e-01   9.9957659e-05   0.0000000e+00
   8.9999976e-01   1.0000024e-01   0.0000000e+00
   1.0344736e-01   5.1724191e-01   3.7931073e-01
   3.7931121e-01   3.4480752e-02   5.8620804e-01
   3.4482709e-01   1.0344836e-01   5.5172456e-01
   5.6661122e-01   9.9981106e-05   4.3328880e-01
   2.7586254e-01   1.7241261e-01   5.5172485e-01
   4.6424032e-01   1.0037108e-04   5.3565931e-01
   1.7241129e-01   2.7586386e-01   5.5172485e-01
   2.4137893e-01   1.0344833e-01   6.5517274e-01
   3.3333455e-02   6.6666917e-02   8.9999963e-01
   6.8958361e-01   1.0343378e-04   3.1031295e-01
   2.7586207e-01   4.1379311e-01   3.1034482e-01
   5.0119667e-01   3.3407843e-02   4.6539549e-01
   2.0689654e-01   4.1379312e-01   3.7931034e-01
   1.3792961e-01   4.4827660e-01   4.1379379e-01
   1.7240752e-01   3.7931435e-01   4.4827813e-01
   3.5714363e-01   6.4285637e-01   0.0000000e+00
   5.8620893e-01   6.8962281e-02   3.4482878e-01
   3.7931120e-01   2.0689474e-01   4.1379406e-01
   9.9990186e-02   9.7111439e-05   8.9991270e-01
   1.0344480e-01   3.1034580e-01   5.8620940e-01
   2.4137930e-01   4.8275866e-01   2.7586204e-01
   3.4482780e-01   1.7241360e-01   4.8275861e-01
   4.8275889e-01   2.4137910e-01   2.7586201e-01
   9.4404735e-05   8.9188861e-05   9.9981641e-01
