   5.3566079e-01   1.0041965e-04   4.6423879e-01
   1.4285714e-01   8.5714286e-01   0.0000000e+00
   1.9230513e-01   8.0769487e-01   0.0000000e+00
   4.8148019e-01   5.1851981e-01   0.0000000e+00
   3.6666518e-01   6.3333482e-01   0.0000000e+00
   3.9999946e-01   6.0000054e-01   0.0000000e+00
   9.9988465e-05   9.9990001e-01   0.0000000e+00
   3.3336756e-02   2.0002057e-01   7.6664267e-01
   3.7930546e-01   1.7241516e-01   4.4827938e-01
   9.3333351e-01   6.6666486e-02   0.0000000e+00
   9.9990002e-01   9.9976812e-05   0.0000000e+00
   7.6666714e-01   2.3333286e-01   0.0000000e+00
   8.0769285e-01   1.9230715e-01   0.0000000e+00
   6.8965410e-02   6.2068973e-01   3.1034486e-01
   6.0000068e-01   3.9999932e-01   0.0000000e+00
   6.6666821e-02   9.3333318e-01   0.0000000e+00
   9.6666765e-01   3.3332349e-02   0.0000000e+00
   5.3332900e-01   4.6667100e-01   0.0000000e+00
   2.3333356e-01   7.6666644e-01   0.0000000e+00
   1.0342278e-04   3.4479510e-01   6.5510148e-01
   6.4772786e-01   1.0227169e-01   2.5000045e-01
   4.3333347e-01   5.6666653e-01   0.0000000e+00
   1.0344688e-01   2.7586257e-01   6.2069054e-01
   1.7241321e-01   5.5172565e-01   2.7586114e-01
   3.4479525e-01   1.0326962e-04   6.5510148e-01
   2.6923163e-01   7.3076837e-01   0.0000000e+00
   1.0342633e-04   4.1375044e-01   5.8614613e-01
   3.1999986e-01   6.8000014e-01   0.0000000e+00
   9.9999850e-02   9.0000015e-01   0.0000000e+00
   6.8965532e-01   3.1034468e-01   0.0000000e+00
   1.0344822e-01   1.3793023e-01   7.5862155e-01
   5.7954467e-01   1.7045488e-01   2.5000045e-01
   2.7586089e-01   3.4482817e-02   6.8965629e-01
   3.3333011e-02   9.6666699e-01   0.0000000e+00
   3.1034222e-01   2.0689422e-01   4.8276356e-01
   3.5933624e-01   1.0115836e-01   5.3950540e-01
   5.1724417e-01   2.0689535e-01   2.7586048e-01
   2.7586187e-01   4.4827599e-01   2.7586215e-01
   4.4827246e-01   3.4477686e-02   5.1724986e-01
   1.0344733e-01   4.8275913e-01   4.1379354e-01
   6.4285805e-01   3.5714195e-01   0.0000000e+00
   6.8963527e-02   5.5172532e-01   3.7931115e-01
   2.4137203e-01   3.1036572e-01   4.4826225e-01
   4.1379272e-01   3.1034546e-01   2.7586181e-01
   7.3076862e-01   2.6923138e-01   0.0000000e+00
   1.3636438e-01   6.1363517e-01   2.5000045e-01
   6.9955191e-01   3.3383104e-02   2.6706498e-01
   2.0689384e-01   3.7931164e-01   4.1379452e-01
   1.3792882e-01   3.1034562e-01   5.5172555e-01
   4.1379312e-01   2.0689652e-01   3.7931036e-01
   5.8620704e-01   3.4482528e-02   3.7931044e-01
   6.8965724e-02   2.4137798e-01   6.8965629e-01
   4.8275995e-01   1.7241151e-01   3.4482854e-01
   2.0689686e-01   2.4137923e-01   5.5172391e-01
   1.3793058e-01   1.7241312e-01   6.8965629e-01
   1.0225333e-04   7.4989730e-01   2.5000045e-01
   1.0343330e-04   5.8614628e-01   4.1375029e-01
   2.4135354e-01   1.0336603e-04   7.5854309e-01
   1.0342421e-04   6.5510465e-01   3.4479192e-01
   1.7240792e-01   3.4482852e-01   4.8276356e-01
   9.9997098e-02   3.3333338e-02   8.6666956e-01
   3.7930951e-01   2.7586244e-01   3.4482805e-01
   8.5714316e-01   1.4285684e-01   0.0000000e+00
   6.7280316e-02   3.9448262e-01   5.3823706e-01
   3.4479948e-02   6.8965719e-01   2.7586287e-01
   3.5713999e-01   3.9285956e-01   2.5000045e-01
   1.7241460e-01   2.0689231e-01   6.2069309e-01
   2.7586004e-01   3.7931141e-01   3.4482855e-01
   4.4827615e-01   2.4137918e-01   3.1034467e-01
   7.4989740e-01   1.0214957e-04   2.5000045e-01
   2.3863838e-01   5.1136117e-01   2.5000045e-01
   1.3792991e-01   6.8964943e-02   7.9310514e-01
   1.3792731e-01   4.1379488e-01   4.4827781e-01
   2.7586337e-01   1.7240992e-01   5.5172672e-01
   1.7241568e-01   4.4826984e-01   3.7931448e-01
   3.1034565e-01   6.8963031e-02   6.2069132e-01
   4.7727238e-01   2.7272717e-01   2.5000045e-01
   1.0338709e-04   2.7583177e-01   7.2406484e-01
   6.2068906e-01   6.8965806e-02   3.1034513e-01
   1.6665097e-01   9.9972101e-05   8.3324906e-01
   3.3331827e-02   9.9998608e-02   8.6666956e-01
   2.0000277e-01   1.0000137e-01   6.9999586e-01
   9.9884865e-05   1.6665105e-01   8.3324906e-01
   5.5172792e-01   1.0344317e-01   3.4482891e-01
   2.0689607e-01   4.8275892e-01   3.1034501e-01
   9.9954668e-05   4.9994865e-01   4.9995140e-01
   1.3792794e-01   5.1724324e-01   3.4482882e-01
   2.4137929e-01   1.3793107e-01   6.2068964e-01
   5.6666609e-01   4.3333391e-01   0.0000000e+00
   3.1034457e-01   3.1034497e-01   3.7931045e-01
   6.5510465e-01   1.0343021e-04   3.4479192e-01
   2.7586180e-01   2.7586215e-01   4.4827606e-01
   4.2852824e-01   1.0082633e-04   5.7137093e-01
   3.4482493e-01   2.4138030e-01   4.1379477e-01
   4.6786635e-01   1.0025789e-01   4.3187576e-01
   9.4465020e-05   6.6658187e-02   9.3324735e-01
   6.6655281e-02   9.7371350e-05   9.3324735e-01
   3.4482733e-01   3.4482777e-01   3.1034490e-01
   8.9999932e-01   1.0000068e-01   0.0000000e+00
   9.4468227e-05   8.1972027e-05   9.9982356e-01
