   9.6666700e-01   3.3333004e-02   0.0000000e+00
   1.8518213e-01   8.1481787e-01   0.0000000e+00
   1.3636328e-01   6.1363672e-01   2.5000000e-01
   5.6666760e-01   4.3333240e-01   0.0000000e+00
   9.0000018e-01   9.9999817e-02   0.0000000e+00
   1.0205099e-04   7.4989795e-01   2.5000000e-01
   7.3333388e-01   2.6666612e-01   0.0000000e+00
   9.9990002e-01   9.9980402e-05   0.0000000e+00
   1.0000033e-01   4.3333342e-01   4.6666625e-01
   1.0343931e-01   5.1724655e-01   3.7931414e-01
   6.0000000e-01   4.0000000e-01   0.0000000e+00
   8.6207214e-01   1.3792786e-01   0.0000000e+00
   2.3076806e-01   7.6923194e-01   0.0000000e+00
   3.7934833e-01   1.0344178e-01   5.1720989e-01
   6.9229965e-01   3.0770035e-01   0.0000000e+00
   3.4482703e-01   2.0689627e-01   4.4827670e-01
   2.0454327e-01   5.4545673e-01   2.5000000e-01
   4.2852485e-01   1.0082851e-04   5.7137432e-01
   6.8965806e-01   3.4478717e-02   2.7586322e-01
   7.4989785e-01   1.0215075e-04   2.5000000e-01
   9.9967286e-05   1.6665147e-01   8.3324856e-01
   5.5173577e-01   1.7239636e-01   2.7586787e-01
   1.3793080e-01   8.6206920e-01   0.0000000e+00
   3.1034675e-01   3.7930929e-01   3.1034396e-01
   6.4285520e-01   3.5714480e-01   0.0000000e+00
   2.7582814e-01   1.0339883e-04   7.2406847e-01
   2.6666993e-01   7.3333007e-01   0.0000000e+00
   3.4482643e-01   3.1034537e-01   3.4482819e-01
   2.7586095e-01   4.4827807e-01   2.7586098e-01
   4.6538629e-01   3.3413330e-02   5.0120038e-01
   4.1379311e-01   2.7586207e-01   3.1034483e-01
   3.5714411e-01   6.4285589e-01   0.0000000e+00
   2.4137908e-01   3.1034423e-01   4.4827670e-01
   6.2068974e-01   6.8965386e-02   3.1034487e-01
   1.0342312e-04   3.1031242e-01   6.8958416e-01
   5.8620729e-01   3.4482110e-02   3.7931060e-01
   9.3333354e-01   6.6666464e-02   0.0000000e+00
   8.1482206e-01   1.8517794e-01   0.0000000e+00
   6.6666858e-02   9.3333314e-01   0.0000000e+00
   7.6923352e-01   2.3076648e-01   0.0000000e+00
   2.0689497e-01   4.8276258e-01   3.1034245e-01
   2.4137576e-01   2.0689746e-01   5.5172677e-01
   4.8147937e-01   5.1852063e-01   0.0000000e+00
   1.3793106e-01   1.7241347e-01   6.8965546e-01
   1.0330632e-04   3.7927213e-01   6.2062457e-01
   2.0687355e-01   1.0314297e-04   7.9302331e-01
   2.7586226e-01   3.4482713e-01   3.7931061e-01
   3.4482866e-01   6.8963591e-02   5.8620775e-01
   3.3331562e-02   9.6666844e-01   0.0000000e+00
   3.9285615e-01   3.5714385e-01   2.5000000e-01
   9.9999980e-02   1.3333362e-01   7.6666640e-01
   1.0340493e-04   6.8958411e-01   3.1031248e-01
   3.0769209e-01   6.9230791e-01   0.0000000e+00
   5.3333334e-01   4.6666666e-01   0.0000000e+00
   2.4138465e-01   4.1378013e-01   3.4483521e-01
   1.3333460e-01   3.3333301e-02   8.3333210e-01
   5.0000158e-01   2.4999842e-01   2.5000000e-01
   6.7269045e-02   3.9458974e-01   5.3814122e-01
   6.1362907e-01   1.3637093e-01   2.5000000e-01
   3.1034303e-01   1.7241425e-01   5.1724272e-01
   4.1379324e-01   1.7241352e-01   4.1379324e-01
   2.4137945e-01   6.8964358e-02   6.8965619e-01
   6.8962147e-02   5.8620902e-01   3.4482883e-01
   1.0000043e-01   8.9999957e-01   0.0000000e+00
   3.2142814e-01   4.2857186e-01   2.5000000e-01
   9.9929295e-05   2.3331034e-01   7.6658973e-01
   6.5510470e-01   1.0332731e-04   3.4479197e-01
   4.4827715e-01   2.0689432e-01   3.4482853e-01
   3.4479171e-01   1.0340073e-04   6.5510489e-01
   3.3333517e-02   1.0000098e-01   8.6666550e-01
   1.7240310e-01   4.4828168e-01   3.7931521e-01
   9.9872843e-05   9.9990013e-01   0.0000000e+00
   4.3333873e-01   5.6666127e-01   0.0000000e+00
   1.7241708e-01   3.4481895e-01   4.8276397e-01
   1.7241183e-01   2.4137927e-01   5.8620890e-01
   1.3792847e-01   5.5172578e-01   3.1034575e-01
   3.1034444e-01   2.7586224e-01   4.1379332e-01
   1.0342610e-04   4.4822967e-01   5.5166690e-01
   6.8965340e-02   3.1034503e-01   6.2068963e-01
   3.9999986e-01   6.0000014e-01   0.0000000e+00
   1.0001044e-01   9.9548610e-05   8.9989001e-01
   2.0689656e-01   1.3793104e-01   6.5517240e-01
   5.1724271e-01   1.3792881e-01   3.4482848e-01
   3.7931125e-01   2.4137749e-01   3.7931125e-01
   6.8958318e-02   6.5517749e-01   2.7586419e-01
   2.0689617e-01   2.7586221e-01   5.1724162e-01
   6.8965194e-02   2.0689647e-01   7.2413833e-01
   2.7585938e-01   2.4137695e-01   4.8276367e-01
   4.8276102e-01   1.0344321e-01   4.1379576e-01
   5.3566250e-01   1.0026243e-04   4.6423723e-01
   2.7586199e-01   1.0344838e-01   6.2068963e-01
   3.4482317e-02   4.8275533e-01   4.8276235e-01
   1.0330204e-04   6.2062517e-01   3.7927152e-01
   1.6666913e-01   1.0000151e-01   7.3332936e-01
   1.0344827e-01   2.4137933e-01   6.5517240e-01
   1.3793049e-01   3.1034395e-01   5.5172556e-01
   1.0042033e-04   5.3566043e-01   4.6423915e-01
   2.0689864e-01   3.7930401e-01   4.1379735e-01
   2.7261574e-05   6.6661371e-02   9.3331137e-01
   8.8661601e-05   8.1179062e-05   9.9983016e-01
