   1.9998002e-01   9.9837729e-05   7.9992014e-01
   7.6666835e-01   2.3333165e-01   0.0000000e+00
   1.0343677e-04   2.4135581e-01   7.5854075e-01
   2.8571615e-01   4.6428385e-01   2.5000000e-01
   6.8965795e-01   3.1034205e-01   0.0000000e+00
   5.3333182e-01   4.6666818e-01   0.0000000e+00
   3.4480794e-02   6.8965658e-01   2.7586263e-01
   1.0343090e-04   6.5510461e-01   3.4479196e-01
   1.3793089e-01   8.6206911e-01   0.0000000e+00
   3.4482084e-02   3.4482783e-01   6.2069009e-01
   2.0689652e-01   1.0344808e-01   6.8965541e-01
   3.3333554e-02   9.6666645e-01   0.0000000e+00
   1.7045449e-01   5.7954551e-01   2.5000000e-01
   8.9999884e-01   1.0000116e-01   0.0000000e+00
   7.3076867e-01   2.6923133e-01   0.0000000e+00
   6.6667377e-02   9.3333262e-01   0.0000000e+00
   3.0769220e-01   6.9230780e-01   0.0000000e+00
   5.4545454e-01   2.0454546e-01   2.5000000e-01
   2.0689588e-01   4.4827624e-01   3.4482788e-01
   3.5714370e-01   6.4285630e-01   0.0000000e+00
   8.5714492e-01   1.4285508e-01   0.0000000e+00
   6.0000330e-01   3.9999670e-01   0.0000000e+00
   3.4481382e-02   5.8620765e-01   3.7931097e-01
   1.8518572e-01   8.1481428e-01   0.0000000e+00
   1.0034634e-04   5.3565821e-01   4.6424145e-01
   4.3333395e-01   5.6666605e-01   0.0000000e+00
   3.7930144e-01   2.0689952e-01   4.1379904e-01
   1.0000042e-01   8.9999958e-01   0.0000000e+00
   4.8147951e-01   5.1852049e-01   0.0000000e+00
   6.6666203e-02   6.6666203e-02   8.6666759e-01
   6.1363604e-01   1.3636395e-01   2.5000000e-01
   7.4989782e-01   1.0217744e-04   2.5000000e-01
   8.0769375e-01   1.9230625e-01   0.0000000e+00
   1.0224123e-04   7.4989776e-01   2.5000000e-01
   9.9972936e-05   9.9990003e-01   0.0000000e+00
   2.7586207e-01   1.0344828e-01   6.2068966e-01
   9.3333344e-01   6.6666560e-02   0.0000000e+00
   9.9990003e-01   9.9969523e-05   0.0000000e+00
   5.3328090e-01   9.9967463e-05   4.6661913e-01
   1.0344804e-01   2.0689655e-01   6.8965541e-01
   1.0344842e-01   4.1379230e-01   4.8275928e-01
   4.8275876e-01   1.0344801e-01   4.1379323e-01
   6.5510468e-01   1.0335987e-04   3.4479196e-01
   1.0335731e-04   3.1031278e-01   6.8958386e-01
   4.2857460e-01   3.2142540e-01   2.5000000e-01
   1.0227237e-01   6.4772763e-01   2.5000000e-01
   5.6666646e-01   4.3333354e-01   0.0000000e+00
   9.6666720e-01   3.3332799e-02   0.0000000e+00
   1.0000065e-01   1.0000065e-01   7.9999870e-01
   3.1034536e-01   3.4482646e-01   3.4482818e-01
   3.1031276e-01   1.0338554e-04   6.8958386e-01
   1.0344832e-01   4.8275839e-01   4.1379328e-01
   1.7241407e-01   4.1379217e-01   4.1379376e-01
   3.7931255e-01   1.0344373e-01   5.1724372e-01
   2.0689663e-01   5.1724120e-01   2.7586217e-01
   1.0082712e-04   4.2852649e-01   5.7137269e-01
   1.7240847e-01   2.0689788e-01   6.2069365e-01
   6.8964191e-02   2.7585585e-01   6.5517996e-01
   5.8620846e-01   6.8963024e-02   3.4482851e-01
   3.1033806e-01   2.4138167e-01   4.4828027e-01
   1.6666694e-01   6.6665124e-02   7.6666794e-01
   4.8275883e-01   2.4137899e-01   2.7586219e-01
   2.4137671e-01   2.7586372e-01   4.8275957e-01
   1.0343371e-01   5.8626490e-01   3.1030139e-01
   6.5517324e-01   6.8964337e-02   2.7586242e-01
   3.4482875e-01   2.7585968e-01   3.7931157e-01
   6.6657794e-02   8.9364818e-05   9.3325284e-01
   2.6666685e-01   7.3333315e-01   0.0000000e+00
   2.3077033e-01   7.6922967e-01   0.0000000e+00
   4.1379653e-01   2.4137306e-01   3.4483041e-01
   3.4482728e-01   3.7931090e-01   2.7586182e-01
   2.7586209e-01   3.1034478e-01   4.1379313e-01
   5.5172450e-01   1.3793047e-01   3.1034503e-01
   3.4482770e-01   1.7241355e-01   4.8275875e-01
   6.4285752e-01   3.5714248e-01   0.0000000e+00
   2.0689792e-01   2.4137861e-01   5.5172346e-01
   1.3792514e-01   5.1724491e-01   3.4482994e-01
   3.4482816e-01   3.4481146e-02   6.2069069e-01
   5.5172851e-01   3.4475125e-02   4.1379637e-01
   2.7586140e-01   4.1379446e-01   3.1034415e-01
   3.1034497e-01   1.3793065e-01   5.5172438e-01
   1.3792825e-01   1.3792825e-01   7.2414350e-01
   1.3793107e-01   3.4482743e-01   5.1724150e-01
   4.1379451e-01   1.3792811e-01   4.4827738e-01
   6.6666866e-02   1.6666705e-01   7.6666609e-01
   2.4138001e-01   3.7930904e-01   3.7931095e-01
   9.7987882e-05   1.6666056e-01   8.3324145e-01
   3.9999834e-01   6.0000166e-01   0.0000000e+00
   1.3332006e-01   9.9905043e-05   8.6658003e-01
   2.4137565e-01   3.4480853e-02   7.2414350e-01
   2.0689568e-01   3.4482754e-01   4.4827679e-01
   2.4137872e-01   1.7241317e-01   5.8620812e-01
   4.6540129e-01   3.3410713e-02   5.0118800e-01
   3.4478580e-02   4.4827783e-01   5.1724359e-01
   4.2852655e-01   1.0076640e-04   5.7137269e-01
   3.7930995e-01   3.1034553e-01   3.1034452e-01
   1.0344567e-01   3.1034622e-01   5.8620812e-01
   9.3932954e-05   9.4160559e-05   9.9981191e-01
   4.8274426e-01   1.7241857e-01   3.4483716e-01
   9.0479260e-05   9.9980320e-02   8.9992920e-01
