   2.8570784e-01   4.6429212e-01   2.5000004e-01
   4.3333375e-01   5.6666625e-01   0.0000000e+00
   6.4285740e-01   3.5714260e-01   0.0000000e+00
   8.1481195e-01   1.8518805e-01   0.0000000e+00
   1.3792894e-01   5.5172550e-01   3.1034556e-01
   3.5714515e-01   6.4285485e-01   0.0000000e+00
   1.0343346e-04   5.5166717e-01   4.4822940e-01
   5.4544830e-01   2.0455166e-01   2.5000004e-01
   6.9230700e-01   3.0769300e-01   0.0000000e+00
   3.1031268e-01   1.0341424e-04   6.8958391e-01
   8.6207000e-01   1.3793000e-01   0.0000000e+00
   9.0000136e-01   9.9998640e-02   0.0000000e+00
   1.0224048e-04   7.4989772e-01   2.5000004e-01
   1.0339400e-04   4.1375001e-01   5.8614659e-01
   1.3636302e-01   6.1363694e-01   2.5000004e-01
   5.9999873e-01   4.0000127e-01   0.0000000e+00
   4.6429006e-01   2.8570990e-01   2.5000004e-01
   5.1853256e-01   4.8146744e-01   0.0000000e+00
   1.0338472e-04   2.7583015e-01   7.2406647e-01
   3.1034614e-01   6.8965386e-01   0.0000000e+00
   1.0000016e-01   8.9999984e-01   0.0000000e+00
   3.7931035e-01   6.8965278e-02   5.5172437e-01
   9.3333619e-01   6.6663809e-02   0.0000000e+00
   2.7586284e-01   3.7930862e-01   3.4482855e-01
   2.4137915e-01   1.7241379e-01   5.8620706e-01
   2.4137954e-01   3.4480932e-02   7.2413953e-01
   9.9852770e-05   9.9990015e-01   0.0000000e+00
   9.9915438e-05   4.9994474e-01   4.9995534e-01
   4.0000030e-01   5.9999970e-01   0.0000000e+00
   6.5516888e-01   6.8966229e-02   2.7586489e-01
   4.1379289e-01   3.1034519e-01   2.7586193e-01
   1.0025666e-01   4.3187679e-01   4.6786655e-01
   1.3333145e-01   3.3331836e-02   8.3333672e-01
   2.0689209e-01   5.1724429e-01   2.7586362e-01
   1.3793108e-01   2.0689636e-01   6.5517256e-01
   1.4285701e-01   8.5714299e-01   0.0000000e+00
   1.7241211e-01   1.3793129e-01   6.8965659e-01
   5.6666500e-01   4.3333500e-01   0.0000000e+00
   1.9230368e-01   8.0769632e-01   0.0000000e+00
   6.8965615e-02   3.7931002e-01   5.5172437e-01
   3.1034482e-01   6.8965445e-02   6.2068974e-01
   3.1034509e-01   4.1379295e-01   2.7586196e-01
   7.6923277e-01   2.3076723e-01   0.0000000e+00
   3.3332343e-02   9.6666766e-01   0.0000000e+00
   3.1034508e-01   2.4137871e-01   4.4827621e-01
   9.9990010e-01   9.9904335e-05   0.0000000e+00
   9.6666546e-01   3.3334544e-02   0.0000000e+00
   1.6666761e-01   6.6666630e-02   7.6666576e-01
   5.3328619e-01   9.9970378e-05   4.6661384e-01
   2.4137928e-01   3.1034492e-01   4.4827580e-01
   6.1363644e-01   1.3636351e-01   2.5000004e-01
   1.7241296e-01   2.4137949e-01   5.8620754e-01
   2.6923275e-01   7.3076725e-01   0.0000000e+00
   9.9998837e-02   1.6666837e-01   7.3333279e-01
   5.8620933e-01   6.8961646e-02   3.4482902e-01
   6.6666089e-02   9.3333391e-01   0.0000000e+00
   3.6289396e-01   2.0163145e-01   4.3547459e-01
   6.8956095e-02   1.3791215e-01   7.9313176e-01
   4.4827593e-01   1.0344814e-01   4.4827593e-01
   4.4822975e-01   1.0338158e-04   5.5166687e-01
   3.7927166e-01   1.0334565e-04   6.2062499e-01
   3.7931098e-01   2.7586086e-01   3.4482816e-01
   1.0338884e-04   6.5510468e-01   3.4479193e-01
   1.0342068e-04   3.4479196e-01   6.5510462e-01
   1.3793105e-01   4.8275855e-01   3.7931040e-01
   4.6666853e-01   5.3333147e-01   0.0000000e+00
   6.8965595e-02   6.2068923e-01   3.1034517e-01
   5.5172506e-01   3.4481155e-02   4.1379379e-01
   2.3332821e-01   7.6667179e-01   0.0000000e+00
   4.3062528e-01   6.6979755e-02   5.0239497e-01
   7.4989780e-01   1.0215919e-04   2.5000004e-01
   4.1379108e-01   1.7241439e-01   4.1379453e-01
   1.7241300e-01   3.4482589e-01   4.8276112e-01
   2.4137968e-01   1.0344702e-01   6.5517331e-01
   4.4827638e-01   2.0689563e-01   3.4482799e-01
   2.0689768e-01   3.7930702e-01   4.1379530e-01
   9.9429854e-05   1.3331909e-01   8.6658148e-01
   5.1723593e-01   1.7241635e-01   3.1034772e-01
   6.5510467e-01   1.0340001e-04   3.4479193e-01
   7.3333370e-01   2.6666630e-01   0.0000000e+00
   9.8966358e-05   1.9997953e-01   7.9992151e-01
   3.4480093e-02   5.8620810e-01   3.7931180e-01
   2.0689610e-01   2.7586113e-01   5.1724276e-01
   3.4482759e-01   3.4482759e-01   3.1034483e-01
   3.4481733e-02   4.4827550e-01   5.1724276e-01
   3.4481465e-02   6.8965609e-01   2.7586245e-01
   4.8276122e-01   1.3792651e-01   3.7931227e-01
   1.0343584e-01   3.1042048e-01   5.8614368e-01
   2.7586203e-01   2.0689687e-01   5.1724110e-01
   6.8958657e-02   5.1724516e-01   4.1379619e-01
   1.9997888e-01   9.9616321e-05   7.9992151e-01
   3.1034483e-01   3.1034483e-01   3.7931034e-01
   2.0689602e-01   4.4827617e-01   3.4482781e-01
   6.8965397e-02   2.4137882e-01   6.8965578e-01
   6.6666672e-02   6.6666672e-02   8.6666666e-01
   3.4482841e-01   1.3793051e-01   5.1724108e-01
   3.7499998e-01   3.7499998e-01   2.5000004e-01
   9.9976341e-02   7.0899324e-05   8.9995276e-01
   2.3848704e-05   6.6663039e-02   9.3331311e-01
   7.4828794e-05   8.4510312e-05   9.9984066e-01
