   9.9990036e-01   9.9642652e-05   0.0000000e+00
   2.7583315e-01   1.0338882e-04   7.2406346e-01
   3.3683972e-02   5.7263079e-01   3.9368524e-01
   6.6667265e-02   9.3333273e-01   0.0000000e+00
   4.0000012e-01   5.9999988e-01   0.0000000e+00
   3.0769029e-01   6.9230971e-01   0.0000000e+00
   7.3333463e-01   2.6666537e-01   0.0000000e+00
   1.0298288e-04   5.1718789e-01   4.8270913e-01
   5.1723732e-01   3.4482738e-02   4.4827994e-01
   1.3793066e-01   8.6206934e-01   0.0000000e+00
   5.8614659e-01   1.0341715e-04   4.1374999e-01
   1.8518587e-01   8.1481413e-01   0.0000000e+00
   5.3333231e-01   4.6666769e-01   0.0000000e+00
   8.6207110e-01   1.3792890e-01   0.0000000e+00
   9.9704516e-05   4.3327949e-01   5.6662081e-01
   3.4480635e-02   2.4136763e-01   7.2415174e-01
   6.9230498e-01   3.0769502e-01   0.0000000e+00
   4.1379291e-01   1.3793103e-01   4.4827607e-01
   1.3793610e-01   6.8966699e-02   7.9309720e-01
   5.6666885e-01   4.3333115e-01   0.0000000e+00
   4.8148077e-01   5.1851923e-01   0.0000000e+00
   6.0000122e-01   3.9999878e-01   0.0000000e+00
   2.0687921e-01   5.1728084e-01   2.7583995e-01
   4.6424437e-01   1.0022487e-04   5.3565540e-01
   1.0340186e-04   3.1031252e-01   6.8958408e-01
   2.3076825e-01   7.6923175e-01   0.0000000e+00
   8.1481452e-01   1.8518548e-01   0.0000000e+00
   3.3334732e-02   6.9998584e-01   2.6667943e-01
   6.4286233e-01   3.5713767e-01   0.0000000e+00
   9.6666750e-01   3.3332499e-02   0.0000000e+00
   5.1136339e-01   2.3863615e-01   2.5000047e-01
   3.7931019e-01   3.1034510e-01   3.1034471e-01
   3.3331985e-02   9.6666802e-01   0.0000000e+00
   1.0344891e-01   2.7585796e-01   6.2069313e-01
   6.6683220e-02   4.6653573e-01   4.6678105e-01
   2.4137936e-01   4.4827574e-01   3.1034489e-01
   6.8961782e-02   1.7240409e-01   7.5863413e-01
   4.1379307e-01   2.4137929e-01   3.4482764e-01
   4.4827604e-01   2.7586185e-01   2.7586210e-01
   9.6657347e-05   1.9998062e-01   7.9992272e-01
   5.5182591e-01   1.7237440e-01   2.7579969e-01
   3.7930968e-01   3.4482881e-02   5.8620744e-01
   6.6665438e-02   6.6667452e-02   8.6666711e-01
   7.4989747e-01   1.0206758e-04   2.5000047e-01
   9.3333381e-01   6.6666187e-02   0.0000000e+00
   4.8275428e-01   2.0690327e-01   3.1034245e-01
   1.3793135e-01   2.0689693e-01   6.5517172e-01
   6.8966457e-01   3.4473329e-02   2.7586211e-01
   9.9999997e-02   9.0000000e-01   0.0000000e+00
   2.7585708e-01   2.0689484e-01   5.1724808e-01
   1.0344745e-01   4.8275906e-01   4.1379348e-01
   2.4137851e-01   2.7586237e-01   4.8275912e-01
   3.1034523e-01   1.0344845e-01   5.8620632e-01
   4.3333681e-01   5.6666319e-01   0.0000000e+00
   3.1034803e-01   2.4137565e-01   4.4827632e-01
   2.4137673e-01   3.7931164e-01   3.7931163e-01
   3.7931079e-01   2.0689562e-01   4.1379359e-01
   1.0227133e-01   6.4772820e-01   2.5000047e-01
   3.1034707e-01   3.4482291e-01   3.4483002e-01
   3.4479463e-01   1.0320492e-04   6.5510216e-01
   7.6923049e-01   2.3076951e-01   0.0000000e+00
   3.7930500e-01   1.0344692e-01   5.1724808e-01
   3.5714021e-01   6.4285979e-01   0.0000000e+00
   1.7044955e-01   5.7954999e-01   2.5000047e-01
   5.5173364e-01   6.8952693e-02   3.7931366e-01
   1.7241284e-01   4.4827563e-01   3.7931153e-01
   1.3793063e-01   3.1034687e-01   5.5172249e-01
   1.3793078e-01   3.7931024e-01   4.8275898e-01
   2.4138014e-01   6.8960753e-02   6.8965910e-01
   3.3331348e-02   1.3333356e-01   8.3333509e-01
   9.9370028e-05   9.9990063e-01   0.0000000e+00
   1.0220468e-04   7.4989733e-01   2.5000047e-01
   2.4138070e-01   1.3792612e-01   6.2069318e-01
   8.9999910e-01   1.0000090e-01   0.0000000e+00
   4.8275998e-01   1.0344569e-01   4.1379434e-01
   1.3792573e-01   5.1724456e-01   3.4482970e-01
   3.4482882e-01   1.7241103e-01   4.8276015e-01
   2.0689710e-01   3.4482658e-01   4.4827632e-01
   5.1724260e-01   1.3792909e-01   3.4482831e-01
   2.7586146e-01   3.1034490e-01   4.1379364e-01
   6.8965604e-02   3.7931003e-01   5.5172437e-01
   6.8965505e-02   6.2068959e-01   3.1034490e-01
   3.1035226e-01   4.1377908e-01   2.7586866e-01
   2.0689720e-01   2.4137858e-01   5.5172422e-01
   1.7241289e-01   1.3793073e-01   6.8965638e-01
   2.7272782e-01   4.7727172e-01   2.5000047e-01
   4.4827819e-01   1.7240955e-01   3.7931226e-01
   1.0333966e-04   6.5510473e-01   3.4479193e-01
   1.9997987e-01   9.7404560e-05   7.9992273e-01
   3.9285420e-01   3.5714533e-01   2.5000047e-01
   2.6666636e-01   7.3333364e-01   0.0000000e+00
   3.4482258e-02   3.4482787e-01   6.2068987e-01
   6.2069124e-01   6.8963561e-02   3.1034520e-01
   6.5510470e-01   1.0337045e-04   3.4479193e-01
   3.4482653e-01   2.7586207e-01   3.7931140e-01
   6.6659906e-02   9.4901909e-05   9.3324519e-01
   6.1363763e-01   1.3636190e-01   2.5000047e-01
   1.3332018e-01   4.9866700e-05   8.6662995e-01
   4.0502423e-05   9.9989442e-02   8.9997006e-01
   9.2730078e-05   9.3278972e-05   9.9981399e-01
