   7.3333091e-01   2.6666909e-01   0.0000000e+00
   1.0226816e-01   6.4773139e-01   2.5000045e-01
   1.3793121e-01   4.8275796e-01   3.7931083e-01
   8.0769222e-01   1.9230778e-01   0.0000000e+00
   9.6666786e-01   3.3332144e-02   0.0000000e+00
   1.0341313e-04   6.2062543e-01   3.7927116e-01
   4.6428778e-01   2.8571177e-01   2.5000045e-01
   6.4285641e-01   3.5714359e-01   0.0000000e+00
   1.7241390e-01   3.1034439e-01   5.1724171e-01
   2.3076717e-01   7.6923283e-01   0.0000000e+00
   5.6666674e-01   4.3333326e-01   0.0000000e+00
   2.4137921e-01   4.8275884e-01   2.7586195e-01
   7.4989730e-01   1.0224862e-04   2.5000045e-01
   3.3332891e-02   9.6666711e-01   0.0000000e+00
   5.1851857e-01   4.8148143e-01   0.0000000e+00
   1.7241385e-01   5.1724131e-01   3.1034484e-01
   3.5714332e-01   6.4285668e-01   0.0000000e+00
   1.7045474e-01   5.7954481e-01   2.5000045e-01
   3.0769298e-01   6.9230702e-01   0.0000000e+00
   9.9913959e-05   9.9990009e-01   0.0000000e+00
   4.3453705e-01   1.6713683e-01   3.9832612e-01
   5.5172413e-01   1.3793103e-01   3.1034484e-01
   3.7499977e-01   3.7499977e-01   2.5000045e-01
   9.3333317e-01   6.6666831e-02   0.0000000e+00
   4.3333334e-01   5.6666666e-01   0.0000000e+00
   1.8518552e-01   8.1481448e-01   0.0000000e+00
   1.3793118e-01   6.8964461e-02   7.9310436e-01
   6.8957099e-02   4.8276299e-01   4.4827991e-01
   6.9230856e-01   3.0769144e-01   0.0000000e+00
   4.6666688e-01   5.3333312e-01   0.0000000e+00
   6.4772936e-01   1.0227019e-01   2.5000045e-01
   1.3793106e-01   4.1379300e-01   4.4827594e-01
   8.9999829e-01   1.0000171e-01   0.0000000e+00
   1.0344706e-01   3.7931765e-01   5.1723528e-01
   1.0344305e-01   5.5172735e-01   3.4482959e-01
   5.7954634e-01   1.7045320e-01   2.5000045e-01
   2.0000179e-01   9.9999259e-02   6.9999895e-01
   1.9998088e-01   9.9891002e-05   7.9991923e-01
   6.0000002e-01   3.9999998e-01   0.0000000e+00
   3.4482758e-01   3.4482758e-01   3.1034484e-01
   1.3792916e-01   8.6207084e-01   0.0000000e+00
   2.7586174e-01   6.8965435e-02   6.5517283e-01
   9.9990002e-01   9.9980188e-05   0.0000000e+00
   9.9999955e-02   9.0000004e-01   0.0000000e+00
   3.1034483e-01   3.1034483e-01   3.7931034e-01
   1.0336287e-04   2.0687387e-01   7.9302276e-01
   9.9989206e-05   1.3332361e-01   8.6657640e-01
   2.0689655e-01   2.0689655e-01   5.8620690e-01
   6.6666855e-02   9.3333314e-01   0.0000000e+00
   2.6666708e-01   7.3333292e-01   0.0000000e+00
   6.8965562e-02   2.4137883e-01   6.8965561e-01
   6.2062541e-01   1.0343265e-04   3.7927116e-01
   1.0042884e-04   4.6423890e-01   5.3566067e-01
   6.8965485e-02   6.2068967e-01   3.1034484e-01
   1.0343642e-04   5.1718788e-01   4.8270868e-01
   2.8571280e-01   4.6428675e-01   2.5000045e-01
   5.1724220e-01   2.0689531e-01   2.7586250e-01
   3.7927215e-01   1.0340830e-04   6.2062444e-01
   4.8276107e-01   1.0344374e-01   4.1379519e-01
   2.7586207e-01   2.7586207e-01   4.4827586e-01
   3.4482785e-01   2.4137872e-01   4.1379343e-01
   1.0337191e-04   6.8958388e-01   3.1031275e-01
   1.0344829e-01   3.1034473e-01   5.8620698e-01
   3.4481996e-02   5.5172457e-01   4.1379343e-01
   1.0343846e-01   1.3791920e-01   7.5864234e-01
   2.4137947e-01   1.3793042e-01   6.2069010e-01
   2.3333715e-01   3.3328524e-02   7.3333433e-01
   1.0343062e-04   3.4479194e-01   6.5510463e-01
   2.4137931e-01   2.4137931e-01   5.1724138e-01
   3.1031272e-01   1.0343478e-04   6.8958385e-01
   7.6666717e-01   2.3333283e-01   0.0000000e+00
   3.4481893e-02   3.7931068e-01   5.8620742e-01
   2.1428158e-01   3.5713422e-01   4.2858421e-01
   4.1378903e-01   3.1035161e-01   2.7585936e-01
   3.4482795e-01   1.3793013e-01   5.1724192e-01
   1.3793101e-01   2.4137931e-01   6.2068968e-01
   6.8958382e-01   1.0342975e-04   3.1031275e-01
   4.4827748e-01   2.0689416e-01   3.4482836e-01
   8.5714528e-01   1.4285472e-01   0.0000000e+00
   2.0689834e-01   4.4827110e-01   3.4483056e-01
   9.8345893e-05   6.6659184e-02   9.3324247e-01
   3.1034991e-01   1.0344192e-01   5.8620818e-01
   1.0341190e-04   2.7583335e-01   7.2406324e-01
   3.1034485e-01   2.0689655e-01   4.8275860e-01
   4.1379397e-01   3.4481081e-02   5.5172495e-01
   4.9994872e-01   9.9813659e-05   4.9995147e-01
   1.3793123e-01   1.7241260e-01   6.8965616e-01
   4.1383783e-01   1.0344038e-01   4.8272179e-01
   3.7931094e-01   2.7586096e-01   3.4482810e-01
   3.1034364e-01   4.1379530e-01   2.7586105e-01
   5.8620788e-01   6.8963960e-02   3.4482816e-01
   2.7586261e-01   1.7241199e-01   5.5172539e-01
   2.7586218e-01   3.7931008e-01   3.4482773e-01
   3.7930890e-01   1.7241429e-01   4.4827681e-01
   3.9999930e-01   6.0000070e-01   0.0000000e+00
   5.5172503e-01   3.4481198e-02   4.1379377e-01
   6.6669884e-02   1.0000512e-01   8.3332500e-01
   9.9987113e-02   9.9717689e-05   8.9991317e-01
   1.0224179e-04   7.4989730e-01   2.5000045e-01
   9.6726098e-05   9.6116532e-05   9.9980716e-01
