   7.6923226e-01   2.3076774e-01   0.0000000e+00
   3.3334168e-02   3.3334169e-02   9.3333166e-01
   5.3323367e-01   9.9999834e-05   4.6666633e-01
   3.7927116e-01   1.0339213e-04   6.2062545e-01
   4.4318091e-01   3.0681908e-01   2.5000000e-01
   3.3333210e-02   9.6666679e-01   0.0000000e+00
   6.6666687e-02   6.6666688e-02   8.6666663e-01
   5.5171966e-01   1.0344932e-01   3.4483103e-01
   9.9990012e-01   9.9875555e-05   0.0000000e+00
   1.4284960e-01   8.5715040e-01   0.0000000e+00
   7.4989776e-01   1.0223963e-04   2.5000000e-01
   9.6666822e-01   3.3331776e-02   0.0000000e+00
   1.0344802e-01   2.7586190e-01   6.2069008e-01
   1.3636335e-01   6.1363665e-01   2.5000000e-01
   4.8148124e-01   5.1851876e-01   0.0000000e+00
   1.9230766e-01   8.0769234e-01   0.0000000e+00
   1.0340564e-04   6.8958387e-01   3.1031273e-01
   2.6666586e-01   7.3333414e-01   0.0000000e+00
   3.1034553e-01   2.7586043e-01   4.1379404e-01
   6.6668899e-02   9.3333110e-01   0.0000000e+00
   6.0714153e-01   3.9285847e-01   0.0000000e+00
   5.8621169e-01   3.4474858e-02   3.7931345e-01
   6.5510461e-01   1.0343463e-04   3.4479196e-01
   2.4137021e-01   3.1034855e-01   4.4828124e-01
   2.7583163e-01   1.0333816e-04   7.2406504e-01
   2.7586511e-01   4.4827398e-01   2.7586091e-01
   5.3333322e-01   4.6666678e-01   0.0000000e+00
   2.4137933e-01   2.4137933e-01   5.1724134e-01
   3.1034144e-01   3.4482382e-02   6.5517617e-01
   3.4483007e-01   6.5516993e-01   0.0000000e+00
   9.9967976e-05   4.6661580e-01   5.3328423e-01
   3.3333331e-02   1.6666716e-01   7.9999951e-01
   6.1363644e-01   1.3636356e-01   2.5000000e-01
   2.4137637e-01   4.1379471e-01   3.4482892e-01
   1.3792180e-01   3.4487128e-01   5.1720692e-01
   3.4090810e-01   4.0909189e-01   2.5000000e-01
   1.0000010e-01   8.9999990e-01   0.0000000e+00
   3.9285833e-01   6.0714167e-01   0.0000000e+00
   4.3333473e-01   5.6666527e-01   0.0000000e+00
   4.4822954e-01   1.0342817e-04   5.5166703e-01
   4.1378880e-01   1.7241506e-01   4.1379614e-01
   2.0689396e-01   1.3792987e-01   6.5517617e-01
   9.0000000e-01   9.9999998e-02   0.0000000e+00
   6.8964166e-02   2.0689661e-01   7.2413922e-01
   1.9998058e-01   9.9877242e-05   7.9991954e-01
   1.0342205e-04   5.5166715e-01   4.4822943e-01
   1.7241310e-01   2.0689682e-01   6.2069008e-01
   2.3333261e-01   7.6666739e-01   0.0000000e+00
   6.5516969e-01   3.4483031e-01   0.0000000e+00
   9.3333260e-01   6.6667398e-02   0.0000000e+00
   8.1481439e-01   1.8518561e-01   0.0000000e+00
   1.7241219e-01   4.4827673e-01   3.7931108e-01
   1.0220992e-04   7.4989779e-01   2.5000000e-01
   2.7586223e-01   1.7241331e-01   5.5172446e-01
   1.7241355e-01   2.7586216e-01   5.5172429e-01
   9.9938513e-05   2.3332558e-01   7.6657448e-01
   4.8275940e-01   1.3792964e-01   3.7931096e-01
   4.1379263e-01   2.7586289e-01   3.1034448e-01
   6.8965213e-02   3.4482711e-01   5.8620768e-01
   7.3333074e-01   2.6666926e-01   0.0000000e+00
   2.3863836e-01   5.1136164e-01   2.5000000e-01
   1.0344796e-01   5.5172429e-01   3.4482775e-01
   6.6979702e-02   5.0239527e-01   4.3062503e-01
   1.0343334e-04   3.7927112e-01   6.2062545e-01
   4.3062908e-01   6.6984497e-02   5.0238642e-01
   5.6666584e-01   4.3333416e-01   0.0000000e+00
   1.0026111e-01   4.3184827e-01   4.6789062e-01
   9.9979049e-05   9.9990002e-01   0.0000000e+00
   2.0689698e-01   3.7930907e-01   4.1379396e-01
   8.6207172e-01   1.3792828e-01   0.0000000e+00
   1.0341659e-04   6.2062541e-01   3.7927117e-01
   6.5517333e-01   6.8964220e-02   2.7586245e-01
   4.4827730e-01   1.0344540e-01   4.4827730e-01
   3.7931101e-01   3.4482722e-01   2.7586178e-01
   1.0342737e-04   3.1031224e-01   6.8958433e-01
   3.4482765e-01   1.3793102e-01   5.1724134e-01
   4.4827178e-01   2.0689809e-01   3.4483014e-01
   3.4478315e-02   4.1379501e-01   5.5172668e-01
   1.3793093e-01   1.7241334e-01   6.8965573e-01
   3.7931048e-01   2.4137905e-01   3.7931048e-01
   2.7586224e-01   3.4482717e-01   3.7931058e-01
   9.9929051e-05   1.3332024e-01   8.6657983e-01
   1.0344749e-01   1.0344749e-01   7.9310502e-01
   1.7240911e-01   6.8963621e-02   7.5862727e-01
   3.4482811e-01   2.0689536e-01   4.4827653e-01
   3.1034127e-01   1.0344850e-01   5.8621023e-01
   3.1034528e-01   3.7931008e-01   3.1034464e-01
   3.7931178e-01   6.8961992e-02   5.5172623e-01
   3.4482893e-01   3.1034334e-01   3.4482772e-01
   2.4137951e-01   6.8964764e-02   6.8965573e-01
   3.0000030e-01   6.9999970e-01   0.0000000e+00
   6.9999126e-01   3.0000874e-01   0.0000000e+00
   2.0689678e-01   4.8275848e-01   3.1034474e-01
   5.0444684e-01   2.4555315e-01   2.5000000e-01
   1.3332031e-01   9.9862261e-05   8.6657983e-01
   5.5172429e-01   1.7241356e-01   2.7586215e-01
   5.1724244e-01   6.8963603e-02   4.1379396e-01
   6.8965406e-02   6.5517245e-01   2.7586215e-01
   1.7239327e-01   5.5174945e-01   2.7585728e-01
   9.2852321e-05   9.9532557e-05   9.9980762e-01
