   1.3793120e-01   5.8620658e-01   2.7586223e-01
   3.3328683e-02   9.6667132e-01   0.0000000e+00
   7.4989774e-01   1.0225753e-04   2.5000000e-01
   1.9230724e-01   8.0769276e-01   0.0000000e+00
   4.2857139e-01   3.2142861e-01   2.5000000e-01
   1.6665002e-01   9.9887807e-05   8.3325009e-01
   6.0714199e-01   3.9285801e-01   0.0000000e+00
   2.6923267e-01   7.3076733e-01   0.0000000e+00
   4.4827580e-01   1.3793108e-01   4.1379312e-01
   3.4482879e-01   3.7930964e-01   2.7586156e-01
   1.0342495e-04   3.1031290e-01   6.8958367e-01
   4.8147882e-01   5.1852118e-01   0.0000000e+00
   5.3571428e-01   2.1428572e-01   2.5000000e-01
   5.3328502e-01   9.9959648e-05   4.6661502e-01
   6.6661652e-02   2.3333436e-01   7.0000399e-01
   8.5714403e-01   1.4285597e-01   0.0000000e+00
   9.3333761e-01   6.6662389e-02   0.0000000e+00
   2.3333460e-01   7.6666540e-01   0.0000000e+00
   2.4137465e-01   2.7585470e-01   4.8277065e-01
   2.4137949e-01   4.8275850e-01   2.7586200e-01
   2.3331002e-01   9.9946047e-05   7.6659004e-01
   4.1379176e-01   2.0689703e-01   3.7931121e-01
   6.2062544e-01   1.0343620e-04   3.7927113e-01
   6.6664568e-02   1.6666707e-01   7.6666837e-01
   1.0042438e-04   4.6424093e-01   5.3565865e-01
   3.5713975e-01   6.4286025e-01   0.0000000e+00
   2.0689601e-01   1.3793088e-01   6.5517311e-01
   1.3333542e-01   4.3333334e-01   4.3333124e-01
   3.1034194e-01   6.8965806e-01   0.0000000e+00
   4.3333419e-01   5.6666581e-01   0.0000000e+00
   1.0223564e-04   7.4989776e-01   2.5000000e-01
   2.7586242e-01   4.1379290e-01   3.1034468e-01
   3.4482757e-01   1.3793104e-01   5.1724139e-01
   1.0337356e-04   3.7927108e-01   6.2062555e-01
   4.4827108e-01   2.4138141e-01   3.1034751e-01
   8.0769260e-01   1.9230740e-01   0.0000000e+00
   7.0000008e-01   2.9999992e-01   0.0000000e+00
   3.1034509e-01   2.4137867e-01   4.4827624e-01
   6.4772817e-01   1.0227183e-01   2.5000000e-01
   3.4479194e-01   1.0343319e-04   6.5510463e-01
   4.1378663e-01   1.0344272e-01   4.8277065e-01
   9.9999651e-02   9.0000035e-01   0.0000000e+00
   9.9974595e-05   9.9990003e-01   0.0000000e+00
   3.4482842e-01   2.7586032e-01   3.7931126e-01
   4.0000042e-01   5.9999958e-01   0.0000000e+00
   9.0000023e-01   9.9999773e-02   0.0000000e+00
   6.6667326e-02   9.3333267e-01   0.0000000e+00
   4.4827705e-01   3.4480194e-02   5.1724275e-01
   9.6666874e-01   3.3331256e-02   0.0000000e+00
   6.8958383e-01   1.0343618e-04   3.1031274e-01
   2.0689627e-01   6.8965518e-02   7.2413821e-01
   6.5516828e-01   3.4483172e-01   0.0000000e+00
   6.8965141e-02   3.4483112e-01   5.8620374e-01
   1.7241401e-01   2.4137836e-01   5.8620763e-01
   9.9990004e-01   9.9961119e-05   0.0000000e+00
   6.8962677e-02   5.5172582e-01   3.7931150e-01
   3.3407247e-02   5.0119841e-01   4.6539434e-01
   1.4284910e-01   8.5715090e-01   0.0000000e+00
   7.6666677e-01   2.3333323e-01   0.0000000e+00
   5.3333329e-01   4.6666671e-01   0.0000000e+00
   2.4137949e-01   1.7241375e-01   5.8620676e-01
   1.7241186e-01   3.1034555e-01   5.1724258e-01
   9.9743278e-05   2.3331022e-01   7.6659004e-01
   3.7932155e-01   1.7241066e-01   4.4826779e-01
   4.8275885e-01   1.7241340e-01   3.4482775e-01
   9.9928738e-05   1.6664998e-01   8.3325009e-01
   2.4137848e-01   3.7931076e-01   3.7931076e-01
   1.0227251e-01   6.4772749e-01   2.5000000e-01
   5.1724140e-01   1.0344825e-01   3.7931035e-01
   1.0342904e-04   5.8614601e-01   4.1375056e-01
   2.0689268e-01   4.4827806e-01   3.4482927e-01
   2.7586208e-01   3.1034480e-01   4.1379312e-01
   3.0681883e-01   4.4318117e-01   2.5000000e-01
   1.3793063e-01   5.1724162e-01   3.4482775e-01
   5.6666662e-01   4.3333338e-01   0.0000000e+00
   3.3333827e-02   6.9999704e-01   2.6666913e-01
   2.0454596e-01   5.4545404e-01   2.5000000e-01
   2.7586202e-01   2.0689656e-01   5.1724141e-01
   1.3333332e-01   1.0000001e-01   7.6666667e-01
   3.4482760e-01   6.8965498e-02   5.8620690e-01
   3.1034402e-01   3.4482800e-01   3.4482797e-01
   9.6453917e-05   9.9990292e-02   8.9991325e-01
   6.6666695e-02   9.9999865e-02   8.3333344e-01
   3.7931042e-01   3.1034479e-01   3.1034479e-01
   6.8965269e-02   6.2068982e-01   3.1034491e-01
   4.8276136e-01   6.8960243e-02   4.4827840e-01
   1.0342491e-04   6.5510463e-01   3.4479194e-01
   2.7586228e-01   1.0344754e-01   6.2069018e-01
   4.2851440e-01   1.0082585e-04   5.7138477e-01
   1.3793038e-01   1.7241387e-01   6.8965576e-01
   5.8620885e-01   6.8962418e-02   3.4482873e-01
   7.3333343e-01   2.6666657e-01   0.0000000e+00
   5.8620699e-01   1.3793090e-01   2.7586211e-01
   1.0076657e-01   3.9559526e-01   5.0363818e-01
   2.7586203e-01   3.4482664e-02   6.8965531e-01
   9.9988950e-02   9.7796308e-05   8.9991325e-01
   3.3323470e-02   3.3333364e-02   9.3334317e-01
   1.0344837e-01   2.7586139e-01   6.2069024e-01
   2.0689590e-01   3.4482787e-01   4.4827623e-01
   9.5856921e-05   8.7917801e-05   9.9981623e-01
