   3.1034680e-01   4.1378948e-01   2.7586373e-01
   8.1481974e-01   1.8518026e-01   0.0000000e+00
   4.3333381e-01   5.6666619e-01   0.0000000e+00
   3.5713649e-01   6.4286351e-01   0.0000000e+00
   5.6667000e-01   4.3333000e-01   0.0000000e+00
   6.0000312e-01   3.9999688e-01   0.0000000e+00
   2.6922595e-01   7.3077405e-01   0.0000000e+00
   2.3333110e-01   7.6666890e-01   0.0000000e+00
   7.3332168e-01   2.6667832e-01   0.0000000e+00
   9.6666798e-01   3.3332020e-02   0.0000000e+00
   2.3331007e-01   9.9898692e-05   7.6659003e-01
   6.4285735e-01   3.5714265e-01   0.0000000e+00
   6.2069866e-01   3.4468943e-02   3.4483239e-01
   4.8270879e-01   1.0323859e-04   5.1718797e-01
   8.9999023e-01   1.0000977e-01   0.0000000e+00
   6.6668285e-02   9.3333172e-01   0.0000000e+00
   3.9999485e-01   6.0000515e-01   0.0000000e+00
   3.7927140e-01   1.0343632e-04   6.2062516e-01
   5.7954470e-01   1.7045529e-01   2.5000000e-01
   7.6923669e-01   2.3076331e-01   0.0000000e+00
   5.5172725e-01   6.8960257e-02   3.7931249e-01
   1.0075879e-04   5.7137977e-01   4.2851948e-01
   3.3332273e-02   9.6666773e-01   0.0000000e+00
   5.3333326e-01   4.6666674e-01   0.0000000e+00
   6.2068742e-01   1.0344889e-01   2.7586370e-01
   3.1033944e-01   6.8966056e-01   0.0000000e+00
   1.3793037e-01   2.7586214e-01   5.8620750e-01
   9.3333514e-01   6.6664862e-02   0.0000000e+00
   1.0000562e-01   8.9999438e-01   0.0000000e+00
   2.7586370e-01   1.3793060e-01   5.8620570e-01
   1.9230351e-01   8.0769649e-01   0.0000000e+00
   2.4138429e-01   4.4826200e-01   3.1035371e-01
   1.3793036e-01   5.5172457e-01   3.1034507e-01
   4.1379333e-01   1.3793057e-01   4.4827610e-01
   8.6207020e-01   1.3792980e-01   0.0000000e+00
   1.0340486e-04   5.1718791e-01   4.8270869e-01
   9.9449485e-05   9.9990055e-01   0.0000000e+00
   5.6660541e-01   9.9967310e-05   4.3329462e-01
   3.1034355e-01   2.4138238e-01   4.4827407e-01
   2.4137979e-01   6.8963099e-02   6.8965711e-01
   1.3789550e-01   4.1394423e-01   4.4816027e-01
   2.0689544e-01   1.7241402e-01   6.2069054e-01
   2.7585613e-01   2.0689824e-01   5.1724563e-01
   4.8275331e-01   2.0689892e-01   3.1034777e-01
   1.0196580e-04   7.4989803e-01   2.5000000e-01
   1.0335254e-04   6.5510442e-01   3.4479223e-01
   5.1136359e-01   2.3863641e-01   2.5000000e-01
   4.4825913e-01   1.7241904e-01   3.7932184e-01
   1.0313410e-04   3.4478995e-01   6.5510691e-01
   3.7931125e-01   2.7586042e-01   3.4482833e-01
   3.1034532e-01   3.4482654e-01   3.4482814e-01
   2.7272767e-01   4.7727233e-01   2.5000000e-01
   1.7241295e-01   4.4827637e-01   3.7931068e-01
   6.8958430e-01   1.0328154e-04   3.1031242e-01
   2.0689715e-01   5.1724001e-01   2.7586285e-01
   4.8147998e-01   5.1852002e-01   0.0000000e+00
   1.6665001e-01   9.9915935e-05   8.3325007e-01
   6.9230778e-01   3.0769222e-01   0.0000000e+00
   3.3333647e-02   2.0000193e-01   7.6666442e-01
   1.4285711e-01   8.5714289e-01   0.0000000e+00
   1.0335593e-04   2.7584140e-01   7.2405524e-01
   7.4989794e-01   1.0205651e-04   2.5000000e-01
   3.9285560e-01   3.5714440e-01   2.5000000e-01
   2.4137998e-01   3.7930863e-01   3.7931139e-01
   5.1724293e-01   1.3792846e-01   3.4482861e-01
   6.8965539e-02   3.1034441e-01   6.2069005e-01
   2.0687698e-01   3.4483611e-01   4.4828691e-01
   4.4827883e-01   6.8958094e-02   4.8276307e-01
   3.4482756e-01   1.7241378e-01   4.8275866e-01
   3.7931118e-01   2.0689459e-01   4.1379422e-01
   9.9512748e-05   1.6665042e-01   8.3325007e-01
   9.9999387e-02   9.9999438e-02   8.0000118e-01
   2.0689467e-01   2.4138053e-01   5.5172480e-01
   3.4475299e-02   4.4827976e-01   5.1724494e-01
   3.1030557e-01   1.0338580e-04   6.8959104e-01
   6.8966432e-02   6.5516798e-01   2.7586559e-01
   1.0344831e-01   2.0689768e-01   6.8965400e-01
   4.8275758e-01   1.0344820e-01   4.1379422e-01
   1.3793130e-01   3.4482634e-01   5.1724236e-01
   6.8181529e-01   6.8184712e-02   2.5000000e-01
   6.6667416e-02   6.6667450e-02   8.6666513e-01
   6.8965909e-02   4.8275569e-01   4.4827840e-01
   4.1378925e-01   3.4480906e-02   5.5172984e-01
   1.3793104e-01   1.3793111e-01   7.2413786e-01
   2.7585697e-01   3.1034881e-01   4.1379423e-01
   6.8952991e-02   5.8621484e-01   3.4483217e-01
   2.4137926e-01   2.7586209e-01   4.8275866e-01
   3.1034355e-01   6.8965710e-02   6.2069074e-01
   4.4826567e-01   2.7586882e-01   2.7586550e-01
   9.9990042e-01   9.9575868e-05   0.0000000e+00
   1.0338796e-04   4.1375221e-01   5.8614440e-01
   6.8959393e-02   3.7931473e-01   5.5172588e-01
   1.3636382e-01   6.1363618e-01   2.5000000e-01
   1.6666795e-01   6.6667631e-02   7.6666442e-01
   3.3333299e-02   3.3333316e-02   9.3333338e-01
   2.6901167e-05   9.9997163e-02   8.9997594e-01
   9.9994664e-02   2.8638148e-05   8.9997670e-01
   3.7931088e-01   1.0344713e-01   5.1724199e-01
   1.0344513e-01   5.1724339e-01   3.7931148e-01
   9.0447315e-05   9.9674468e-05   9.9980988e-01
