   3.4483108e-01   1.7241287e-01   4.8275604e-01
   1.8518147e-01   8.1481853e-01   0.0000000e+00
   4.3328313e-01   9.9988728e-05   5.6661688e-01
   8.0769390e-01   1.9230610e-01   0.0000000e+00
   4.3333831e-01   5.6666169e-01   0.0000000e+00
   3.9285659e-01   6.0714341e-01   0.0000000e+00
   1.0344839e-01   2.7586125e-01   6.2069035e-01
   6.4286011e-01   3.5713989e-01   0.0000000e+00
   3.3412370e-02   5.0119110e-01   4.6539653e-01
   6.8965538e-01   3.1034462e-01   0.0000000e+00
   2.6666784e-01   7.3333216e-01   0.0000000e+00
   3.4483229e-01   6.5516771e-01   0.0000000e+00
   1.3793015e-01   1.3793050e-01   7.2413935e-01
   7.3076816e-01   2.6923184e-01   0.0000000e+00
   9.9399822e-05   9.9990060e-01   0.0000000e+00
   1.3792895e-01   8.6207105e-01   0.0000000e+00
   6.1363521e-01   1.3636479e-01   2.5000001e-01
   1.0336212e-04   6.5510489e-01   3.4479174e-01
   3.1034326e-01   1.3793010e-01   5.5172664e-01
   6.6666112e-02   9.3333389e-01   0.0000000e+00
   3.3331427e-02   9.6666857e-01   0.0000000e+00
   1.6667299e-01   6.6666765e-02   7.6666025e-01
   3.0000001e-01   6.9999999e-01   0.0000000e+00
   3.4480955e-02   3.7934245e-01   5.8617660e-01
   9.9999215e-02   9.0000078e-01   0.0000000e+00
   1.0040467e-04   4.6423773e-01   5.3566187e-01
   2.7583140e-01   1.0341429e-04   7.2406519e-01
   6.8965609e-02   1.3793032e-01   7.9310408e-01
   3.1034701e-01   3.4482302e-01   3.4482998e-01
   1.0061756e-04   5.7136995e-01   4.2852943e-01
   5.6666559e-01   4.3333441e-01   0.0000000e+00
   9.6667136e-01   3.3328641e-02   0.0000000e+00
   1.0216914e-04   7.4989783e-01   2.5000001e-01
   6.0000036e-01   3.9999964e-01   0.0000000e+00
   5.3333151e-01   4.6666849e-01   0.0000000e+00
   2.7585927e-01   2.0689438e-01   5.1724635e-01
   4.6429033e-01   2.8570966e-01   2.5000001e-01
   3.4482386e-02   6.8965544e-01   2.7586217e-01
   4.6666779e-01   6.6665080e-02   4.6666713e-01
   2.0689638e-01   3.1034537e-01   4.8275825e-01
   9.9990011e-01   9.9891927e-05   0.0000000e+00
   9.0000005e-01   9.9999952e-02   0.0000000e+00
   1.3786335e-01   5.8640816e-01   2.7572849e-01
   5.5172437e-01   1.0344788e-01   3.4482774e-01
   2.7272711e-01   4.7727289e-01   2.5000001e-01
   3.9999377e-01   2.3333772e-01   3.6666851e-01
   2.0454606e-01   5.4545393e-01   2.5000001e-01
   4.1379347e-01   2.7586190e-01   3.1034464e-01
   4.8147582e-01   5.1852418e-01   0.0000000e+00
   4.4827712e-01   2.0689438e-01   3.4482851e-01
   3.7930702e-01   1.0344886e-01   5.1724412e-01
   7.4989787e-01   1.0212869e-04   2.5000001e-01
   1.0327670e-04   2.4135091e-01   7.5854582e-01
   5.1718781e-01   1.0330625e-04   4.8270889e-01
   2.3076820e-01   7.6923180e-01   0.0000000e+00
   9.3333615e-01   6.6663845e-02   0.0000000e+00
   5.4545524e-01   2.0454476e-01   2.5000001e-01
   2.7586220e-01   1.0344784e-01   6.2068996e-01
   3.7927069e-01   1.0341938e-04   6.2062589e-01
   6.8958407e-01   1.0325654e-04   3.1031268e-01
   8.5715092e-01   1.4284908e-01   0.0000000e+00
   3.4482761e-01   2.7586202e-01   3.7931037e-01
   1.0227193e-01   6.4772807e-01   2.5000001e-01
   1.7241388e-01   2.7585949e-01   5.5172664e-01
   6.2062528e-01   1.0341555e-04   3.7927130e-01
   2.0689688e-01   1.0344684e-01   6.8965628e-01
   4.1379473e-01   1.7241056e-01   4.1379471e-01
   3.7930996e-01   3.4482825e-01   2.7586179e-01
   1.7241370e-01   3.7931064e-01   4.4827566e-01
   3.5713969e-01   3.9286030e-01   2.5000001e-01
   2.0689577e-01   4.4827631e-01   3.4482793e-01
   3.1034501e-01   2.4137892e-01   4.4827607e-01
   6.6666020e-02   9.6248912e-06   9.3332436e-01
   2.7586210e-01   3.1034473e-01   4.1379316e-01
   6.8961110e-02   5.8620967e-01   3.4482922e-01
   1.0344842e-01   2.0689548e-01   6.8965610e-01
   1.7241413e-01   2.0689497e-01   6.2069090e-01
   4.8275945e-01   1.3792963e-01   3.7931092e-01
   1.0344805e-01   5.1724151e-01   3.7931044e-01
   3.4482375e-01   6.8965922e-02   5.8621033e-01
   1.0000027e-01   6.6666747e-02   8.3333298e-01
   1.3791880e-01   3.4483219e-01   5.1724901e-01
   1.3791875e-01   4.4828654e-01   4.1379471e-01
   2.4137807e-01   3.7931149e-01   3.7931044e-01
   3.4480504e-02   2.7586188e-01   6.8965762e-01
   6.5517578e-01   6.8961655e-02   2.7586257e-01
   2.7586177e-01   4.1379372e-01   3.1034451e-01
   7.6666714e-01   2.3333286e-01   0.0000000e+00
   3.1034444e-01   3.4482697e-02   6.5517286e-01
   5.5172649e-01   3.4478800e-02   4.1379471e-01
   2.4137915e-01   1.7241085e-01   5.8621000e-01
   5.1724269e-01   1.7241248e-01   3.1034483e-01
   9.4835952e-05   1.6665066e-01   8.3325451e-01
   6.8712042e-05   9.9980279e-02   8.9995101e-01
   1.7242163e-01   5.1721404e-01   3.1036433e-01
   1.9998100e-01   9.4024718e-05   7.9992497e-01
   1.3330866e-01   8.1569624e-05   8.6660977e-01
   1.0344457e-01   4.1379488e-01   4.8276055e-01
   1.0342742e-04   3.4479379e-01   6.5510278e-01
   8.9618435e-05   9.7203889e-05   9.9981318e-01
