   9.3333245e-01   6.6667552e-02   0.0000000e+00
   3.7931251e-01   2.0689245e-01   4.1379504e-01
   1.0213849e-04   7.4989786e-01   2.5000000e-01
   2.3332620e-01   7.6667380e-01   0.0000000e+00
   2.7583242e-01   1.0343293e-04   7.2406415e-01
   1.0341112e-04   5.8614502e-01   4.1375157e-01
   1.3792754e-01   2.7587051e-01   5.8620195e-01
   9.9655511e-05   2.3331132e-01   7.6658902e-01
   5.1852665e-01   4.8147335e-01   0.0000000e+00
   1.3333312e-01   6.6665435e-02   8.0000144e-01
   6.6664261e-02   9.3333574e-01   0.0000000e+00
   7.3077058e-01   2.6922942e-01   0.0000000e+00
   6.5510454e-01   1.0325126e-04   3.4479221e-01
   3.4482663e-01   3.7931207e-01   2.7586130e-01
   8.0769387e-01   1.9230613e-01   0.0000000e+00
   1.4285673e-01   8.5714327e-01   0.0000000e+00
   6.8965644e-01   3.1034356e-01   0.0000000e+00
   3.9285685e-01   6.0714315e-01   0.0000000e+00
   5.1723923e-01   1.7241456e-01   3.1034621e-01
   7.6666735e-01   2.3333265e-01   0.0000000e+00
   2.7586262e-01   1.7241351e-01   5.5172387e-01
   1.0144427e-04   3.5710952e-01   6.4278904e-01
   2.6666553e-01   7.3333447e-01   0.0000000e+00
   2.8571419e-01   4.6428581e-01   2.5000000e-01
   2.4138064e-01   3.7930694e-01   3.7931242e-01
   6.4285588e-01   3.5714412e-01   0.0000000e+00
   3.3330416e-02   9.6666958e-01   0.0000000e+00
   9.6667732e-01   3.3322684e-02   0.0000000e+00
   3.3332946e-02   1.0000101e-01   8.6666605e-01
   2.3333335e-01   6.6666715e-02   6.9999994e-01
   5.9999830e-01   4.0000170e-01   0.0000000e+00
   9.0000007e-01   9.9999932e-02   0.0000000e+00
   1.3637205e-01   6.1362795e-01   2.5000000e-01
   3.7927187e-01   1.0340988e-04   6.2062472e-01
   8.5714287e-01   1.4285713e-01   0.0000000e+00
   6.8961850e-02   5.5172631e-01   3.7931184e-01
   7.4989824e-01   1.0175658e-04   2.5000000e-01
   4.4822981e-01   1.0321718e-04   5.5166697e-01
   9.9990599e-05   4.3328174e-01   5.6661827e-01
   3.7930985e-01   1.0344683e-01   5.1724332e-01
   9.9990001e-01   9.9985170e-05   0.0000000e+00
   6.2068967e-01   1.0344827e-01   2.7586207e-01
   3.4482859e-01   1.7241138e-01   4.8276003e-01
   4.4827839e-01   2.7586059e-01   2.7586101e-01
   4.1379182e-01   1.3792915e-01   4.4827904e-01
   5.6666186e-01   4.3333814e-01   0.0000000e+00
   3.1034607e-01   2.4137491e-01   4.4827902e-01
   6.6667915e-02   4.6666856e-01   4.6666353e-01
   5.7136528e-01   1.0077360e-04   4.2853394e-01
   1.9230569e-01   8.0769431e-01   0.0000000e+00
   2.0688914e-01   1.7241540e-01   6.2069547e-01
   3.4484342e-01   6.8963811e-02   5.8619277e-01
   4.3333320e-01   5.6666680e-01   0.0000000e+00
   4.6539524e-01   3.3410373e-02   5.0119438e-01
   5.0578685e-01   2.4421315e-01   2.5000000e-01
   5.8620824e-01   6.8963290e-02   3.4482847e-01
   6.8961922e-02   2.0689025e-01   7.2414783e-01
   4.1379739e-01   2.4137176e-01   3.4483085e-01
   3.4482917e-01   6.5517083e-01   0.0000000e+00
   2.7586805e-01   4.1378967e-01   3.1034229e-01
   6.8965838e-02   6.2068789e-01   3.1034627e-01
   2.7586034e-01   3.1034555e-01   4.1379411e-01
   6.8182158e-01   6.8178417e-02   2.5000000e-01
   9.9704729e-05   1.6665096e-01   8.3324934e-01
   9.9981141e-05   9.9990002e-01   0.0000000e+00
   5.1724147e-01   1.0344813e-01   3.7931040e-01
   2.0454245e-01   5.4545755e-01   2.5000000e-01
   1.0344810e-01   2.4137879e-01   6.5517311e-01
   3.4480746e-02   2.7586172e-01   6.8965753e-01
   3.7931286e-01   3.1034292e-01   3.1034422e-01
   1.0343577e-01   3.4490989e-01   5.5165435e-01
   3.0000008e-01   6.9999992e-01   0.0000000e+00
   1.3792396e-01   5.5172871e-01   3.1034732e-01
   1.0000068e-01   8.9999932e-01   0.0000000e+00
   4.8275692e-01   6.8964063e-02   4.4827902e-01
   2.0689616e-01   2.4137962e-01   5.5172422e-01
   9.9987581e-02   6.4561632e-05   8.9994786e-01
   3.4482778e-01   2.7586179e-01   3.7931043e-01
   1.7241508e-01   4.1378884e-01   4.1379609e-01
   2.4137934e-01   2.7586189e-01   4.8275877e-01
   1.7241260e-01   1.3792987e-01   6.8965753e-01
   1.0343735e-04   6.5510435e-01   3.4479221e-01
   1.3793034e-01   3.7931064e-01   4.8275903e-01
   1.3793171e-01   4.8275609e-01   3.7931220e-01
   2.7586091e-01   1.0344747e-01   6.2069163e-01
   3.1034560e-01   3.4482602e-01   3.4482838e-01
   7.2527582e-05   6.6661178e-02   9.3326629e-01
   2.0000084e-01   3.3333469e-02   7.6666569e-01
   1.0000044e-01   1.3333387e-01   7.6666569e-01
   4.6666686e-01   5.3333314e-01   0.0000000e+00
   3.4481728e-02   6.8965602e-01   2.7586226e-01
   2.0689400e-01   3.4482697e-01   4.4827904e-01
   3.1034422e-01   3.4482666e-02   6.5517311e-01
   5.7954342e-01   1.7045658e-01   2.5000000e-01
   1.6665075e-01   9.9911500e-05   8.3324934e-01
   4.0908251e-01   3.4091749e-01   2.5000000e-01
   1.0340830e-04   5.1718700e-01   4.8270959e-01
   2.0689659e-01   4.8275852e-01   3.1034489e-01
   9.7925185e-05   9.5237522e-05   9.9980684e-01
   4.4827643e-01   1.7241278e-01   3.7931079e-01
