   9.9990025e-01   9.9749808e-05   0.0000000e+00
   9.3333524e-01   6.6664757e-02   0.0000000e+00
   3.5714362e-01   6.4285638e-01   0.0000000e+00
   8.6207095e-01   1.3792905e-01   0.0000000e+00
   5.1851747e-01   4.8148253e-01   0.0000000e+00
   3.0769087e-01   6.9230913e-01   0.0000000e+00
   3.3408168e-02   4.6541625e-01   5.0117558e-01
   5.1724413e-01   1.0344352e-01   3.7931235e-01
   6.6665481e-02   9.3333452e-01   0.0000000e+00
   1.3793101e-01   4.1379312e-01   4.4827588e-01
   7.3333113e-01   2.6666887e-01   0.0000000e+00
   1.3793437e-01   5.8619700e-01   2.7586863e-01
   1.0024746e-04   5.3564968e-01   4.6425007e-01
   2.3076745e-01   7.6923255e-01   0.0000000e+00
   6.8958385e-01   1.0341378e-04   3.1031274e-01
   1.0079635e-04   4.2853215e-01   5.7136705e-01
   8.9999934e-01   1.0000066e-01   0.0000000e+00
   1.0334495e-04   3.1031349e-01   6.8958316e-01
   1.8518728e-01   8.1481272e-01   0.0000000e+00
   7.6922949e-01   2.3077051e-01   0.0000000e+00
   2.0689662e-01   3.4482756e-01   4.4827582e-01
   3.3332273e-02   9.6666773e-01   0.0000000e+00
   1.0227314e-01   6.4772674e-01   2.5000012e-01
   2.0454664e-01   5.4545324e-01   2.5000012e-01
   9.6666938e-01   3.3330619e-02   0.0000000e+00
   2.7586098e-01   3.1034530e-01   4.1379372e-01
   5.6666354e-01   4.3333646e-01   0.0000000e+00
   1.0344741e-01   3.7931149e-01   5.1724110e-01
   3.1034624e-01   2.4137581e-01   4.4827795e-01
   2.4138035e-01   3.7930768e-01   3.7931197e-01
   4.6428567e-01   2.8571421e-01   2.5000012e-01
   4.8275620e-01   1.7241460e-01   3.4482920e-01
   9.9883381e-05   9.9990012e-01   0.0000000e+00
   1.0344905e-01   5.5172078e-01   3.4483017e-01
   3.4482899e-02   5.8620521e-01   3.7931189e-01
   4.1374920e-01   1.0343308e-04   5.8614737e-01
   6.0000127e-01   3.9999873e-01   0.0000000e+00
   3.4482933e-01   2.7585842e-01   3.7931226e-01
   1.3792383e-01   8.6207617e-01   0.0000000e+00
   1.7241277e-01   4.4827643e-01   3.7931080e-01
   1.0344533e-01   4.8276020e-01   4.1379446e-01
   6.4285634e-01   3.5714366e-01   0.0000000e+00
   2.0689393e-01   4.8276021e-01   3.1034585e-01
   6.8181870e-01   6.8181180e-02   2.5000012e-01
   4.6666714e-01   5.3333286e-01   0.0000000e+00
   4.8275953e-01   6.8963765e-02   4.4827670e-01
   2.6666867e-01   7.3333133e-01   0.0000000e+00
   4.3333450e-01   5.6666550e-01   0.0000000e+00
   1.0344658e-01   2.4137921e-01   6.5517421e-01
   6.9231036e-01   3.0768964e-01   0.0000000e+00
   1.0331131e-04   6.5510483e-01   3.4479186e-01
   3.9999975e-01   6.0000025e-01   0.0000000e+00
   3.7931023e-01   3.1034501e-01   3.1034475e-01
   5.7954341e-01   1.7045647e-01   2.5000012e-01
   9.9999843e-02   9.0000016e-01   0.0000000e+00
   5.8620374e-01   6.8966043e-02   3.4483021e-01
   2.7586219e-01   1.7241398e-01   5.5172383e-01
   3.2139521e-01   1.0172337e-04   6.7850307e-01
   2.4137791e-01   2.7585994e-01   4.8276216e-01
   3.4485829e-01   1.3792473e-01   5.1721698e-01
   3.3332354e-02   3.3332354e-02   9.3333529e-01
   5.5166709e-01   1.0339383e-04   4.4822952e-01
   4.6661921e-01   9.9948879e-05   5.3328084e-01
   2.4138025e-01   6.8964102e-02   6.8965564e-01
   3.4482746e-02   3.4482759e-01   6.2068967e-01
   2.8571463e-01   4.6428525e-01   2.5000012e-01
   2.7586195e-01   4.1379336e-01   3.1034470e-01
   4.0909069e-01   3.4090919e-01   2.5000012e-01
   1.0224924e-04   7.4989763e-01   2.5000012e-01
   1.7241290e-01   1.7241289e-01   6.5517421e-01
   3.1034177e-01   3.4482913e-01   3.4482910e-01
   2.6663968e-01   9.8951939e-05   7.3326137e-01
   4.4828006e-01   1.3792312e-01   4.1379682e-01
   8.1481792e-01   1.8518208e-01   0.0000000e+00
   4.1380318e-01   2.4136194e-01   3.4483488e-01
   2.7586175e-01   1.0344836e-01   6.2068989e-01
   3.7931182e-01   6.8961536e-02   5.5172664e-01
   1.3792807e-01   1.3792807e-01   7.2414387e-01
   1.0344830e-01   3.1034498e-01   5.8620672e-01
   9.9933698e-05   2.3331006e-01   7.6659000e-01
   3.7930833e-01   2.0689720e-01   4.1379446e-01
   1.0344311e-01   1.0344311e-01   7.9311378e-01
   6.2062543e-01   1.0343278e-04   3.7927113e-01
   6.8964022e-02   2.0689211e-01   7.2414387e-01
   5.1724108e-01   2.0689670e-01   2.7586222e-01
   9.9563882e-05   1.6664944e-01   8.3325100e-01
   3.4483145e-02   6.8965334e-01   2.7586351e-01
   1.7241608e-01   2.7586124e-01   5.5172268e-01
   7.4989768e-01   1.0219824e-04   2.5000012e-01
   3.4482770e-01   3.4482421e-02   6.2068988e-01
   2.0689664e-01   2.0689664e-01   5.8620672e-01
   1.6664982e-01   9.9181790e-05   8.3325100e-01
   6.6668255e-02   6.6668254e-02   8.6666349e-01
   2.0000289e-01   3.3333860e-02   7.6666325e-01
   3.4482910e-01   3.7930934e-01   2.7586156e-01
   9.7156486e-05   9.9529806e-05   9.9980331e-01
   6.2068934e-01   1.0344836e-01   2.7586230e-01
   4.1410040e-01   1.0339128e-01   4.8250833e-01
   9.9983656e-02   9.6941810e-05   8.9991940e-01
   9.4840433e-05   9.9985757e-02   8.9991940e-01
