   3.3333541e-02   9.6666646e-01   0.0000000e+00
   6.5510451e-01   1.0329322e-04   3.4479220e-01
   3.4090371e-01   4.0909629e-01   2.5000000e-01
   2.0454603e-01   5.4545397e-01   2.5000000e-01
   7.6922704e-01   2.3077296e-01   0.0000000e+00
   1.0341598e-04   6.2062547e-01   3.7927111e-01
   6.5517003e-01   3.4482997e-01   0.0000000e+00
   9.6666590e-01   3.3334100e-02   0.0000000e+00
   8.9999945e-01   1.0000055e-01   0.0000000e+00
   1.0177234e-04   3.2138432e-01   6.7851391e-01
   3.1034314e-01   1.3793062e-01   5.5172624e-01
   1.9230959e-01   8.0769041e-01   0.0000000e+00
   2.6923059e-01   7.3076941e-01   0.0000000e+00
   9.3333227e-01   6.6667732e-02   0.0000000e+00
   2.4137948e-01   4.1379269e-01   3.4482783e-01
   7.4989802e-01   1.0197643e-04   2.5000000e-01
   1.3793125e-01   4.1379289e-01   4.4827587e-01
   9.9981278e-05   1.6665113e-01   8.3324889e-01
   1.0344342e-01   3.7931243e-01   5.1724415e-01
   3.5714334e-01   6.4285666e-01   0.0000000e+00
   9.9999807e-02   9.0000019e-01   0.0000000e+00
   1.0344469e-01   3.1036854e-01   5.8618677e-01
   3.1034536e-01   6.8965464e-01   0.0000000e+00
   4.6666971e-01   5.3333029e-01   0.0000000e+00
   3.4482371e-02   3.4482341e-01   6.2069422e-01
   4.3333396e-01   5.6666604e-01   0.0000000e+00
   4.3169597e-01   1.0029060e-01   4.6801343e-01
   3.1034435e-01   3.7931134e-01   3.1034431e-01
   5.8614555e-01   1.0336150e-04   4.1375109e-01
   1.0171143e-04   7.4989829e-01   2.5000000e-01
   6.6667858e-02   9.3333214e-01   0.0000000e+00
   1.0008204e-04   5.3565792e-01   4.6424199e-01
   1.0227379e-01   6.4772621e-01   2.5000000e-01
   6.8964397e-02   2.4137918e-01   6.8965643e-01
   6.4772956e-01   1.0227044e-01   2.5000000e-01
   5.4545380e-01   2.0454620e-01   2.5000000e-01
   3.4482775e-01   1.7241384e-01   4.8275840e-01
   1.0067157e-04   4.2851910e-01   5.7138023e-01
   8.1481583e-01   1.8518417e-01   0.0000000e+00
   3.4482410e-01   3.4481677e-02   6.2069422e-01
   1.0316423e-04   6.8958375e-01   3.1031309e-01
   6.9999932e-01   3.0000068e-01   0.0000000e+00
   9.9847741e-05   9.9990015e-01   0.0000000e+00
   2.3332328e-01   7.6667672e-01   0.0000000e+00
   3.7943777e-01   6.8950480e-02   5.5161175e-01
   2.7586241e-01   2.0689597e-01   5.1724162e-01
   2.7585470e-01   4.4829052e-01   2.7585478e-01
   4.8275927e-01   1.7241277e-01   3.4482796e-01
   1.7241214e-01   2.4137859e-01   5.8620926e-01
   5.5172467e-01   1.0344741e-01   3.4482792e-01
   5.1851440e-01   4.8148560e-01   0.0000000e+00
   4.1374967e-01   1.0325340e-04   5.8614708e-01
   4.2857217e-01   3.2142783e-01   2.5000000e-01
   4.0000019e-01   5.9999981e-01   0.0000000e+00
   1.3793079e-01   1.3792897e-01   7.2414024e-01
   5.3811630e-01   6.7259464e-02   3.9462424e-01
   1.3793032e-01   5.1724185e-01   3.4482783e-01
   3.7931527e-01   3.1034772e-01   3.1033701e-01
   1.7241415e-01   3.4482795e-01   4.8275790e-01
   5.6666261e-01   4.3333739e-01   0.0000000e+00
   9.9990048e-01   9.9516563e-05   0.0000000e+00
   3.3330476e-02   3.3333394e-02   9.3333613e-01
   8.6206871e-01   1.3793129e-01   0.0000000e+00
   3.4482777e-01   2.7586167e-01   3.7931056e-01
   1.3792468e-01   5.8621129e-01   2.7586403e-01
   4.1379716e-01   2.4137190e-01   3.4483095e-01
   2.7586664e-01   3.4482530e-01   3.7930807e-01
   9.9990120e-02   8.5495980e-05   8.9992438e-01
   3.7930798e-01   2.0689667e-01   4.1379535e-01
   6.8966013e-01   3.4475860e-02   2.7586401e-01
   4.4827475e-01   1.3792989e-01   4.1379535e-01
   4.9995370e-01   9.9976021e-05   4.9994632e-01
   7.3333135e-01   2.6666865e-01   0.0000000e+00
   1.7240634e-01   4.4827988e-01   3.7931378e-01
   2.4138044e-01   1.7240870e-01   5.8621086e-01
   3.3413387e-02   4.6539308e-01   5.0119353e-01
   1.3793118e-01   2.0689661e-01   6.5517221e-01
   1.6665241e-01   9.9742712e-05   8.3324785e-01
   1.0344196e-01   4.8276245e-01   4.1379559e-01
   3.3333410e-02   2.0000380e-01   7.6666280e-01
   6.0713904e-01   3.9286096e-01   0.0000000e+00
   2.4138007e-01   3.1034394e-01   4.4827600e-01
   1.4285510e-01   8.5714490e-01   0.0000000e+00
   2.0689736e-01   3.7930729e-01   4.1379535e-01
   2.0689371e-01   4.8276321e-01   3.1034308e-01
   2.0000376e-01   3.3333443e-02   7.6666280e-01
   2.0689746e-01   2.7586119e-01   5.1724135e-01
   2.7582788e-01   1.0325378e-04   7.2406887e-01
   2.7586399e-01   6.8963962e-02   6.5517204e-01
   6.6667483e-02   1.3333484e-01   7.9999768e-01
   3.1034785e-01   2.4137694e-01   4.4827521e-01
   6.8958919e-02   5.8621052e-01   3.4483056e-01
   4.8275855e-01   2.4137933e-01   2.7586211e-01
   5.8621015e-01   1.3792554e-01   2.7586431e-01
   9.4101337e-05   2.6663946e-01   7.3326644e-01
   9.3007874e-05   9.9984348e-02   8.9992264e-01
   6.6663573e-02   6.6661634e-02   8.6667479e-01
   1.3333488e-01   6.6667437e-02   7.9999768e-01
   2.0689570e-01   1.0344787e-01   6.8965643e-01
   9.2829325e-05   8.3285786e-05   9.9982388e-01
