   2.3333036e-01   7.6666964e-01   0.0000000e+00
   5.6665821e-01   4.3334179e-01   0.0000000e+00
   6.9999834e-01   3.0000166e-01   0.0000000e+00
   4.3332960e-01   5.6667040e-01   0.0000000e+00
   3.3330566e-02   9.6666943e-01   0.0000000e+00
   8.1481953e-01   1.8518047e-01   0.0000000e+00
   8.6206988e-01   1.3793012e-01   0.0000000e+00
   5.1724552e-01   2.0689478e-01   2.7585969e-01
   1.0000158e-01   1.6667102e-01   7.3332740e-01
   1.7241263e-01   3.1034528e-01   5.1724209e-01
   2.0454610e-01   5.4545389e-01   2.5000000e-01
   6.8182069e-01   6.8179311e-02   2.5000000e-01
   7.6923048e-01   2.3076952e-01   0.0000000e+00
   1.4285579e-01   8.5714421e-01   0.0000000e+00
   9.3333389e-01   6.6666107e-02   0.0000000e+00
   1.3793036e-01   3.7930951e-01   4.8276013e-01
   3.4482873e-01   6.5517127e-01   0.0000000e+00
   6.6665940e-02   9.3333406e-01   0.0000000e+00
   1.0215253e-04   7.4989785e-01   2.5000000e-01
   5.5172392e-01   1.3793110e-01   3.1034498e-01
   9.9990031e-01   9.9694211e-05   0.0000000e+00
   6.8955662e-02   3.4491257e-01   5.8613177e-01
   6.8958407e-01   1.0330338e-04   3.1031262e-01
   4.4822986e-01   1.0342088e-04   5.5166672e-01
   3.7927279e-01   1.0341746e-04   6.2062379e-01
   1.0079459e-04   4.2853124e-01   5.7136797e-01
   1.3402084e-01   4.6907547e-01   3.9690369e-01
   3.2141961e-01   4.2858039e-01   2.5000000e-01
   4.6667209e-01   5.3332791e-01   0.0000000e+00
   2.6666951e-01   1.6666795e-01   5.6666255e-01
   1.0333360e-04   5.1718781e-01   4.8270886e-01
   9.6666571e-01   3.3334287e-02   0.0000000e+00
   6.0714204e-01   3.9285796e-01   0.0000000e+00
   6.1363557e-01   1.3636443e-01   2.5000000e-01
   9.9291891e-05   9.9990071e-01   0.0000000e+00
   6.6680155e-02   1.0002064e-01   8.3329921e-01
   5.1852804e-01   4.8147196e-01   0.0000000e+00
   6.5517179e-01   3.4482821e-01   0.0000000e+00
   3.4482892e-01   2.0689347e-01   4.4827761e-01
   4.1379311e-01   6.8965436e-02   5.1724145e-01
   4.8320781e-01   3.4452594e-02   4.8233959e-01
   5.6661588e-01   9.8985566e-05   4.3328513e-01
   1.0166093e-04   3.2138552e-01   6.7851282e-01
   1.0344083e-01   5.5172873e-01   3.4483045e-01
   1.3636303e-01   6.1363696e-01   2.5000000e-01
   3.7930845e-01   2.4137899e-01   3.7931256e-01
   1.0342365e-04   2.0687366e-01   7.9302291e-01
   3.7930934e-01   3.4482932e-01   2.7586134e-01
   3.1034467e-01   3.7931064e-01   3.1034469e-01
   2.4137839e-01   3.1034464e-01   4.4827697e-01
   1.7241601e-01   5.1723519e-01   3.1034881e-01
   9.9998592e-02   9.0000141e-01   0.0000000e+00
   1.0334384e-04   6.5510448e-01   3.4479217e-01
   3.9285775e-01   6.0714225e-01   0.0000000e+00
   3.1052857e-01   1.0341950e-01   5.8605193e-01
   3.1034543e-01   1.7241213e-01   5.1724244e-01
   1.3792826e-01   2.0689324e-01   6.5517850e-01
   6.8961824e-02   6.2069212e-01   3.1034606e-01
   9.9599421e-05   1.3332005e-01   8.6658035e-01
   1.7241362e-01   1.3792882e-01   6.8965756e-01
   6.8959072e-02   5.1724496e-01   4.1379597e-01
   3.4482753e-02   2.4137385e-01   7.2414340e-01
   4.9999945e-01   2.5000055e-01   2.5000000e-01
   9.0000045e-01   9.9999552e-02   0.0000000e+00
   6.2068987e-01   6.8965198e-02   3.1034493e-01
   3.0000546e-01   6.9999454e-01   0.0000000e+00
   3.4483121e-02   6.8965196e-01   2.7586492e-01
   5.8621061e-01   3.4476656e-02   3.7931273e-01
   3.1031307e-01   1.0311537e-04   6.8958381e-01
   4.4826894e-01   2.0689981e-01   3.4483126e-01
   2.3332367e-01   9.9876342e-05   7.6657645e-01
   4.4317242e-01   3.0682758e-01   2.5000000e-01
   2.6666615e-01   7.3333385e-01   0.0000000e+00
   1.9230886e-01   8.0769114e-01   0.0000000e+00
   4.1379671e-01   1.7240660e-01   4.1379669e-01
   1.0342806e-04   5.8614630e-01   4.1375028e-01
   7.4989798e-01   1.0202314e-04   2.5000000e-01
   2.0689493e-01   1.7241430e-01   6.2069077e-01
   4.1379807e-01   2.7585957e-01   3.1034236e-01
   2.7585996e-01   6.8965002e-02   6.5517504e-01
   9.9989104e-02   9.1224603e-05   8.9991967e-01
   3.4483045e-01   3.1034292e-01   3.4482663e-01
   1.7240685e-01   2.4138095e-01   5.8621220e-01
   2.4137352e-01   4.8276222e-01   2.7586426e-01
   2.7585883e-01   3.4482860e-01   3.7931258e-01
   2.4137942e-01   2.4137927e-01   5.1724131e-01
   1.0344652e-01   2.7586272e-01   6.2069077e-01
   3.7930909e-01   1.3793103e-01   4.8275988e-01
   2.0689277e-01   6.8963847e-02   7.2414338e-01
   4.4827783e-01   1.0344440e-01   4.4827778e-01
   7.3333269e-01   2.6666731e-01   0.0000000e+00
   1.6665278e-01   8.3038336e-05   8.3326418e-01
   1.3793029e-01   6.8965371e-02   7.9310434e-01
   2.4137920e-01   4.1379384e-01   3.4482696e-01
   6.8961689e-02   4.4827744e-01   4.8276087e-01
   2.0689468e-01   3.7931186e-01   4.1379346e-01
   3.1034409e-01   2.7586245e-01   4.1379346e-01
   6.8106882e-05   6.6646231e-02   9.3328566e-01
   5.1724102e-01   1.0344641e-01   3.7931257e-01
   8.2080334e-05   9.8852521e-05   9.9981907e-01
