   8.1481402e-01   1.8518598e-01   0.0000000e+00
   1.9230816e-01   8.0769184e-01   0.0000000e+00
   6.2062553e-01   1.0328043e-04   3.7927119e-01
   7.6923099e-01   2.3076901e-01   0.0000000e+00
   4.8275871e-01   1.3793088e-01   3.7931041e-01
   4.3333416e-01   5.6666584e-01   0.0000000e+00
   3.7931233e-01   2.4137534e-01   3.7931233e-01
   9.6666676e-01   3.3333245e-02   0.0000000e+00
   2.0689650e-01   3.1034499e-01   4.8275851e-01
   8.6206905e-01   1.3793095e-01   0.0000000e+00
   6.4285708e-01   3.5714292e-01   0.0000000e+00
   9.9990004e-01   9.9963034e-05   0.0000000e+00
   1.7241425e-01   4.4827440e-01   3.7931135e-01
   3.4482814e-01   6.5517186e-01   0.0000000e+00
   2.0454509e-01   5.4545491e-01   2.5000000e-01
   7.3333795e-01   2.6666205e-01   0.0000000e+00
   4.6666679e-01   5.3333321e-01   0.0000000e+00
   3.9285718e-01   6.0714282e-01   0.0000000e+00
   9.9928540e-05   9.9990007e-01   0.0000000e+00
   1.0341855e-04   3.7927113e-01   6.2062546e-01
   6.6668011e-02   9.3333199e-01   0.0000000e+00
   3.3330527e-02   9.6666947e-01   0.0000000e+00
   3.9569265e-01   1.0071466e-01   5.0359269e-01
   2.3331144e-01   9.9965710e-05   7.6658859e-01
   2.3333271e-01   7.6666729e-01   0.0000000e+00
   4.4827822e-01   2.0689239e-01   3.4482939e-01
   1.0341055e-04   6.2062540e-01   3.7927119e-01
   4.6424240e-01   1.0030877e-04   5.3565729e-01
   1.0000076e-01   2.0000152e-01   6.9999772e-01
   4.6428873e-01   2.8571127e-01   2.5000000e-01
   6.0000214e-01   3.9999786e-01   0.0000000e+00
   9.9846348e-05   4.9994358e-01   4.9995657e-01
   1.3793112e-01   2.4137886e-01   6.2069002e-01
   7.4989777e-01   1.0222952e-04   2.5000000e-01
   9.9999591e-02   9.0000041e-01   0.0000000e+00
   6.8965577e-02   5.8620654e-01   3.4482789e-01
   1.0000019e-01   9.9999783e-02   8.0000003e-01
   1.0226933e-01   6.4773067e-01   2.5000000e-01
   2.0689860e-01   6.8965341e-02   7.2413606e-01
   1.0323541e-04   3.1031099e-01   6.8958578e-01
   6.6665983e-02   1.6666791e-01   7.6666611e-01
   1.6665203e-01   9.9922596e-05   8.3324805e-01
   1.7241392e-01   1.7241322e-01   6.5517286e-01
   1.4285717e-01   8.5714283e-01   0.0000000e+00
   3.7931146e-01   3.4479933e-02   5.8620861e-01
   3.4482883e-01   2.0689373e-01   4.4827745e-01
   3.4090667e-01   4.0909333e-01   2.5000000e-01
   3.7930962e-01   3.4482883e-01   2.7586155e-01
   3.4479209e-01   1.0324084e-04   6.5510467e-01
   6.2069010e-01   6.8964849e-02   3.1034505e-01
   9.3333414e-01   6.6665856e-02   0.0000000e+00
   5.4545350e-01   2.0454650e-01   2.5000000e-01
   3.1034861e-01   3.7930826e-01   3.1034312e-01
   3.3332829e-02   6.6665658e-02   9.0000151e-01
   4.1379115e-01   1.7241437e-01   4.1379449e-01
   5.1724138e-01   1.7241379e-01   3.1034483e-01
   3.4478251e-02   4.1379504e-01   5.5172671e-01
   6.8960448e-02   2.7586359e-01   6.5517596e-01
   3.0000094e-01   6.9999906e-01   0.0000000e+00
   1.0327044e-04   6.8958395e-01   3.1031278e-01
   3.4482721e-01   3.1034501e-01   3.4482778e-01
   1.3793282e-01   5.8620166e-01   2.7586553e-01
   6.4772792e-01   1.0227208e-01   2.5000000e-01
   1.3793124e-01   5.1724066e-01   3.4482810e-01
   9.9952197e-05   1.9998026e-01   7.9991979e-01
   1.0344732e-01   4.8275913e-01   4.1379355e-01
   2.4137933e-01   2.0689478e-01   5.5172590e-01
   5.5166715e-01   1.0342330e-04   4.4822942e-01
   2.6666944e-01   7.3333056e-01   0.0000000e+00
   2.7586206e-01   3.4482759e-01   3.7931035e-01
   9.0000094e-01   9.9999064e-02   0.0000000e+00
   2.7586259e-01   2.4137895e-01   4.8275847e-01
   5.6666542e-01   4.3333458e-01   0.0000000e+00
   1.3792964e-01   4.1379377e-01   4.4827658e-01
   2.7586098e-01   4.4827804e-01   2.7586098e-01
   5.8620881e-01   1.3792823e-01   2.7586296e-01
   2.0689728e-01   4.8275817e-01   3.1034454e-01
   4.8275794e-01   6.8965606e-02   4.4827646e-01
   4.1379526e-01   2.7586105e-01   3.1034369e-01
   1.3333354e-01   1.3333301e-01   7.3333345e-01
   1.7241344e-01   2.7586349e-01   5.5172306e-01
   6.8958387e-01   1.0338775e-04   3.1031274e-01
   2.7586176e-01   3.4482704e-02   6.8965553e-01
   5.1852258e-01   4.8147742e-01   0.0000000e+00
   9.9991005e-02   8.6463192e-05   8.9992253e-01
   2.0689679e-01   3.7930964e-01   4.1379358e-01
   6.9230718e-01   3.0769282e-01   0.0000000e+00
   1.0342859e-01   3.7940343e-01   5.1716798e-01
   3.1034489e-01   1.0344827e-01   5.8620685e-01
   5.5172416e-01   6.8965487e-02   3.7931036e-01
   3.1033980e-01   1.7241105e-01   5.1724916e-01
   1.0344730e-01   3.1034553e-01   5.8620716e-01
   1.0219053e-04   7.4989781e-01   2.5000000e-01
   3.3333074e-02   2.3333348e-01   7.3333345e-01
   3.1034520e-01   2.7586120e-01   4.1379360e-01
   2.4137647e-01   4.1379468e-01   3.4482885e-01
   2.4137978e-01   1.3792965e-01   6.2069056e-01
   3.4480974e-02   5.5172543e-01   4.1379359e-01
   9.3197294e-05   1.3331790e-01   8.6658891e-01
   9.8946575e-05   9.8987008e-05   9.9980207e-01
