   6.1363295e-01   1.3636704e-01   2.5000001e-01
   6.0713819e-01   3.9286181e-01   0.0000000e+00
   5.1718764e-01   1.0342127e-04   4.8270894e-01
   3.6666766e-01   6.3333234e-01   0.0000000e+00
   5.5175471e-01   1.7240200e-01   2.7584329e-01
   8.1481913e-01   1.8518087e-01   0.0000000e+00
   2.7586307e-01   4.4827524e-01   2.7586169e-01
   2.6923063e-01   7.3076937e-01   0.0000000e+00
   9.3333538e-01   6.6664619e-02   0.0000000e+00
   3.4090842e-01   4.0909157e-01   2.5000001e-01
   2.3331113e-01   9.9906753e-05   7.6658896e-01
   3.2116391e-01   3.3941553e-02   6.4489453e-01
   2.3333220e-01   7.6666780e-01   0.0000000e+00
   4.0000343e-01   5.9999657e-01   0.0000000e+00
   9.9387532e-05   9.9990061e-01   0.0000000e+00
   9.9990085e-01   9.9154341e-05   0.0000000e+00
   1.3636565e-01   6.1363434e-01   2.5000001e-01
   8.6206837e-01   1.3793163e-01   0.0000000e+00
   4.3333307e-01   5.6666693e-01   0.0000000e+00
   1.4285683e-01   8.5714317e-01   0.0000000e+00
   1.0330570e-04   3.4479176e-01   6.5510493e-01
   1.0338174e-04   2.7583289e-01   7.2406373e-01
   6.8965669e-01   3.4480658e-02   2.7586265e-01
   1.0030674e-04   4.6423590e-01   5.3566379e-01
   7.4989798e-01   1.0200601e-04   2.5000001e-01
   4.8147410e-01   5.1852590e-01   0.0000000e+00
   2.0689808e-01   3.7930577e-01   4.1379616e-01
   9.0000296e-01   9.9997037e-02   0.0000000e+00
   6.5517136e-01   3.4482864e-01   0.0000000e+00
   2.0690054e-01   4.4826521e-01   3.4483425e-01
   2.0689892e-01   1.7240923e-01   6.2069185e-01
   5.1724592e-01   1.3792347e-01   3.4483061e-01
   6.8965838e-02   6.2068819e-01   3.1034597e-01
   7.3333359e-01   2.6666641e-01   0.0000000e+00
   7.6922795e-01   2.3077205e-01   0.0000000e+00
   3.4478071e-02   6.8965853e-01   2.7586340e-01
   1.6666767e-01   6.6664025e-02   7.6666831e-01
   2.0689256e-01   2.7586381e-01   5.1724363e-01
   6.5510467e-01   1.0341065e-04   3.4479192e-01
   1.0344835e-01   5.5172382e-01   3.4482783e-01
   5.8614629e-01   1.0339645e-04   4.1375031e-01
   9.6666607e-01   3.3333926e-02   0.0000000e+00
   1.9230681e-01   8.0769319e-01   0.0000000e+00
   1.0000063e-01   8.9999937e-01   0.0000000e+00
   2.4698519e-01   5.0301480e-01   2.5000001e-01
   3.1031171e-01   1.0342578e-04   6.8958486e-01
   5.3333305e-01   4.6666695e-01   0.0000000e+00
   3.9286046e-01   3.5713953e-01   2.5000001e-01
   1.0344723e-01   2.0689536e-01   6.8965741e-01
   3.3328665e-02   9.6667134e-01   0.0000000e+00
   2.7587475e-01   1.3792861e-01   5.8619663e-01
   4.4827042e-01   2.7586479e-01   2.7586479e-01
   5.1136333e-01   2.3863666e-01   2.5000001e-01
   1.0217614e-04   7.4989781e-01   2.5000001e-01
   3.3413386e-02   5.0119886e-01   4.6538776e-01
   3.1034415e-01   3.7931112e-01   3.1034473e-01
   9.9772692e-05   1.6665111e-01   8.3324911e-01
   4.2852827e-01   1.0080809e-04   5.7137092e-01
   3.3333253e-02   2.0000004e-01   7.6666671e-01
   1.6665096e-01   9.9922099e-05   8.3324911e-01
   1.0075498e-04   5.7136847e-01   4.2853077e-01
   1.0343311e-04   6.5510465e-01   3.4479192e-01
   4.4827667e-01   1.7241230e-01   3.7931102e-01
   5.5172534e-01   6.8963388e-02   3.7931128e-01
   2.7586212e-01   2.0689646e-01   5.1724142e-01
   3.7930989e-01   2.0689744e-01   4.1379267e-01
   1.0000714e-01   1.0000780e-01   7.9998507e-01
   3.1034407e-01   2.7586237e-01   4.1379356e-01
   3.2000051e-01   6.7999949e-01   0.0000000e+00
   3.4483053e-01   6.8957519e-02   5.8621196e-01
   1.7241076e-01   2.4137983e-01   5.8620941e-01
   6.6663818e-02   9.3333618e-01   0.0000000e+00
   6.9999981e-01   3.0000019e-01   0.0000000e+00
   1.3793322e-01   4.8275174e-01   3.7931505e-01
   9.9998609e-02   3.3333061e-02   8.6666833e-01
   1.7241318e-01   3.4482788e-01   4.8275894e-01
   2.7586285e-01   3.4482574e-01   3.7931141e-01
   3.4481322e-02   3.7930850e-01   5.8621017e-01
   1.3793085e-01   4.1379308e-01   4.4827607e-01
   3.4482572e-01   3.1034571e-01   3.4482856e-01
   5.6666841e-01   4.3333159e-01   0.0000000e+00
   1.3792971e-01   1.3793062e-01   7.2413967e-01
   1.0344677e-01   3.1035483e-01   5.8619840e-01
   4.1379194e-01   1.3793144e-01   4.4827662e-01
   3.4484156e-01   1.7240983e-01   4.8274861e-01
   3.7931045e-01   1.0344810e-01   5.1724144e-01
   2.4137946e-01   3.1034441e-01   4.4827614e-01
   4.4827611e-01   6.8964997e-02   4.8275889e-01
   4.8275068e-01   1.0344879e-01   4.1380053e-01
   3.3331677e-02   9.9999993e-02   8.6666833e-01
   6.2069105e-01   6.8963402e-02   3.1034555e-01
   4.8275853e-01   2.0689670e-01   3.1034478e-01
   1.7241571e-01   5.5171916e-01   2.7586513e-01
   2.4137758e-01   6.8965009e-02   6.8965741e-01
   2.4425083e-05   6.6664792e-02   9.3331078e-01
   4.1379681e-01   2.4137419e-01   3.4482900e-01
   6.6652081e-02   3.7135771e-05   9.3331078e-01
   6.8965001e-02   2.7586287e-01   6.5517213e-01
   1.0344437e-01   3.7931201e-01   5.1724363e-01
   9.1131596e-05   9.5498180e-05   9.9981337e-01
