   3.4476452e-02   6.5517670e-01   3.1034685e-01
   1.0000005e-01   1.3333267e-01   7.6666728e-01
   5.1851660e-01   4.8148340e-01   0.0000000e+00
   8.9999910e-01   1.0000090e-01   0.0000000e+00
   6.8965600e-02   3.4482680e-01   5.8620760e-01
   2.3333115e-01   7.6666885e-01   0.0000000e+00
   1.0000247e-01   8.9999753e-01   0.0000000e+00
   4.4827633e-01   3.4481746e-02   5.1724192e-01
   1.9230860e-01   8.0769140e-01   0.0000000e+00
   3.2000111e-01   6.7999889e-01   0.0000000e+00
   2.7585937e-01   3.1034599e-01   4.1379464e-01
   6.2062555e-01   1.0341828e-04   3.7927103e-01
   3.9999916e-01   6.0000084e-01   0.0000000e+00
   3.3333000e-02   9.6666700e-01   0.0000000e+00
   4.3333337e-01   5.6666663e-01   0.0000000e+00
   3.3333135e-02   9.9999933e-02   8.6666693e-01
   9.3333173e-01   6.6668265e-02   0.0000000e+00
   4.6666740e-01   5.3333260e-01   0.0000000e+00
   2.7586211e-01   1.3793092e-01   5.8620698e-01
   6.9999884e-01   3.0000116e-01   0.0000000e+00
   2.7586241e-01   3.4480885e-02   6.8965671e-01
   8.5714303e-01   1.4285697e-01   0.0000000e+00
   9.9935317e-05   9.9990006e-01   0.0000000e+00
   3.1034553e-01   4.1379177e-01   2.7586269e-01
   5.3565084e-01   1.0042226e-04   4.6424874e-01
   3.4491582e-01   1.3791247e-01   5.1717172e-01
   5.8620848e-01   6.8963008e-02   3.4482851e-01
   3.4479198e-01   1.0327863e-04   6.5510474e-01
   9.9990019e-01   9.9814210e-05   0.0000000e+00
   2.4135668e-01   1.0340765e-04   7.5853991e-01
   3.6666646e-01   6.3333354e-01   0.0000000e+00
   4.8276051e-01   1.7241056e-01   3.4482893e-01
   1.3793041e-01   4.1379341e-01   4.4827618e-01
   6.2068999e-01   1.0344818e-01   2.7586183e-01
   1.7241045e-01   1.0344685e-01   7.2414270e-01
   5.6666647e-01   4.3333353e-01   0.0000000e+00
   6.8181863e-01   6.8181366e-02   2.5000000e-01
   1.0342285e-04   3.7928067e-01   6.2061590e-01
   9.6667274e-01   3.3327260e-02   0.0000000e+00
   6.8958383e-01   1.0341630e-04   3.1031275e-01
   1.0339831e-04   4.8270884e-01   5.1718776e-01
   5.7955107e-01   1.7044893e-01   2.5000000e-01
   6.0713950e-01   3.9286050e-01   0.0000000e+00
   1.0344592e-01   4.8275989e-01   4.1379418e-01
   7.3333325e-01   2.6666675e-01   0.0000000e+00
   6.8964054e-02   2.0689325e-01   7.2414270e-01
   1.4285503e-01   8.5714497e-01   0.0000000e+00
   6.6666802e-02   9.3333320e-01   0.0000000e+00
   1.7045722e-01   5.7954278e-01   2.5000000e-01
   2.7586217e-01   2.0689626e-01   5.1724157e-01
   1.0000034e-01   6.6664462e-02   8.3333520e-01
   5.0904552e-01   2.4095448e-01   2.5000000e-01
   9.9981546e-05   1.6665007e-01   8.3324994e-01
   1.0224625e-04   7.4989775e-01   2.5000000e-01
   3.3334098e-02   5.3331525e-01   4.3335065e-01
   4.2852823e-01   1.0082918e-04   5.7137094e-01
   2.6923187e-01   7.3076813e-01   0.0000000e+00
   1.6667046e-01   3.3334097e-02   7.9999544e-01
   3.4480544e-02   4.1378762e-01   5.5173184e-01
   2.0689687e-01   3.7930940e-01   4.1379374e-01
   4.4827578e-01   2.7586219e-01   2.7586203e-01
   7.6666741e-01   2.3333259e-01   0.0000000e+00
   3.1034365e-01   3.4482817e-01   3.4482817e-01
   1.0118033e-04   6.0708226e-01   3.9281656e-01
   1.0227034e-01   6.4772966e-01   2.5000000e-01
   9.9828737e-05   2.3331065e-01   7.6658953e-01
   4.3185820e-01   1.0026023e-01   4.6788157e-01
   1.3332005e-01   9.9565917e-05   8.6658039e-01
   5.1724135e-01   1.0344829e-01   3.7931037e-01
   7.4989776e-01   1.0224461e-04   2.5000000e-01
   2.8571049e-01   4.6428951e-01   2.5000000e-01
   6.5517239e-01   3.4482761e-01   0.0000000e+00
   1.0344810e-01   3.7931042e-01   5.1724148e-01
   3.4482755e-01   6.8965521e-02   5.8620693e-01
   2.4137841e-01   1.0344846e-01   6.5517313e-01
   5.5172480e-01   1.3792998e-01   3.1034521e-01
   1.3793108e-01   1.7241342e-01   6.8965550e-01
   3.4482762e-01   2.7586201e-01   3.7931037e-01
   6.6659166e-02   9.6416818e-05   9.3324442e-01
   3.9286030e-01   3.5713970e-01   2.5000000e-01
   2.0689607e-01   2.0689839e-01   5.8620554e-01
   9.9321283e-05   6.6656262e-02   9.3324442e-01
   2.4138148e-01   4.1378783e-01   3.4483069e-01
   1.0340327e-04   3.1031283e-01   6.8958377e-01
   1.7241309e-01   3.1034765e-01   5.1723926e-01
   1.3793185e-01   5.1723852e-01   3.4482963e-01
   3.7931152e-01   3.1034422e-01   3.1034425e-01
   2.4137714e-01   2.7585878e-01   4.8276408e-01
   4.1379531e-01   2.4137526e-01   3.4482942e-01
   1.3793130e-01   2.7586062e-01   5.8620808e-01
   3.7931206e-01   2.0689296e-01   4.1379498e-01
   2.0689671e-01   5.1724127e-01   2.7586201e-01
   1.7241059e-01   4.4827922e-01   3.7931019e-01
   1.0344820e-01   5.8620724e-01   3.1034456e-01
   8.0769328e-01   1.9230672e-01   0.0000000e+00
   1.0344820e-01   2.4137881e-01   6.5517299e-01
   4.4827472e-01   1.3793141e-01   4.1379388e-01
   6.8961803e-02   4.4827483e-01   4.8276337e-01
   3.1034183e-01   2.4138077e-01   4.4827740e-01
   9.6804840e-05   9.6661983e-05   9.9980653e-01
