   2.7586179e-01   2.4137940e-01   4.8275881e-01
   4.1379305e-01   2.7586217e-01   3.1034479e-01
   6.8965689e-02   6.2068871e-01   3.1034560e-01
   6.4280871e-01   1.0149357e-04   3.5708980e-01
   9.9772008e-05   9.9990023e-01   0.0000000e+00
   3.3332535e-02   9.6666747e-01   0.0000000e+00
   3.1034530e-01   2.7586096e-01   4.1379374e-01
   5.8620729e-01   1.0344768e-01   3.1034503e-01
   1.8518449e-01   8.1481551e-01   0.0000000e+00
   2.6923032e-01   7.3076968e-01   0.0000000e+00
   2.3076853e-01   7.6923147e-01   0.0000000e+00
   5.6666488e-01   4.3333512e-01   0.0000000e+00
   4.3333421e-01   5.6666579e-01   0.0000000e+00
   8.5714507e-01   1.4285493e-01   0.0000000e+00
   4.8147891e-01   5.1852109e-01   0.0000000e+00
   5.3333299e-01   4.6666701e-01   0.0000000e+00
   4.0000017e-01   5.9999983e-01   0.0000000e+00
   5.9999988e-01   4.0000012e-01   0.0000000e+00
   3.6666593e-01   6.3333407e-01   0.0000000e+00
   4.8275435e-01   2.0689826e-01   3.1034739e-01
   1.3793103e-01   2.7586207e-01   5.8620690e-01
   9.9990003e-01   9.9970470e-05   0.0000000e+00
   7.4989775e-01   1.0225186e-04   2.5000000e-01
   2.0686635e-01   1.0339023e-04   7.9303026e-01
   5.5172675e-01   6.8961116e-02   3.7931214e-01
   1.0227288e-01   6.4772712e-01   2.5000000e-01
   9.6666991e-01   3.3330092e-02   0.0000000e+00
   3.3334879e-02   2.0000974e-01   7.6665538e-01
   1.0000036e-01   8.9999964e-01   0.0000000e+00
   1.0342798e-04   6.8958386e-01   3.1031271e-01
   6.1363500e-01   1.3636500e-01   2.5000000e-01
   3.1999831e-01   6.8000169e-01   0.0000000e+00
   6.6666000e-02   9.3333400e-01   0.0000000e+00
   8.0769250e-01   1.9230750e-01   0.0000000e+00
   6.6666675e-02   9.9999942e-02   8.3333338e-01
   1.0078276e-04   5.7136838e-01   4.2853084e-01
   5.4545454e-01   2.0454546e-01   2.5000000e-01
   9.3333348e-01   6.6666521e-02   0.0000000e+00
   7.3333235e-01   2.6666765e-01   0.0000000e+00
   1.0344813e-01   4.8275870e-01   4.1379317e-01
   1.0222053e-04   7.4989778e-01   2.5000000e-01
   4.1375029e-01   1.0343007e-04   5.8614628e-01
   2.8571552e-01   4.6428448e-01   2.5000000e-01
   3.7931040e-01   6.8965381e-02   5.5172422e-01
   2.4137870e-01   4.1379344e-01   3.4482786e-01
   7.6667028e-01   2.3332972e-01   0.0000000e+00
   9.9848035e-05   1.6665014e-01   8.3325001e-01
   3.4480784e-02   5.8620810e-01   3.7931112e-01
   1.7241330e-01   4.4827613e-01   3.7931057e-01
   4.6661995e-01   9.9978190e-05   5.3328007e-01
   3.1034549e-01   1.3793091e-01   5.5172361e-01
   2.7585920e-01   3.4482896e-01   3.7931184e-01
   3.9953292e-01   1.6679651e-01   4.3367057e-01
   2.0689650e-01   2.4137948e-01   5.5172401e-01
   1.3793079e-01   8.6206921e-01   0.0000000e+00
   6.4285713e-01   3.5714287e-01   0.0000000e+00
   1.0082970e-04   4.2851922e-01   5.7137995e-01
   6.9230769e-01   3.0769231e-01   0.0000000e+00
   4.1379380e-01   1.0344676e-01   4.8275944e-01
   1.0337433e-04   3.4479192e-01   6.5510471e-01
   1.7241375e-01   1.0344793e-01   7.2413832e-01
   5.5166710e-01   1.0341469e-04   4.4822948e-01
   4.7727252e-01   2.7272748e-01   2.5000000e-01
   3.1034506e-01   3.7931022e-01   3.1034472e-01
   1.0344718e-01   3.7931072e-01   5.1724210e-01
   1.0343474e-04   4.8270892e-01   5.1718764e-01
   1.3333341e-01   3.3332806e-02   8.3333379e-01
   1.3793104e-01   5.8620540e-01   2.7586356e-01
   3.4482560e-01   3.1034577e-01   3.4482863e-01
   1.7241379e-01   3.4482759e-01   4.8275862e-01
   1.0000373e-01   1.3334089e-01   7.6665538e-01
   3.7931063e-01   2.4137874e-01   3.7931063e-01
   3.4479185e-01   1.0343655e-04   6.5510471e-01
   2.4138034e-01   3.1034189e-01   4.4827777e-01
   1.3793111e-01   4.1379280e-01   4.4827610e-01
   4.4827811e-01   1.3792673e-01   4.1379516e-01
   8.9999497e-01   1.0000503e-01   0.0000000e+00
   6.8961727e-02   4.4827768e-01   4.8276059e-01
   3.4481534e-02   5.1724204e-01   4.4827643e-01
   2.0454679e-01   5.4545321e-01   2.5000000e-01
   3.9285521e-01   3.5714479e-01   2.5000000e-01
   1.3792846e-01   5.1724293e-01   3.4482861e-01
   1.7241390e-01   1.7241313e-01   6.5517296e-01
   2.0689275e-01   3.7931216e-01   4.1379509e-01
   3.4482781e-01   2.0689605e-01   4.4827615e-01
   2.7583352e-01   1.0339185e-04   7.2406309e-01
   6.8965427e-02   3.1034506e-01   6.2068951e-01
   4.8275947e-01   6.8963875e-02   4.4827665e-01
   2.7586217e-01   1.0344832e-01   6.2068951e-01
   1.0343178e-04   2.7583348e-01   7.2406309e-01
   3.3331008e-02   3.3330852e-02   9.3333814e-01
   6.8965703e-01   3.4479405e-02   2.7586356e-01
   2.0689986e-01   4.8275660e-01   3.1034354e-01
   2.4137952e-01   1.7241309e-01   5.8620740e-01
   2.4137675e-01   6.8962694e-02   6.8966056e-01
   1.0344648e-01   2.0689296e-01   6.8966056e-01
   5.1724229e-01   1.3792951e-01   3.4482819e-01
   9.9988915e-02   8.7508553e-05   8.9992358e-01
   8.6330829e-05   9.9990093e-02   8.9992358e-01
   8.6547720e-05   9.2594535e-05   9.9982086e-01
