   9.6666713e-01   3.3332869e-02   0.0000000e+00
   3.6666698e-01   6.3333302e-01   0.0000000e+00
   4.4827712e-01   1.3792861e-01   4.1379427e-01
   7.6666645e-01   2.3333355e-01   0.0000000e+00
   6.6666858e-02   1.0000029e-01   8.3333285e-01
   8.0769285e-01   1.9230715e-01   0.0000000e+00
   6.4285877e-01   3.5714123e-01   0.0000000e+00
   9.9990005e-01   9.9953738e-05   0.0000000e+00
   1.3635929e-01   6.1364066e-01   2.5000005e-01
   4.4827805e-01   2.4137834e-01   3.1034361e-01
   3.7500005e-01   3.7499990e-01   2.5000005e-01
   6.0000019e-01   3.9999981e-01   0.0000000e+00
   3.3332196e-02   9.6666780e-01   0.0000000e+00
   2.4137911e-01   4.4827630e-01   3.1034459e-01
   3.1034590e-01   1.3792859e-01   5.5172550e-01
   3.9999998e-01   6.0000002e-01   0.0000000e+00
   2.6923105e-01   7.3076895e-01   0.0000000e+00
   6.6666318e-02   2.3333596e-01   6.9999772e-01
   8.5714401e-01   1.4285599e-01   0.0000000e+00
   5.3333384e-01   4.6666616e-01   0.0000000e+00
   7.3076927e-01   2.6923073e-01   0.0000000e+00
   2.0689825e-01   2.4137624e-01   5.5172550e-01
   3.4482545e-02   3.1034286e-01   6.5517460e-01
   5.5172427e-01   1.7241359e-01   2.7586214e-01
   3.3563960e-02   4.2940310e-01   5.3703294e-01
   5.1724060e-01   3.4482811e-02   4.4827659e-01
   1.0000002e-01   8.9999998e-01   0.0000000e+00
   3.2000176e-01   6.7999824e-01   0.0000000e+00
   6.6664322e-02   9.3333568e-01   0.0000000e+00
   1.3793142e-01   8.6206858e-01   0.0000000e+00
   5.6666851e-01   4.3333149e-01   0.0000000e+00
   4.8147930e-01   5.1852070e-01   0.0000000e+00
   2.7586201e-01   2.0689657e-01   5.1724142e-01
   1.3792852e-01   3.1034598e-01   5.5172550e-01
   6.5517801e-01   6.8957568e-02   2.7586442e-01
   1.8518516e-01   8.1481484e-01   0.0000000e+00
   3.7931259e-01   1.0344303e-01   5.1724438e-01
   1.0343543e-04   2.7583284e-01   7.2406373e-01
   8.9999990e-01   1.0000010e-01   0.0000000e+00
   3.4482768e-01   3.4482754e-01   3.1034479e-01
   4.3333384e-01   5.6666616e-01   0.0000000e+00
   1.0341737e-04   5.8614636e-01   4.1375023e-01
   6.8965566e-01   3.1034434e-01   0.0000000e+00
   6.8960419e-02   3.4482954e-01   5.8621004e-01
   1.0340992e-04   6.5510465e-01   3.4479194e-01
   2.0689662e-01   3.1034495e-01   4.8275843e-01
   9.9958488e-05   9.9990004e-01   0.0000000e+00
   4.6423787e-01   1.0043641e-04   5.3566169e-01
   1.6667395e-01   6.6669630e-02   7.6665642e-01
   1.0222408e-04   7.4989772e-01   2.5000005e-01
   7.4989769e-01   1.0225733e-04   2.5000005e-01
   9.9978227e-05   4.9994955e-01   4.9995047e-01
   1.7240923e-01   5.5172718e-01   2.7586359e-01
   2.4137794e-01   3.4475839e-02   7.2414622e-01
   2.7586330e-01   1.0344428e-01   6.2069243e-01
   3.1034487e-01   3.1034474e-01   3.7931039e-01
   5.7137361e-01   1.0079355e-04   4.2852559e-01
   1.0344192e-01   1.3792325e-01   7.5863484e-01
   9.9806915e-05   1.3331988e-01   8.6658031e-01
   2.0689287e-01   4.1379503e-01   3.7931210e-01
   1.0025887e-01   4.6787624e-01   4.3186490e-01
   1.3785291e-01   3.7966350e-01   4.8248359e-01
   1.3332001e-01   9.9679893e-05   8.6658031e-01
   3.4482513e-01   2.4138021e-01   4.1379466e-01
   4.8276109e-01   1.7240955e-01   3.4482935e-01
   4.1379306e-01   3.1034490e-01   2.7586204e-01
   3.7931072e-01   2.7586136e-01   3.4482792e-01
   9.3333401e-01   6.6665993e-02   0.0000000e+00
   4.3198590e-01   1.0023575e-01   4.6777835e-01
   6.6664058e-02   3.3332010e-02   9.0000393e-01
   5.5172698e-01   1.0344366e-01   3.4482936e-01
   1.0344765e-01   2.7586226e-01   6.2069009e-01
   2.4137941e-01   1.7241341e-01   5.8620718e-01
   3.1031271e-01   1.0341419e-04   6.8958388e-01
   3.4482780e-01   1.7241377e-01   4.8275843e-01
   5.0065942e-01   2.4934053e-01   2.5000005e-01
   2.7586210e-01   2.7586199e-01   4.4827592e-01
   3.7927112e-01   1.0333862e-04   6.2062554e-01
   1.7241413e-01   2.0689499e-01   6.2069087e-01
   1.7241295e-01   4.8275912e-01   3.4482793e-01
   2.3076981e-01   7.6923019e-01   0.0000000e+00
   2.7586168e-01   3.7931055e-01   3.4482776e-01
   2.4944984e-01   5.0055010e-01   2.5000005e-01
   6.2069179e-01   3.4479437e-02   3.4482878e-01
   1.0342953e-04   3.7927103e-01   6.2062554e-01
   3.4482505e-01   6.8961912e-02   5.8621304e-01
   2.4137545e-01   3.4482934e-01   4.1379521e-01
   1.0343253e-04   2.0687400e-01   7.9302257e-01
   6.8958394e-01   1.0341040e-04   3.1031265e-01
   4.1379315e-01   2.0689646e-01   3.7931039e-01
   6.1363555e-01   1.3636440e-01   2.5000005e-01
   3.4473924e-02   6.8966148e-01   2.7586459e-01
   2.0689654e-01   1.0344821e-01   6.8965525e-01
   6.8960161e-02   5.5172667e-01   3.7931317e-01
   3.1034525e-01   4.1379326e-01   2.7586150e-01
   1.9997996e-01   9.9733556e-05   7.9992030e-01
   3.5303403e-05   6.6644679e-02   9.3332002e-01
   1.0344566e-01   5.8620861e-01   3.1034573e-01
   1.3793106e-01   1.7241369e-01   6.8965525e-01
   9.9910775e-05   9.7911701e-05   9.9980218e-01
