   3.3333727e-02   9.6666627e-01   0.0000000e+00
   5.6666481e-01   4.3333519e-01   0.0000000e+00
   1.0226825e-01   6.4773174e-01   2.5000000e-01
   9.9999769e-02   3.3332977e-02   8.6666725e-01
   6.6667818e-02   9.3333218e-01   0.0000000e+00
   6.3333583e-01   3.6666417e-01   0.0000000e+00
   1.0344788e-01   4.8275885e-01   4.1379328e-01
   3.4480851e-02   5.1724318e-01   4.4827597e-01
   7.6667485e-01   2.3332515e-01   0.0000000e+00
   2.3333042e-01   7.6666958e-01   0.0000000e+00
   3.1034450e-01   3.1034497e-01   3.7931052e-01
   9.9936749e-05   9.9990006e-01   0.0000000e+00
   4.6660561e-01   9.9911162e-05   5.3329448e-01
   3.1034387e-01   6.8965613e-01   0.0000000e+00
   1.0000029e-01   1.3333313e-01   7.6666658e-01
   5.1851993e-01   4.8148007e-01   0.0000000e+00
   2.0689843e-01   2.7586333e-01   5.1723824e-01
   9.9921642e-05   1.6665114e-01   8.3324894e-01
   3.4482740e-01   3.4482792e-01   3.1034468e-01
   6.8000115e-01   3.1999885e-01   0.0000000e+00
   7.3076424e-01   2.6923576e-01   0.0000000e+00
   3.4468516e-02   6.5518209e-01   3.1034939e-01
   3.7930960e-01   2.7586241e-01   3.4482799e-01
   1.0000315e-01   8.9999685e-01   0.0000000e+00
   5.0119258e-01   3.3412774e-02   4.6539464e-01
   1.3333504e-01   6.6667488e-02   7.9999747e-01
   9.6667215e-01   3.3327855e-02   0.0000000e+00
   9.9990021e-01   9.9791973e-05   0.0000000e+00
   3.4479223e-01   1.0341720e-04   6.5510436e-01
   3.7930938e-01   1.7241465e-01   4.4827597e-01
   4.6666821e-01   5.3333179e-01   0.0000000e+00
   2.4135062e-01   1.0326972e-04   7.5854611e-01
   1.0329111e-04   6.2062549e-01   3.7927122e-01
   1.0199509e-04   7.4989800e-01   2.5000000e-01
   2.7586181e-01   2.7586222e-01   4.4827597e-01
   5.7384412e-01   6.7510322e-02   3.5864556e-01
   7.4989782e-01   1.0217467e-04   2.5000000e-01
   3.9999886e-01   6.0000114e-01   0.0000000e+00
   1.7241086e-01   4.1379457e-01   4.1379457e-01
   1.4284836e-01   8.5715164e-01   0.0000000e+00
   7.9999879e-01   2.0000121e-01   0.0000000e+00
   9.9951584e-05   2.3331057e-01   7.6658947e-01
   5.9999840e-01   4.0000160e-01   0.0000000e+00
   6.5510480e-01   1.0338309e-04   3.4479181e-01
   3.5713926e-01   6.4286074e-01   0.0000000e+00
   2.4137815e-01   3.4482812e-01   4.1379374e-01
   6.1363473e-01   1.3636526e-01   2.5000000e-01
   9.9947369e-05   4.9994414e-01   4.9995591e-01
   2.7586012e-01   3.7931137e-01   3.4482851e-01
   3.8040106e-01   1.0326599e-01   5.1633295e-01
   8.9999870e-01   1.0000130e-01   0.0000000e+00
   1.7241015e-01   1.0344638e-01   7.2414347e-01
   5.5172281e-01   1.7241430e-01   2.7586288e-01
   1.0323193e-04   4.1375031e-01   5.8614645e-01
   2.7586142e-01   1.0344837e-01   6.2069021e-01
   3.3333037e-02   9.9999709e-02   8.6666725e-01
   2.0689538e-01   4.4827652e-01   3.4482809e-01
   4.1379314e-01   2.0689647e-01   3.7931038e-01
   4.3333276e-01   5.6666724e-01   0.0000000e+00
   4.8276063e-01   1.7241034e-01   3.4482902e-01
   1.9230947e-01   8.0769053e-01   0.0000000e+00
   4.2857287e-01   3.2142712e-01   2.5000000e-01
   1.7240957e-01   5.5172697e-01   2.7586346e-01
   3.4477885e-02   3.4482911e-01   6.2069301e-01
   3.4482288e-01   2.4138105e-01   4.1379606e-01
   2.7586133e-01   3.4482768e-02   6.8965591e-01
   2.0689544e-01   1.3793121e-01   6.5517335e-01
   1.0344337e-01   4.1382272e-01   4.8273392e-01
   5.1136467e-01   2.3863533e-01   2.5000000e-01
   4.1379355e-01   3.4481442e-02   5.5172501e-01
   2.6923082e-01   7.3076918e-01   0.0000000e+00
   4.4827668e-01   1.3792947e-01   4.1379385e-01
   3.4482745e-01   6.8965490e-02   5.8620706e-01
   5.1724138e-01   1.0344828e-01   3.7931034e-01
   6.8965079e-01   3.4484487e-02   2.7586473e-01
   3.1034789e-01   1.7241384e-01   5.1723827e-01
   8.3333333e-01   1.6666667e-01   0.0000000e+00
   2.4137903e-01   2.0689663e-01   5.5172434e-01
   1.0343578e-01   5.8625596e-01   3.1030826e-01
   8.6666403e-01   1.3333597e-01   0.0000000e+00
   1.0334221e-04   3.1031564e-01   6.8958102e-01
   9.3333813e-01   6.6661871e-02   0.0000000e+00
   1.3793066e-01   3.1034496e-01   5.5172438e-01
   1.6665110e-01   9.9962492e-05   8.3324894e-01
   6.2069518e-01   6.8964507e-02   3.1034032e-01
   6.8965608e-02   3.7931029e-01   5.5172410e-01
   1.7241043e-01   3.4485608e-01   4.8273349e-01
   2.7586470e-01   4.4827058e-01   2.7586472e-01
   1.7241359e-01   2.0689638e-01   6.2069004e-01
   3.4090913e-01   4.0909086e-01   2.5000000e-01
   2.4718540e-01   5.0281459e-01   2.5000000e-01
   4.4827671e-01   2.4137890e-01   3.1034439e-01
   1.3792859e-01   5.1724285e-01   3.4482857e-01
   4.0413128e-05   6.6661967e-02   9.3329762e-01
   6.8963864e-02   2.0689283e-01   7.2414331e-01
   5.8614622e-01   1.0342880e-04   4.1375035e-01
   6.8960792e-02   5.5172706e-01   3.7931215e-01
   6.6652800e-02   4.9580258e-05   9.3329762e-01
   1.0344798e-01   2.4137865e-01   6.5517338e-01
   9.0742170e-05   6.7940768e-05   9.9984132e-01
