   6.3333450e-01   3.6666550e-01   0.0000000e+00
   1.0342708e-04   4.1375038e-01   5.8614619e-01
   2.4137598e-01   3.7931202e-01   3.7931200e-01
   4.1379823e-01   1.0344737e-01   4.8275440e-01
   1.0338684e-04   4.8270875e-01   5.1718786e-01
   6.8966062e-02   6.2068660e-01   3.1034733e-01
   1.8518075e-01   8.1481925e-01   0.0000000e+00
   5.1135718e-01   2.3864281e-01   2.5000001e-01
   1.3793094e-01   2.0689642e-01   6.5517264e-01
   1.0000115e-01   8.9999885e-01   0.0000000e+00
   1.3793092e-01   8.6206908e-01   0.0000000e+00
   4.9980815e-01   6.6693027e-02   4.3349883e-01
   6.0000128e-01   3.9999872e-01   0.0000000e+00
   1.7241423e-01   3.1034307e-01   5.1724270e-01
   2.3077017e-01   7.6922983e-01   0.0000000e+00
   1.3793108e-01   3.7931016e-01   4.8275876e-01
   5.1851890e-01   4.8148110e-01   0.0000000e+00
   4.4826999e-01   2.7586501e-01   2.7586500e-01
   7.4989775e-01   1.0224512e-04   2.5000001e-01
   1.7045629e-01   5.7954370e-01   2.5000001e-01
   3.1034596e-01   2.0689620e-01   4.8275783e-01
   9.3333462e-01   6.6665380e-02   0.0000000e+00
   1.3792080e-01   4.8276436e-01   3.7931484e-01
   9.0000037e-01   9.9999626e-02   0.0000000e+00
   1.0195356e-04   7.4989804e-01   2.5000001e-01
   9.9842859e-05   9.9990016e-01   0.0000000e+00
   1.0331764e-04   3.4479126e-01   6.5510542e-01
   5.5174326e-01   1.7240642e-01   2.7585032e-01
   5.5172416e-01   1.0344826e-01   3.4482758e-01
   9.9870150e-05   1.3331998e-01   8.6658015e-01
   1.0075199e-04   5.7137225e-01   4.2852700e-01
   6.6666667e-01   3.3333333e-01   0.0000000e+00
   2.7585894e-01   1.7241454e-01   5.5172652e-01
   1.0334422e-04   6.5510484e-01   3.4479181e-01
   4.0000000e-01   6.0000000e-01   0.0000000e+00
   7.6667078e-01   2.3332922e-01   0.0000000e+00
   4.8275967e-01   1.3792917e-01   3.7931117e-01
   9.6666997e-01   3.3330034e-02   0.0000000e+00
   2.4137993e-01   1.3792885e-01   6.2069122e-01
   2.6666682e-01   7.3333318e-01   0.0000000e+00
   8.5714512e-01   1.4285488e-01   0.0000000e+00
   7.3333304e-01   2.6666696e-01   0.0000000e+00
   3.9285466e-01   3.5714533e-01   2.5000001e-01
   2.0689805e-01   5.1723794e-01   2.7586401e-01
   6.5517251e-01   6.8965375e-02   2.7586211e-01
   4.6666806e-01   5.3333194e-01   0.0000000e+00
   3.4482822e-01   1.3792945e-01   5.1724234e-01
   3.0769321e-01   6.9230679e-01   0.0000000e+00
   3.1034483e-01   6.8965506e-02   6.2068966e-01
   3.3403949e-02   6.9935932e-01   2.6723673e-01
   5.6666633e-01   4.3333367e-01   0.0000000e+00
   1.0227282e-01   6.4772717e-01   2.5000001e-01
   5.5166658e-01   1.0341499e-04   4.4823000e-01
   2.0689828e-01   2.4137289e-01   5.5172883e-01
   3.3332135e-02   9.6666786e-01   0.0000000e+00
   3.4480768e-02   2.7586263e-01   6.8965660e-01
   6.8958395e-01   1.0335886e-04   3.1031269e-01
   2.4137968e-01   2.7586095e-01   4.8275937e-01
   4.6423706e-01   1.0038261e-04   5.3566256e-01
   4.3333349e-01   5.6666651e-01   0.0000000e+00
   2.0689408e-01   4.4827726e-01   3.4482866e-01
   6.9999995e-01   3.0000005e-01   0.0000000e+00
   6.6669679e-02   4.6666390e-01   4.6666642e-01
   6.6666842e-02   1.0000026e-01   8.3333290e-01
   1.3792451e-01   6.8962256e-02   7.9311323e-01
   6.1363636e-01   1.3636364e-01   2.5000001e-01
   4.8275682e-01   2.0689585e-01   3.1034733e-01
   3.5714474e-01   6.4285526e-01   0.0000000e+00
   3.7927139e-01   1.0337537e-04   6.2062524e-01
   9.9990008e-01   9.9917315e-05   0.0000000e+00
   1.7241481e-01   4.1379080e-01   4.1379440e-01
   1.0344554e-01   5.5172582e-01   3.4482864e-01
   1.0334697e-04   2.4135866e-01   7.5853799e-01
   1.0344768e-01   1.7241296e-01   7.2413936e-01
   2.8570724e-01   4.6429275e-01   2.5000001e-01
   1.7241325e-01   1.3793112e-01   6.8965562e-01
   1.0344796e-01   2.7586228e-01   6.2068976e-01
   6.6663372e-02   9.3333663e-01   0.0000000e+00
   8.0769295e-01   1.9230705e-01   0.0000000e+00
   3.3333321e-02   1.6666655e-01   8.0000013e-01
   3.7931116e-01   1.7241169e-01   4.4827715e-01
   1.6664949e-01   9.9392728e-05   8.3325112e-01
   3.1034643e-01   4.1379035e-01   2.7586322e-01
   2.0689646e-01   3.4482776e-01   4.4827578e-01
   6.8960563e-02   4.1379531e-01   5.1724413e-01
   2.3330812e-01   9.8140379e-05   7.6659374e-01
   3.7931122e-01   6.8963377e-02   5.5172540e-01
   6.2062537e-01   1.0342893e-04   3.7927120e-01
   3.7931041e-01   2.7586208e-01   3.4482751e-01
   2.7586213e-01   3.4482647e-02   6.8965522e-01
   2.9997159e-01   9.2316826e-05   6.9993609e-01
   3.4482586e-01   2.4138003e-01   4.1379411e-01
   2.7586136e-01   3.1034447e-01   4.1379416e-01
   2.0689488e-01   6.8965762e-02   7.2413936e-01
   9.9989091e-02   9.5833151e-05   8.9991508e-01
   9.0079678e-05   9.6449738e-05   9.9981347e-01
   4.1379310e-01   2.0689655e-01   3.7931035e-01
   6.8965193e-02   3.4482989e-01   5.8620492e-01
   5.1280377e-05   6.6661136e-02   9.3328758e-01
   3.1034573e-01   3.4482564e-01   3.4482863e-01
