   3.7931019e-01   1.3793077e-01   4.8275904e-01
   1.0333817e-04   6.5510470e-01   3.4479196e-01
   2.6666654e-01   7.3333346e-01   0.0000000e+00
   1.0290944e-04   3.4479510e-01   6.5510199e-01
   6.4285986e-01   3.5714014e-01   0.0000000e+00
   4.9994118e-01   9.9577967e-05   4.9995925e-01
   9.9999934e-02   9.0000007e-01   0.0000000e+00
   4.0000092e-01   5.9999908e-01   0.0000000e+00
   1.7241304e-01   4.8275907e-01   3.4482789e-01
   9.3333421e-01   6.6665793e-02   0.0000000e+00
   3.1034553e-01   4.1379444e-01   2.7586003e-01
   3.1034548e-01   1.7241211e-01   5.1724241e-01
   2.3333113e-01   7.6666887e-01   0.0000000e+00
   8.1481475e-01   1.8518525e-01   0.0000000e+00
   3.4480488e-02   5.8620827e-01   3.7931124e-01
   5.9259352e-01   4.0740648e-01   0.0000000e+00
   3.3330023e-02   9.6666998e-01   0.0000000e+00
   1.3792933e-01   2.4137633e-01   6.2069435e-01
   4.2922421e-01   3.3573781e-02   5.3720201e-01
   1.3792404e-01   4.4827951e-01   4.1379645e-01
   2.0687451e-01   1.0340992e-04   7.9302208e-01
   3.4482281e-02   3.7931062e-01   5.8620710e-01
   4.4827669e-01   2.0689509e-01   3.4482822e-01
   3.7931464e-01   2.4137409e-01   3.7931127e-01
   9.9839560e-05   9.9990016e-01   0.0000000e+00
   1.7241371e-01   1.0344837e-01   7.2413792e-01
   6.9230650e-01   3.0769350e-01   0.0000000e+00
   1.0318897e-04   5.5166634e-01   4.4823047e-01
   2.0689653e-01   2.0689653e-01   5.8620693e-01
   1.9230681e-01   8.0769319e-01   0.0000000e+00
   1.0000064e-01   2.0000158e-01   6.9999778e-01
   1.0041086e-04   4.6423889e-01   5.3566070e-01
   9.9990040e-01   9.9598858e-05   0.0000000e+00
   6.2068964e-01   6.8965185e-02   3.1034518e-01
   6.9915327e-01   3.3427308e-02   2.6741942e-01
   6.6665255e-02   9.3333475e-01   0.0000000e+00
   1.4285688e-01   8.5714312e-01   0.0000000e+00
   1.0144385e-04   7.4989855e-01   2.5000001e-01
   5.2112401e-01   3.5512719e-01   1.3359736e-01
   4.4827987e-01   1.0344140e-01   4.4827872e-01
   5.7954373e-01   1.7045626e-01   2.5000001e-01
   1.0331870e-04   2.7583332e-01   7.2406336e-01
   9.6666688e-01   3.3333115e-02   0.0000000e+00
   3.3331134e-02   1.0000011e-01   8.6666875e-01
   5.5172549e-01   6.8963239e-02   3.7931127e-01
   2.7272727e-01   4.7727272e-01   2.5000001e-01
   1.0000108e-01   6.6667390e-02   8.3333153e-01
   1.7241379e-01   1.7241379e-01   6.5517242e-01
   3.3469169e-02   6.9876638e-01   2.6776445e-01
   1.0000039e-01   1.3333399e-01   7.6666562e-01
   4.1379309e-01   2.7586208e-01   3.1034484e-01
   1.3793110e-01   5.5172402e-01   3.1034487e-01
   2.4138162e-01   6.8964612e-02   6.8965377e-01
   3.4482727e-01   2.0689665e-01   4.4827607e-01
   4.4444139e-01   5.5555861e-01   0.0000000e+00
   5.3572750e-01   4.6427250e-01   0.0000000e+00
   7.6923249e-01   2.3076751e-01   0.0000000e+00
   3.3333388e-02   2.0000099e-01   7.6666562e-01
   1.0226811e-01   6.4773188e-01   2.5000001e-01
   3.7927427e-01   1.0340433e-04   6.2062233e-01
   2.4137930e-01   2.4137930e-01   5.1724141e-01
   9.9943834e-05   1.6665414e-01   8.3324591e-01
   7.4989816e-01   1.0183375e-04   2.5000001e-01
   2.7586375e-01   3.7930819e-01   3.4482806e-01
   2.7586216e-01   1.3792951e-01   5.8620833e-01
   6.6671536e-02   5.0000880e-01   4.3331966e-01
   5.1723709e-01   1.3793183e-01   3.4483108e-01
   6.4773060e-01   1.0226939e-01   2.5000001e-01
   5.8614621e-01   1.0322457e-04   4.1375056e-01
   8.9999958e-01   1.0000042e-01   0.0000000e+00
   2.7586210e-01   2.7586210e-01   4.4827581e-01
   6.6654535e-02   8.5241539e-05   9.3326022e-01
   5.1724393e-01   2.0689604e-01   2.7586003e-01
   3.1034483e-01   3.1034483e-01   3.7931035e-01
   2.0689633e-01   4.1379326e-01   3.7931042e-01
   6.8965470e-02   6.2068969e-01   3.1034484e-01
   3.1034500e-01   3.4482489e-02   6.5517251e-01
   7.3333363e-01   2.6666637e-01   0.0000000e+00
   8.6206960e-01   1.3793040e-01   0.0000000e+00
   1.0344124e-01   3.4482959e-01   5.5172917e-01
   6.5510480e-01   1.0324144e-04   3.4479196e-01
   2.7583336e-01   1.0328833e-04   7.2406336e-01
   3.4482449e-01   1.0344635e-01   5.5172916e-01
   4.7726845e-01   2.7273154e-01   2.5000001e-01
   2.4137868e-01   3.4482635e-01   4.1379496e-01
   3.9285787e-01   3.5714212e-01   2.5000001e-01
   6.8965536e-02   2.7586195e-01   6.5517251e-01
   2.0454868e-01   5.4545131e-01   2.5000001e-01
   3.4482759e-01   3.4482759e-01   3.1034483e-01
   3.5714213e-01   6.4285787e-01   0.0000000e+00
   3.0769209e-01   6.9230791e-01   0.0000000e+00
   4.8232999e-01   4.8776988e-01   3.0646885e-02
   1.3332383e-01   4.9625280e-05   8.6662655e-01
   1.7241226e-01   3.7931122e-01   4.4827652e-01
   1.7241344e-01   3.1034519e-01   5.1724137e-01
   1.0344825e-01   4.1379271e-01   4.8275904e-01
   4.1379452e-01   1.7241063e-01   4.1379485e-01
   9.4907210e-05   9.1640136e-05   9.9981345e-01
   8.2382737e-05   6.6657394e-02   9.3326022e-01
   2.4137669e-01   4.4827910e-01   3.1034421e-01
