   9.0000080e-01   9.9999198e-02   0.0000000e+00
   3.5714279e-01   6.4285721e-01   0.0000000e+00
   8.5714918e-01   1.4285082e-01   0.0000000e+00
   9.6666695e-01   3.3333052e-02   0.0000000e+00
   1.0073502e-04   4.2852661e-01   5.7137266e-01
   4.6662131e-01   9.9976601e-05   5.3327871e-01
   4.6428505e-01   2.8571464e-01   2.5000031e-01
   8.0769206e-01   1.9230794e-01   0.0000000e+00
   9.9990022e-01   9.9778961e-05   0.0000000e+00
   6.6723708e-02   4.6620387e-01   4.6707242e-01
   1.4285748e-01   8.5714252e-01   0.0000000e+00
   9.9988864e-05   9.9990001e-01   0.0000000e+00
   2.0688040e-01   5.1727905e-01   2.7584055e-01
   3.9999808e-01   6.0000192e-01   0.0000000e+00
   7.3076933e-01   2.6923067e-01   0.0000000e+00
   2.6923841e-01   7.3076159e-01   0.0000000e+00
   6.8963888e-02   1.3792510e-01   7.9311102e-01
   5.0001279e-01   6.6662348e-02   4.3332486e-01
   6.6666522e-02   9.3333348e-01   0.0000000e+00
   1.9230614e-01   8.0769386e-01   0.0000000e+00
   6.2062533e-01   1.0329541e-04   3.7927138e-01
   9.3333576e-01   6.6664238e-02   0.0000000e+00
   1.0342117e-04   6.5510472e-01   3.4479186e-01
   6.8965758e-01   3.1034242e-01   0.0000000e+00
   1.7240965e-01   4.4827815e-01   3.7931220e-01
   7.6666450e-01   2.3333550e-01   0.0000000e+00
   1.7241394e-01   2.7586198e-01   5.5172408e-01
   6.8963507e-02   5.5172532e-01   3.7931117e-01
   1.3793024e-01   2.0689702e-01   6.5517274e-01
   3.4482750e-01   1.7241373e-01   4.8275877e-01
   2.4137109e-01   3.7931447e-01   3.7931444e-01
   5.3332712e-01   4.6667288e-01   0.0000000e+00
   3.1033550e-01   6.8966450e-01   0.0000000e+00
   6.4285574e-01   3.5714426e-01   0.0000000e+00
   2.4137950e-01   2.7586166e-01   4.8275884e-01
   5.1724141e-01   1.7241374e-01   3.1034485e-01
   3.1034558e-01   1.3792890e-01   5.5172552e-01
   2.4138001e-01   2.0689637e-01   5.5172363e-01
   3.1034424e-01   2.4137964e-01   4.4827613e-01
   1.7241312e-01   6.8965103e-02   7.5862178e-01
   3.4482706e-01   2.7586230e-01   3.7931064e-01
   5.5166682e-01   1.0337106e-04   4.4822981e-01
   2.4170840e-01   4.4752106e-01   3.1077054e-01
   2.7585681e-01   1.0344756e-01   6.2069563e-01
   1.3792960e-01   4.1379841e-01   4.4827199e-01
   5.8620721e-01   1.0344780e-01   3.1034499e-01
   4.1379313e-01   1.3793099e-01   4.4827588e-01
   3.7930874e-01   1.0344613e-01   5.1724513e-01
   3.3330333e-02   9.6666967e-01   0.0000000e+00
   2.3333315e-01   7.6666685e-01   0.0000000e+00
   3.7931040e-01   3.1034480e-01   3.1034480e-01
   2.7586041e-01   3.4478311e-02   6.8966128e-01
   3.1034619e-01   3.4482555e-01   3.4482825e-01
   1.0344756e-01   2.7586326e-01   6.2068918e-01
   6.8962943e-02   3.4483003e-01   5.8620702e-01
   3.4482701e-01   3.7931124e-01   2.7586175e-01
   1.0344755e-01   1.7241099e-01   7.2414146e-01
   5.7231732e-05   6.6661173e-02   9.3328160e-01
   9.9999982e-02   9.0000002e-01   0.0000000e+00
   1.0296930e-04   2.4135387e-01   7.5854316e-01
   2.8571504e-01   4.6428496e-01   2.5000000e-01
   3.4482746e-01   6.8965494e-02   5.8620705e-01
   3.4479267e-01   1.0335645e-04   6.5510397e-01
   1.0218675e-04   7.4989781e-01   2.5000000e-01
   1.0000953e-01   6.6673017e-02   8.3331745e-01
   4.8275865e-01   2.4137930e-01   2.7586206e-01
   4.4433275e-01   5.5557733e-01   9.3708549e-05
   1.0344844e-01   6.2068897e-01   2.7586259e-01
   2.3334740e-01   8.0866014e-05   7.6657174e-01
   1.7045939e-01   5.7954061e-01   2.5000000e-01
   4.4827806e-01   1.7240975e-01   3.7931220e-01
   5.7954204e-01   1.7045796e-01   2.5000000e-01
   5.9263341e-01   4.0736659e-01   0.0000000e+00
   2.7586185e-01   3.1034231e-01   4.1379584e-01
   1.0343321e-01   3.7932119e-01   5.1724560e-01
   1.0337174e-04   5.1718746e-01   4.8270917e-01
   2.0689601e-01   1.7241437e-01   6.2068962e-01
   4.0909015e-01   3.4090985e-01   2.5000000e-01
   3.7930884e-01   2.0689531e-01   4.1379584e-01
   6.5517652e-01   3.4478426e-02   3.1034505e-01
   5.1724132e-01   1.0344826e-01   3.7931041e-01
   4.9078568e-01   3.9520743e-01   1.2165346e-01
   1.6668460e-01   5.7646538e-05   8.3325775e-01
   4.8100391e-01   4.2242119e-01   9.9418159e-02
   7.4989776e-01   1.0223773e-04   2.5000000e-01
   3.3325867e-02   9.9992358e-02   8.6668178e-01
   2.0689249e-01   1.0344623e-01   6.8966128e-01
   9.7212473e-05   8.7960581e-05   9.9981483e-01
   6.8179712e-02   6.8182029e-01   2.5000000e-01
   4.5930135e-01   4.9187397e-01   4.9596907e-02
   4.1379429e-01   2.4137745e-01   3.4482825e-01
   1.0334785e-04   3.4479169e-01   6.5510496e-01
   2.0689779e-01   3.4482566e-01   4.4827654e-01
   1.3792593e-01   5.1724374e-01   3.4483033e-01
   1.0317189e-04   5.8614633e-01   4.1375050e-01
   3.4481121e-02   2.7585760e-01   6.8966128e-01
   9.9982617e-02   8.3467146e-05   8.9993392e-01
   9.3652560e-05   1.6664913e-01   8.3325722e-01
   4.1378470e-01   3.4482882e-02   5.5173242e-01
   6.4773502e-01   1.0226498e-01   2.5000000e-01
