   3.3330173e-02   9.6666983e-01   0.0000000e+00
   2.0689042e-01   5.1725566e-01   2.7585392e-01
   2.5000035e-01   4.9999928e-01   2.5000037e-01
   5.6666580e-01   4.3333420e-01   0.0000000e+00
   2.0689596e-01   4.4827620e-01   3.4482784e-01
   8.1481420e-01   1.8518580e-01   0.0000000e+00
   3.9999942e-01   6.0000058e-01   0.0000000e+00
   9.9908670e-05   9.9990009e-01   0.0000000e+00
   6.4285743e-01   3.5714257e-01   0.0000000e+00
   2.7586220e-01   1.7241340e-01   5.5172440e-01
   9.6666677e-01   3.3333228e-02   0.0000000e+00
   9.9990008e-01   9.9921109e-05   0.0000000e+00
   6.9230813e-01   3.0769187e-01   0.0000000e+00
   3.5714271e-01   3.9285693e-01   2.5000037e-01
   3.1034438e-01   6.8965562e-01   0.0000000e+00
   1.9230727e-01   8.0769273e-01   0.0000000e+00
   8.6207796e-01   1.3792204e-01   0.0000000e+00
   1.0340859e-04   3.1031220e-01   6.8958439e-01
   9.0000018e-01   9.9999820e-02   0.0000000e+00
   2.3333129e-01   9.9977665e-05   7.6656873e-01
   2.7586179e-01   4.1379369e-01   3.1034451e-01
   3.7931085e-01   2.4137831e-01   3.7931084e-01
   2.6923040e-01   7.3076960e-01   0.0000000e+00
   3.1031220e-01   1.0340803e-04   6.8958439e-01
   5.0119554e-01   3.3413250e-02   4.6539121e-01
   4.4318318e-01   3.0681645e-01   2.5000037e-01
   6.1363556e-01   1.3636408e-01   2.5000037e-01
   1.0344161e-01   4.4827918e-01   4.4827921e-01
   7.3333180e-01   2.6666820e-01   0.0000000e+00
   6.8958389e-01   1.0339742e-04   3.1031271e-01
   1.0223924e-04   7.4989740e-01   2.5000037e-01
   4.6666961e-01   5.3333039e-01   0.0000000e+00
   1.0000006e-01   8.9999994e-01   0.0000000e+00
   3.4496504e-01   6.8950959e-02   5.8608401e-01
   5.1852227e-01   4.8147773e-01   0.0000000e+00
   4.3333345e-01   5.6666655e-01   0.0000000e+00
   2.3333296e-01   7.6666704e-01   0.0000000e+00
   1.0334020e-04   6.5510470e-01   3.4479196e-01
   7.6922986e-01   2.3077014e-01   0.0000000e+00
   1.0340644e-04   5.8614643e-01   4.1375016e-01
   1.3636470e-01   6.1363494e-01   2.5000037e-01
   1.0344769e-01   2.7586160e-01   6.2069071e-01
   1.3792982e-01   2.0689523e-01   6.5517495e-01
   5.5172191e-01   1.0344879e-01   3.4482930e-01
   3.4481363e-02   6.8965618e-01   2.7586246e-01
   1.3793117e-01   4.8275813e-01   3.7931071e-01
   4.1381228e-01   1.0344483e-01   4.8274289e-01
   1.0339103e-04   2.0687511e-01   7.9302150e-01
   2.0689683e-01   2.7586108e-01   5.1724209e-01
   3.4481586e-02   5.1724201e-01   4.4827641e-01
   6.8965545e-02   6.2068950e-01   3.1034495e-01
   5.5172423e-01   1.7241366e-01   2.7586211e-01
   4.8275915e-01   1.3793008e-01   3.7931076e-01
   1.3793118e-01   6.8965317e-02   7.9310350e-01
   1.7241324e-01   4.1379338e-01   4.1379338e-01
   7.4989739e-01   1.0224246e-04   2.5000037e-01
   9.3333447e-01   6.6665532e-02   0.0000000e+00
   3.5714178e-01   6.4285822e-01   0.0000000e+00
   4.4827608e-01   2.0689616e-01   3.4482776e-01
   4.6424226e-01   1.0039854e-04   5.3565734e-01
   1.0344805e-01   3.7931044e-01   5.1724151e-01
   4.1379310e-01   2.7586207e-01   3.1034483e-01
   1.4285633e-01   8.5714367e-01   0.0000000e+00
   3.7930992e-01   3.4482832e-01   2.7586176e-01
   1.6664998e-01   9.9838479e-05   8.3325018e-01
   9.9999757e-02   3.3333249e-02   8.6666699e-01
   3.4482770e-01   1.3793077e-01   5.1724153e-01
   5.7137020e-01   1.0077943e-04   4.2852902e-01
   2.0689646e-01   2.0689648e-01   5.8620705e-01
   9.9866689e-05   4.9995096e-01   4.9994917e-01
   1.6666780e-01   1.0000066e-01   7.3333155e-01
   1.0344830e-01   1.7241366e-01   7.2413804e-01
   6.6669245e-02   9.3333075e-01   0.0000000e+00
   2.4137912e-01   3.1034537e-01   4.4827551e-01
   3.4482717e-02   4.1379313e-01   5.5172416e-01
   1.3793024e-01   3.1034513e-01   5.5172463e-01
   6.8965138e-02   5.5172416e-01   3.7931070e-01
   6.8965633e-02   3.4482730e-01   5.8620707e-01
   1.3793098e-01   5.5172418e-01   3.1034485e-01
   6.5517589e-01   6.8960576e-02   2.7586353e-01
   2.3334346e-01   6.6669027e-02   6.9998751e-01
   1.7241380e-01   3.4482759e-01   4.8275862e-01
   3.4482760e-01   2.0689652e-01   4.4827588e-01
   4.1379239e-01   1.7241400e-01   4.1379361e-01
   6.0000000e-01   4.0000000e-01   0.0000000e+00
   2.7586427e-01   2.4137320e-01   4.8276254e-01
   2.0689503e-01   1.3793002e-01   6.5517495e-01
   6.2069163e-01   3.4479686e-02   3.4482869e-01
   3.1034395e-01   2.7586242e-01   4.1379363e-01
   1.0341529e-04   3.7927110e-01   6.2062549e-01
   3.2143306e-01   3.2143313e-01   3.5713380e-01
   2.7586209e-01   1.0344720e-01   6.2069071e-01
   5.0631882e-01   2.4368081e-01   2.5000037e-01
   3.7927110e-01   1.0341550e-04   6.2062549e-01
   2.4137858e-01   3.7931071e-01   3.7931071e-01
   9.9120366e-05   9.9989648e-02   8.9991123e-01
   3.4482777e-02   2.4137884e-01   7.2413838e-01
   3.3333458e-02   1.3333390e-01   8.3333264e-01
   6.6657981e-02   8.3759637e-05   9.3325826e-01
   8.3261673e-05   9.7029983e-05   9.9981971e-01
