   5.1851800e-01   4.8148200e-01   0.0000000e+00
   1.8518259e-01   8.1481741e-01   0.0000000e+00
   6.5516401e-01   3.4483599e-01   0.0000000e+00
   9.9990035e-01   9.9647726e-05   0.0000000e+00
   2.6666860e-01   7.3333140e-01   0.0000000e+00
   6.9999565e-01   3.0000435e-01   0.0000000e+00
   4.6666502e-01   6.6672055e-02   4.6666292e-01
   7.3333313e-01   2.6666687e-01   0.0000000e+00
   6.1363757e-01   1.3636243e-01   2.5000000e-01
   9.3333499e-01   6.6665010e-02   0.0000000e+00
   6.8964824e-02   5.5172454e-01   3.7931063e-01
   1.0309269e-04   3.7926809e-01   6.2062881e-01
   4.8276001e-01   1.3792861e-01   3.7931138e-01
   1.3332765e-01   6.6660169e-02   8.0001218e-01
   6.0713834e-01   3.9286166e-01   0.0000000e+00
   4.3333353e-01   5.6666647e-01   0.0000000e+00
   8.9999608e-01   1.0000392e-01   0.0000000e+00
   3.0769435e-01   6.9230565e-01   0.0000000e+00
   3.9285654e-01   3.5714346e-01   2.5000000e-01
   2.3076356e-01   7.6923644e-01   0.0000000e+00
   5.6666582e-01   4.3333418e-01   0.0000000e+00
   1.0337583e-04   3.1031162e-01   6.8958500e-01
   1.0200514e-04   7.4989799e-01   2.5000000e-01
   1.3792623e-01   8.6207377e-01   0.0000000e+00
   3.1034352e-01   2.0689716e-01   4.8275931e-01
   1.0344802e-01   1.7241344e-01   7.2413854e-01
   2.0000994e-01   3.3324906e-02   7.6666516e-01
   1.7240219e-01   5.5175431e-01   2.7584350e-01
   6.8964570e-02   3.4482768e-01   5.8620775e-01
   3.3329781e-02   9.6667022e-01   0.0000000e+00
   6.8964964e-02   2.7586224e-01   6.5517279e-01
   9.9954633e-05   5.6661195e-01   4.3328809e-01
   3.4483173e-01   2.4137423e-01   4.1379404e-01
   8.6206868e-01   1.3793132e-01   0.0000000e+00
   1.3792948e-01   5.1724234e-01   3.4482818e-01
   3.0683117e-01   4.4316883e-01   2.5000000e-01
   4.6666718e-01   5.3333282e-01   0.0000000e+00
   1.7241536e-01   2.0689074e-01   6.2069390e-01
   7.6923180e-01   2.3076820e-01   0.0000000e+00
   6.2069235e-01   3.4478601e-02   3.4482905e-01
   2.7583316e-01   1.0343454e-04   7.2406340e-01
   6.6668705e-02   9.3333130e-01   0.0000000e+00
   2.4137669e-01   3.7931178e-01   3.7931154e-01
   4.4827690e-01   2.0689471e-01   3.4482839e-01
   1.3636432e-01   6.1363568e-01   2.5000000e-01
   6.8958391e-01   1.0337631e-04   3.1031271e-01
   6.5514823e-01   6.8970362e-02   2.7588141e-01
   7.4989790e-01   1.0210428e-04   2.5000000e-01
   1.0340775e-04   6.5510465e-01   3.4479194e-01
   1.6666567e-01   1.0000097e-01   7.3333336e-01
   2.0689570e-01   1.3793145e-01   6.5517285e-01
   1.0344960e-01   3.7930220e-01   5.1724819e-01
   3.5714093e-01   6.4285907e-01   0.0000000e+00
   3.7931265e-01   6.8963522e-02   5.5172383e-01
   3.4479226e-02   6.8965780e-01   2.7586297e-01
   3.1034605e-01   1.0344454e-01   5.8620941e-01
   2.3863641e-01   5.1136359e-01   2.5000000e-01
   4.1379205e-01   1.7241408e-01   4.1379387e-01
   9.6666767e-01   3.3332334e-02   0.0000000e+00
   1.3792267e-01   4.1382751e-01   4.4824982e-01
   9.9865332e-05   9.9990013e-01   0.0000000e+00
   2.0689652e-01   3.4482765e-01   4.4827583e-01
   8.1482269e-01   1.8517731e-01   0.0000000e+00
   3.4479341e-01   1.0325689e-04   6.5510334e-01
   5.5172081e-01   1.0344862e-01   3.4483058e-01
   1.6665025e-01   9.8714389e-05   8.3325104e-01
   6.8964770e-02   4.4827646e-01   4.8275877e-01
   1.0000013e-01   8.9999987e-01   0.0000000e+00
   2.4138266e-01   6.8965065e-02   6.8965228e-01
   1.0344639e-01   4.8275965e-01   4.1379396e-01
   4.1374993e-01   1.0339339e-04   5.8614667e-01
   1.0294195e-04   2.4135665e-01   7.5854041e-01
   6.8964347e-02   1.3792949e-01   7.9310616e-01
   1.0338167e-04   4.8270886e-01   5.1718776e-01
   9.9999214e-02   3.3331689e-02   8.6666910e-01
   3.4481432e-02   4.1379474e-01   5.5172383e-01
   5.7136467e-01   1.0027220e-04   4.2853506e-01
   4.4827559e-01   2.7586221e-01   2.7586220e-01
   6.8965577e-02   6.2068932e-01   3.1034510e-01
   2.7586056e-01   4.1379439e-01   3.1034505e-01
   5.0370671e-01   2.4629329e-01   2.5000000e-01
   5.5172624e-01   1.7241079e-01   2.7586297e-01
   1.3793081e-01   2.7586321e-01   5.8620597e-01
   3.9999772e-01   6.0000228e-01   0.0000000e+00
   2.0689550e-01   4.8275933e-01   3.1034517e-01
   1.7241333e-01   3.1034660e-01   5.1724006e-01
   1.0000240e-01   2.3334047e-01   6.6665712e-01
   3.7931501e-01   2.7585390e-01   3.4483109e-01
   3.1034542e-01   3.1034354e-01   3.7931104e-01
   6.6643848e-02   6.6109619e-05   9.3329004e-01
   1.7240772e-01   4.4828062e-01   3.7931167e-01
   2.7586253e-01   2.7586086e-01   4.4827661e-01
   2.7586307e-01   1.7241310e-01   5.5172383e-01
   8.5085806e-05   9.9988554e-02   8.9992636e-01
   4.8270886e-01   1.0337655e-04   5.1718776e-01
   3.4482699e-01   3.4482870e-01   3.1034430e-01
   9.6500062e-05   7.8797160e-05   9.9982470e-01
   3.7933201e-01   1.3789367e-01   4.8277432e-01
   2.4137958e-01   2.4137849e-01   5.1724193e-01
   9.3121972e-05   1.6663898e-01   8.3326789e-01
