   9.6666671e-01   3.3333295e-02   0.0000000e+00
   1.3793141e-01   8.6206859e-01   0.0000000e+00
   4.6666774e-01   5.3333226e-01   0.0000000e+00
   8.1481715e-01   1.8518285e-01   0.0000000e+00
   3.3332845e-02   9.6666716e-01   0.0000000e+00
   1.0223214e-04   7.4989772e-01   2.5000005e-01
   9.9965822e-05   9.9990003e-01   0.0000000e+00
   3.4482773e-02   3.1034270e-01   6.5517453e-01
   9.9812311e-05   9.9991839e-02   8.9990835e-01
   3.0768721e-01   6.9231279e-01   0.0000000e+00
   9.9990053e-01   9.9466938e-05   0.0000000e+00
   7.3333673e-01   2.6666327e-01   0.0000000e+00
   4.6428452e-01   2.8571543e-01   2.5000005e-01
   6.8181796e-01   6.8181989e-02   2.5000005e-01
   1.0000287e-01   1.6667223e-01   7.3332490e-01
   3.4470094e-02   5.5173136e-01   4.1379854e-01
   1.7241292e-01   2.4137963e-01   5.8620744e-01
   6.6666471e-02   1.3333051e-01   8.0000302e-01
   2.0689579e-01   3.4482791e-01   4.4827631e-01
   6.6667493e-02   9.3333251e-01   0.0000000e+00
   9.9856196e-05   3.6663019e-01   6.3326995e-01
   5.5173614e-01   1.3792701e-01   3.1033685e-01
   9.9992648e-02   9.9003389e-05   8.9990835e-01
   5.6666111e-01   4.3333889e-01   0.0000000e+00
   9.9918527e-05   4.9994990e-01   4.9995019e-01
   4.4827500e-01   2.4138070e-01   3.1034430e-01
   3.3679104e-02   3.9369127e-01   5.7262963e-01
   2.6667161e-01   7.3332839e-01   0.0000000e+00
   1.8518478e-01   8.1481522e-01   0.0000000e+00
   2.4138431e-01   4.4826433e-01   3.1035136e-01
   4.1378647e-01   1.0344568e-01   4.8276785e-01
   5.1852169e-01   4.8147831e-01   0.0000000e+00
   3.7927241e-01   1.0313366e-04   6.2062446e-01
   2.4138384e-01   6.8964767e-02   6.8965139e-01
   3.5714168e-01   3.9285827e-01   2.5000005e-01
   1.0318380e-04   2.4135241e-01   7.5854440e-01
   2.3076995e-01   7.6923005e-01   0.0000000e+00
   2.4528352e-01   5.0471643e-01   2.5000005e-01
   6.0000095e-01   3.9999905e-01   0.0000000e+00
   8.6207245e-01   1.3792755e-01   0.0000000e+00
   3.1034470e-01   2.4137944e-01   4.4827586e-01
   2.7586261e-01   3.1034357e-01   4.1379382e-01
   7.4989773e-01   1.0221866e-04   2.5000005e-01
   6.5510468e-01   1.0343227e-04   3.4479189e-01
   4.8276397e-01   1.7240609e-01   3.4482994e-01
   3.5714334e-01   6.4285666e-01   0.0000000e+00
   6.9230714e-01   3.0769286e-01   0.0000000e+00
   9.3333553e-01   6.6664473e-02   0.0000000e+00
   5.1725241e-01   2.0688997e-01   2.7585761e-01
   1.7241296e-01   5.5172469e-01   2.7586234e-01
   1.0000033e-01   6.6666626e-02   8.3333304e-01
   2.7586203e-01   1.3793095e-01   5.8620702e-01
   6.8959256e-02   4.1379585e-01   5.1724490e-01
   2.7583282e-01   1.0337883e-04   7.2406380e-01
   1.0329362e-04   6.8958399e-01   3.1031271e-01
   1.0344743e-01   5.1724211e-01   3.7931046e-01
   6.4285774e-01   3.5714226e-01   0.0000000e+00
   2.4138083e-01   2.0689359e-01   5.5172558e-01
   5.7954870e-01   1.7045125e-01   2.5000005e-01
   1.3793052e-01   3.4482926e-01   5.1724021e-01
   1.0339959e-04   6.2062584e-01   3.7927076e-01
   4.9995000e-01   9.9810724e-05   4.9995019e-01
   2.0689677e-01   2.7586247e-01   5.1724076e-01
   3.7931194e-01   3.1034379e-01   3.1034428e-01
   1.0344862e-01   2.7586006e-01   6.2069131e-01
   1.3793020e-01   2.0689530e-01   6.5517449e-01
   5.8614549e-01   1.0335488e-04   4.1375116e-01
   2.0000603e-01   3.3334214e-02   7.6665975e-01
   9.0000019e-01   9.9999814e-02   0.0000000e+00
   1.6666776e-01   1.3333432e-01   6.9999792e-01
   4.3333222e-01   5.6666778e-01   0.0000000e+00
   4.1379315e-01   2.0689648e-01   3.7931037e-01
   3.1034487e-01   3.4482692e-02   6.5517244e-01
   4.4828115e-01   1.3792121e-01   4.1379764e-01
   3.1034478e-01   4.1379321e-01   2.7586201e-01
   4.0000000e-01   6.0000000e-01   0.0000000e+00
   5.3812626e-01   6.7265000e-02   3.9460874e-01
   3.7938868e-01   1.7239397e-01   4.4821736e-01
   1.7241638e-01   4.1378884e-01   4.1379478e-01
   1.3636346e-01   6.1363649e-01   2.5000005e-01
   7.6923086e-01   2.3076914e-01   0.0000000e+00
   3.4482684e-01   1.0344801e-01   5.5172515e-01
   1.7241347e-01   4.8275869e-01   3.4482784e-01
   4.1379403e-01   3.4480817e-02   5.5172515e-01
   2.4137788e-01   3.7931167e-01   3.7931045e-01
   3.4482740e-01   2.7586215e-01   3.7931045e-01
   1.3334327e-01   1.0000451e-01   7.6665221e-01
   1.0344515e-01   4.4827779e-01   4.4827706e-01
   3.1034476e-01   1.7241330e-01   5.1724194e-01
   6.6666321e-02   2.3333573e-01   6.9999795e-01
   1.6664993e-01   9.8640489e-05   8.3325143e-01
   3.1034479e-01   3.4482737e-01   3.4482784e-01
   6.2068987e-01   1.0344812e-01   2.7586201e-01
   9.9399463e-05   1.6664917e-01   8.3325143e-01
   3.3329328e-02   3.3285007e-02   9.3338566e-01
   6.8963236e-02   6.5517406e-01   2.7586270e-01
   6.8966235e-02   5.8620336e-01   3.4483040e-01
   1.0000065e-01   8.9999935e-01   0.0000000e+00
   9.7075705e-05   9.7051391e-05   9.9980587e-01
   2.0689655e-01   1.7241214e-01   6.2069131e-01
