   5.1136275e-01   2.3863704e-01   2.5000021e-01
   1.0031487e-04   5.3565579e-01   4.6424389e-01
   9.6666694e-01   3.3333060e-02   0.0000000e+00
   4.6423744e-01   1.0038350e-04   5.3566218e-01
   9.3333421e-01   6.6665793e-02   0.0000000e+00
   3.4483683e-01   6.5516317e-01   0.0000000e+00
   3.0000219e-01   6.9999781e-01   0.0000000e+00
   4.8147762e-01   5.1852238e-01   0.0000000e+00
   2.6666695e-01   7.3333305e-01   0.0000000e+00
   1.0328956e-04   6.8958439e-01   3.1031232e-01
   1.0340835e-04   6.2062548e-01   3.7927111e-01
   2.3076904e-01   7.6923096e-01   0.0000000e+00
   2.3333466e-01   3.3333103e-02   7.3333223e-01
   1.3332999e-01   9.9468543e-05   8.6657055e-01
   1.3792771e-01   8.6207229e-01   0.0000000e+00
   5.5172384e-01   1.7241423e-01   2.7586192e-01
   9.9418713e-05   9.9990058e-01   0.0000000e+00
   2.7585712e-01   4.4828573e-01   2.7585714e-01
   1.3636492e-01   6.1363487e-01   2.5000021e-01
   1.8518350e-01   8.1481650e-01   0.0000000e+00
   2.8571226e-01   3.5714253e-01   3.5714521e-01
   5.0239002e-01   6.6988800e-02   4.3062118e-01
   6.1362999e-01   1.3636980e-01   2.5000021e-01
   5.6666779e-01   4.3333221e-01   0.0000000e+00
   8.1481483e-01   1.8518517e-01   0.0000000e+00
   3.7927922e-01   1.0340743e-04   6.2061737e-01
   4.4827520e-01   1.7241400e-01   3.7931080e-01
   5.5166481e-01   1.0311743e-04   4.4823207e-01
   4.3333727e-01   5.6666273e-01   0.0000000e+00
   1.0326943e-04   2.7583291e-01   7.2406382e-01
   1.3792937e-01   5.1724240e-01   3.4482823e-01
   9.9990002e-01   9.9982418e-05   0.0000000e+00
   3.9286130e-01   6.0713870e-01   0.0000000e+00
   1.0338173e-04   3.4479096e-01   6.5510565e-01
   2.4137609e-01   3.1035365e-01   4.4827026e-01
   1.0200134e-04   7.4989779e-01   2.5000021e-01
   6.4285872e-01   3.5714128e-01   0.0000000e+00
   7.6923171e-01   2.3076829e-01   0.0000000e+00
   5.1724148e-01   1.3793088e-01   3.4482764e-01
   2.7586339e-01   1.7241421e-01   5.5172241e-01
   4.3046351e-01   1.0050639e-01   4.6903010e-01
   3.1034511e-01   1.0344752e-01   5.8620738e-01
   6.8965783e-01   3.4479060e-02   2.7586311e-01
   6.9230765e-01   3.0769235e-01   0.0000000e+00
   2.0689711e-01   1.7241361e-01   6.2068928e-01
   9.9948995e-05   9.9991112e-02   8.9990894e-01
   9.9815459e-05   4.3328835e-01   5.6661183e-01
   7.4989756e-01   1.0223231e-04   2.5000021e-01
   6.6666869e-02   9.3333313e-01   0.0000000e+00
   2.0690118e-01   4.4826350e-01   3.4483532e-01
   3.1034531e-01   2.4137868e-01   4.4827601e-01
   6.5510472e-01   1.0342203e-04   3.4479186e-01
   3.4090998e-01   4.0908981e-01   2.5000021e-01
   5.3333015e-01   4.6666985e-01   0.0000000e+00
   6.8966342e-02   6.5516826e-01   2.7586540e-01
   9.9075359e-05   1.6665030e-01   8.3325063e-01
   3.3334116e-02   9.6666588e-01   0.0000000e+00
   3.4482562e-01   1.7240628e-01   4.8276810e-01
   8.6206923e-01   1.3793077e-01   0.0000000e+00
   1.7241413e-01   2.4137786e-01   5.8620801e-01
   6.2068696e-01   6.8966224e-02   3.1034682e-01
   1.0344825e-01   1.7240096e-01   7.2415079e-01
   3.4482763e-02   3.7931019e-01   5.8620704e-01
   1.0343511e-01   3.7931638e-01   5.1724851e-01
   6.6666110e-02   1.3333517e-01   7.9999872e-01
   3.7930962e-01   3.1034614e-01   3.1034424e-01
   1.0000199e-01   8.9999801e-01   0.0000000e+00
   3.1034672e-01   3.7930930e-01   3.1034398e-01
   3.1031149e-01   1.0316015e-04   6.8958535e-01
   6.0000014e-01   3.9999986e-01   0.0000000e+00
   2.0689514e-01   1.0344618e-01   6.8965868e-01
   1.0344851e-01   3.1034328e-01   5.8620821e-01
   8.9999869e-01   1.0000131e-01   0.0000000e+00
   1.9997939e-01   9.9752791e-05   7.9992086e-01
   1.0344879e-01   4.8275554e-01   4.1379568e-01
   3.7931198e-01   6.8965615e-02   5.5172241e-01
   4.8275485e-01   2.0690262e-01   3.1034253e-01
   3.7931053e-01   2.0689380e-01   4.1379568e-01
   4.0909150e-01   3.4090829e-01   2.5000021e-01
   4.4827822e-01   2.7586088e-01   2.7586090e-01
   1.7241377e-01   3.1034564e-01   5.1724058e-01
   3.4482780e-01   2.7586140e-01   3.7931080e-01
   2.4137458e-01   2.4138097e-01   5.1724445e-01
   9.9999718e-02   6.6665919e-02   8.3333436e-01
   6.8961386e-02   5.8620950e-01   3.4482911e-01
   7.3333349e-01   2.6666651e-01   0.0000000e+00
   5.8621015e-01   3.4478507e-02   3.7931134e-01
   6.8961171e-02   2.4137952e-01   6.8965931e-01
   1.6666612e-01   6.6666591e-02   7.6666729e-01
   3.3333434e-02   1.9999928e-01   7.6666729e-01
   3.3411171e-02   4.6539498e-01   5.0119385e-01
   1.3793100e-01   4.1379183e-01   4.4827717e-01
   4.1379036e-01   2.4138052e-01   3.4482913e-01
   2.7586290e-01   6.8962893e-02   6.5517421e-01
   1.3793046e-01   2.0689537e-01   6.5517417e-01
   1.7241305e-01   5.5172468e-01   2.7586227e-01
   2.4077891e-01   5.0922089e-01   2.5000021e-01
   2.0689596e-01   3.7930836e-01   4.1379568e-01
   6.6662980e-02   2.1046257e-05   9.3331597e-01
   9.3235088e-05   8.5574664e-05   9.9982119e-01
