1.40283e-17 0.253167 0.746833
0.329427 0.546002 0.133392
4.91623e-17 0.887227 0.112773
3.00498e-17 0.542305 0.457695
2.03911e-17 0.367997 0.632003
0 0.0742887 0.925711
0 0.555612 0.444388
0 0.988883 0.0111167
0 0.264711 0.735289
4.43871e-17 0.801049 0.198951
2.86225e-17 0.516547 0.483453
0.692161 0.0644613 0.251407
0.399986 0.605909 0
0 0.230009 0.769991
0.394777 6.53053e-15 0.614178
1.65622e-17 0.298897 0.701103
4.98024e-17 0.898779 0.101221
2.91026e-17 0.525211 0.474789
3.8754e-17 0.69939 0.30061
2.95774e-17 0.53378 0.46622
4.08687e-17 0.737554 0.262446
2.52291e-17 0.455307 0.544693
0 0.0865637 0.913436
1 1.92069e-14 0
4.64708e-17 0.838654 0.161346
0 0.241601 0.758399
0 0.634994 0.365006
4.8519e-17 0.875617 0.124383
7.49184e-18 0.135205 0.864795
5.2942e-17 0.955439 0.0445607
2.42476e-17 0.437595 0.562405
0 0.661146 0.338854
5.47414e-18 0.0987912 0.901209
5.54112e-17 1 0
4.50835e-17 0.813617 0.186383
4.78381e-17 0.863329 0.136671
0 0.850951 0.149049
0 0.712112 0.287888
0.675854 0.328259 1.9976e-05
2.75217e-18 0.0496682 0.950332
3.29997e-17 0.595543 0.404457
0 0.507834 0.492166
0 0.499125 0.500875
0 0.344739 0.655261
0.403339 0.57026 0.0353463
5.04355e-17 0.910205 0.0897951
6.15111e-18 0.111008 0.888992
2.17044e-17 0.391696 0.608304
8.81794e-18 0.159136 0.840864
2.5717e-17 0.464112 0.535888
2.32541e-17 0.419664 0.580336
0 0.276122 0.723878
0.714819 0.0445775 0.250628
1.07918e-17 0.194758 0.805242
2.06561e-18 0.0372778 0.962722
4.01641e-17 0.724837 0.275163
0 0.481635 0.518365
0 0.977741 0.0222587
5.16961e-17 0.932955 0.067045
3.44604e-17 0.621903 0.378097
2.2742e-17 0.410422 0.589578
4.29835e-17 0.775718 0.224282
1.97453e-17 0.356342 0.643658
4.15734e-17 0.750271 0.249729
3.43634e-18 0.0620152 0.937985
0 0.310239 0.689761
2.3753e-17 0.428668 0.571332
8.15493e-18 0.147171 0.852829
0 0.123142 0.876858
2.22222e-17 0.401042 0.598958
8.06767e-29 1.38778e-16 1
0.71221 0 0.294049
1.14451e-17 0.206549 0.793451
0.704011 0.111121 0.211354
3.80477e-17 0.686644 0.313356
3.37324e-17 0.608766 0.391234
0 0.0248761 0.975124
5.10659e-17 0.92158 0.0784197
3.22682e-17 0.582341 0.417659
2.10499e-17 0.379885 0.620115
9.47645e-18 0.17102 0.82898
3.73413e-17 0.673894 0.326106
0 0.321757 0.678243
5.23171e-17 0.944161 0.0558394
0 0.218328 0.781672
2.47397e-17 0.446474 0.553526
4.36891e-17 0.788452 0.211548
2.71718e-17 0.490367 0.509633
1.0135e-17 0.182906 0.817094
1.84646e-17 0.333229 0.666771
2.62023e-17 0.472871 0.527129
0 0.648152 0.351848
0.683936 0.308687 0.0139592
5.35594e-17 0.966581 0.0334189
6.89716e-19 0.0124472 0.987553
1.59316e-17 0.287516 0.712484
4.22776e-17 0.762979 0.237021
0.713977 0.0118252 0.283035
3.15299e-17 0.569017 0.430983
0 0.826214 0.173786
