1.36264e-17 0.722808 0.277192
0 0.575609 0.424391
6.56711e-18 0.348351 0.651649
0 0.516068 0.483932
1.67427e-17 0.888112 0.111888
0 0.554515 0.445485
0 0.126204 0.873796
0.534577 0.476406 1.35812e-14
0 0.745646 0.254354
7.40271e-18 0.392675 0.607325
1.23423e-17 0.654692 0.345308
1.29807e-17 0.688556 0.311444
0 0.137115 0.862885
6.00811e-18 0.318699 0.681301
0 0.505385 0.494615
0.464274 0.0488689 0.497047
0.803595 0 0.20548
0.823294 0.160855 0.0238324
1.02715e-17 0.54485 0.45515
1.62843e-17 0.863794 0.136206
1.58277e-17 0.839575 0.160425
0.804227 0.00846225 0.197173
0 0.27423 0.72577
0 0.179711 0.820289
0 0.937429 0.0625706
0 0.792165 0.207835
0 0.333535 0.666465
8.71637e-18 0.462358 0.537642
0.459209 0.00627354 0.542694
0.458677 0 0.54833
1.86147e-17 0.987409 0.0125906
0.443724 0.565558 5.15134e-06
1.19191e-17 0.632247 0.367753
0 0.912735 0.0872647
8.33109e-18 0.44192 0.55808
0 0.780536 0.219464
0 0.158803 0.841197
1.56012e-17 0.82756 0.17244
1 5.10703e-15 0
0 0.200264 0.799736
0 0.407444 0.592556
1.34098e-17 0.711322 0.288678
0 0.494452 0.505548
0 0.598331 0.401669
4.15399e-18 0.220348 0.779652
8.14597e-18 0.432101 0.567899
1.53896e-18 0.0816337 0.918366
0.537632 0.443866 0.0352516
4.43005e-19 0.0234991 0.976501
1.44946e-17 0.768862 0.231138
6.64228e-19 0.0352338 0.964766
5.44963e-18 0.289074 0.710926
0 0.0117505 0.988249
0 0.525625 0.474375
0 0.422223 0.577777
2.78961e-18 0.147974 0.852026
4.33935e-18 0.23018 0.76982
4.61711e-18 0.244913 0.755087
0 0.962377 0.0376227
1.17061e-17 0.620947 0.379053
1.32091e-18 0.0700672 0.929933
0 0.949862 0.0501379
1.96103e-18 0.104022 0.895978
0 0.974886 0.0251137
1.51548e-17 0.803881 0.196119
1.53784e-17 0.815742 0.184258
8.51957e-18 0.451919 0.548081
6.84674e-18 0.363184 0.636816
1.21312e-17 0.643497 0.356503
9.11531e-18 0.483519 0.516481
1.10289e-18 0.0585028 0.941497
8.84733e-19 0.0469305 0.95307
0.926022 0 0.083974
1.06365e-17 0.564212 0.435788
0 0.472721 0.527279
0.820565 0.184093 0
1.00913e-17 0.535293 0.464707
0 0.303799 0.696201
0 0.169429 0.830571
1.75076e-18 0.0928686 0.907131
0 0.210427 0.789573
0 0.73418 0.26582
1.25555e-17 0.666002 0.333998
0 0.189999 0.810001
1.60554e-17 0.851657 0.148343
1.74395e-17 0.925073 0.0749272
0 0.377938 0.622062
2.16849e-18 0.115027 0.884973
0 1 1.11022e-16
1.65113e-17 0.87584 0.12416
0.462819 0.059612 0.484663
0 0.699939 0.300061
1.27676e-17 0.677253 0.322747
3.40616e-14 4.79167e-12 1
1.42758e-17 0.757254 0.242746
0 0.900431 0.0995694
0.196258 0.236377 0.583771
1.1493e-17 0.609641 0.390359
0 0.259616 0.740384
0 0.586984 0.413016
