0 0.721369 0.278631
1.86899e-17 0.699834 0.300166
0.775382 0.15851 0.0744457
0 0.546822 0.453178
0 0.535694 0.464306
7.76896e-18 0.290905 0.709095
1.17529e-17 0.732125 0.267875
0 0.753824 0.246176
0 0.412622 0.587378
0.777689 0.1875 0.0457723
0 0.0105243 0.989476
0 0.863589 0.136411
8.06296e-18 0.301913 0.698087
2.51018e-18 0.0939922 0.906008
3.05841e-18 0.114521 0.885479
0 0.580061 0.419939
0 0.886015 0.113985
2.52828e-17 0.689066 0.310934
0 0.841348 0.158652
0 0.446105 0.553895
2.69021e-18 0.0733198 0.92668
0 0.656626 0.343374
1.12203e-18 0.0420139 0.957986
4.22966e-18 0.158377 0.841623
3.60604e-18 0.22463 0.77537
0.775372 0.114992 0.117913
2.89649e-18 0.180431 0.819569
0 0.379205 0.620795
0 0.513375 0.486625
3.3337e-17 0.908577 0.091423
0 0.0210507 0.978949
1.71907e-17 0.468519 0.531481
0 0.919895 0.0801049
9.86395e-18 0.268835 0.731165
1.84264e-17 0.502199 0.497801
1 0 4.14585e-11
2.10029e-17 0.786443 0.213557
1.92491e-18 0.0524622 0.947538
0 0.613016 0.386984
6.21588e-18 0.169409 0.830591
0 0.819285 0.180715
0 0.954035 0.0459645
3.04647e-17 0.830294 0.169706
2.15864e-17 0.808291 0.191709
0 0.94265 0.0573502
0 0.623941 0.376059
9.53581e-18 0.357063 0.642937
4.95326e-18 0.125515 0.874485
0.77433 0.222509 0.0100077
1.22127e-17 0.457299 0.542701
9.05398e-18 0.24676 0.75324
2.60908e-17 0.976958 0.0230421
5.38508e-18 0.136457 0.863543
0 0.569023 0.430977
1.26952e-17 0.346 0.654
1.89773e-17 0.710596 0.289404
0.84784 0 0.162359
0 0.334957 0.665043
0 0.645758 0.354242
0 0.312918 0.687082
0.778933 0.232491 0
0 0.764602 0.235398
1.78247e-17 0.667437 0.332563
2.63984e-17 0.988473 0.0115271
1.01918e-17 0.634877 0.365123
1.08881e-17 0.678249 0.321751
2.20084e-31 4.96565e-17 1
1.40431e-17 0.874783 0.125217
0 0.52454 0.47546
0 0.602062 0.397938
2.30786e-18 0.0628992 0.937101
9.83126e-18 0.368126 0.631874
2.39624e-17 0.89726 0.10274
7.83606e-18 0.213566 0.786434
0 0.591102 0.408898
5.40842e-18 0.202515 0.797485
2.07104e-17 0.775491 0.224509
0 0.931227 0.0687732
0 0.104265 0.895735
0 0.279885 0.720115
0 0.401469 0.598531
2.2345e-18 0.0836698 0.91633
1.80144e-17 0.49097 0.50903
2.9256e-17 0.797351 0.202649
2.27647e-17 0.852411 0.147589
0 0.965478 0.0345218
5.11308e-18 0.191457 0.808543
8.42551e-19 0.0315489 0.968451
3.78372e-18 0.235698 0.764302
6.88498e-18 0.257805 0.742195
3.93674e-18 0.147409 0.852591
1.60532e-17 1 0
0 0.390311 0.609689
1.71633e-17 0.434917 0.565083
0 0.47974 0.52026
1.55487e-17 0.423769 0.576231
0.775965 0.137161 0.0959141
5.20015e-18 0.323932 0.676068
0 0.742981 0.257019
0 0.557927 0.442073
