0.720439 0.245246 0.0404796
3.9955e-17 0.77137 0.22863
4.05347e-17 0.782562 0.217438
4.34147e-17 0.838163 0.161837
2.84589e-17 0.549426 0.450574
0 0 1
3.93752e-17 0.760175 0.239825
0 0.804884 0.195116
2.07746e-17 0.401073 0.598927
0 0.170181 0.829819
1.92402e-18 0.0371451 0.962855
4.46906e-18 0.0862795 0.91372
0 0.01242 0.98758
3.07427e-17 0.593517 0.406483
3.82141e-17 0.737761 0.262239
0 0.882072 0.117928
1.09212e-17 0.319898 0.680102
2.38464e-17 0.460377 0.539623
6.97175e-18 0.134596 0.865404
5.071e-17 0.979005 0.0209952
0.776033 6.16603e-05 0.230163
0.728958 0.264632 0.0136951
0 0.0740374 0.925963
0 0.957707 0.0422926
2.44211e-17 0.471472 0.528528
0 0.0494556 0.950544
8.19926e-18 0.158295 0.841705
0.610183 0.156757 0.259925
0 0.193632 0.806368
0.509337 0.470157 0.0284811
3.70572e-17 0.715425 0.284575
0 0.228445 0.771555
5.01599e-17 0.968386 0.0316143
1.06317e-17 0.205256 0.794744
2.49998e-17 0.482645 0.517355
2.96026e-17 0.571506 0.428494
2.7887e-17 0.538385 0.461615
1 0 1.51612e-12
1.12334e-17 0.216871 0.783129
0 0.61553 0.38447
0 0.412806 0.587194
0 0.860199 0.139801
0.607871 0.180279 0.233726
0 0.354433 0.645567
4.39854e-17 0.84918 0.15082
0 0.871152 0.128848
1.15539e-15 0.331397 0.668603
0 0.342919 0.657081
3.64772e-17 0.704227 0.295773
1.05302e-17 0.308445 0.691555
1.64515e-13 1 0
3.13127e-17 0.604521 0.395479
5.1255e-17 0.989526 0.0104736
1.28418e-18 0.0247923 0.975208
0.508227 0.432491 0.0650875
0 0.389337 0.610663
0 0.670829 0.329171
0 0.239944 0.760056
1.95602e-17 0.377628 0.622372
4.11136e-17 0.793737 0.206263
0 0.693046 0.306954
4.2266e-17 0.815986 0.184014
8.5832e-18 0.251415 0.748585
1.89595e-17 0.366032 0.633968
2.26142e-17 0.436589 0.563411
0.730138 0.279087 6.82305e-05
0 0.827092 0.172908
1.4209e-17 0.274318 0.725682
0 0.110609 0.889391
0 0.493826 0.506174
0 0.925438 0.0745623
3.35982e-17 0.648646 0.351354
0 0.946978 0.053022
3.19833e-18 0.0617469 0.938253
0 0.748976 0.251024
0.533719 0.476997 0
0 0.726571 0.273429
0 0.62654 0.37346
7.58601e-18 0.146455 0.853545
4.73767e-17 0.914653 0.0853472
0 0.63756 0.36244
0 0.527314 0.472686
2.20012e-17 0.424754 0.575246
1.53868e-17 0.297057 0.702943
0.469583 0.000216921 0.540544
0 0.659737 0.340263
2.67366e-17 0.516176 0.483824
6.35219e-18 0.122635 0.877365
0 0.681935 0.318065
0 0.181932 0.818068
0 0.582531 0.417469
0 0.50501 0.49499
0 0.903852 0.0961481
0 0.0984415 0.901558
0 0.936225 0.0637749
0 0.448452 0.551548
1.47976e-17 0.285682 0.714318
0 0.89297 0.10703
1.36156e-17 0.262863 0.737137
2.90313e-17 0.560476 0.439524
