0.346125 0.653875 0
1 0 0
0.435205 0.237831 0.326965
0.192018 0.807982 0
0.13965 0.256239 0.604111
1.5749e-17 0.213333 0.786667
0.331645 0.188617 0.479738
0.230482 0.769518 0
0.191289 0.0841315 0.724579
0.53907 0.46093 0
0.80841 0.19159 0
0.214234 0.197375 0.588392
0.23458 0.485541 0.279879
0.18906 0.56094 0.25
0.54952 0.119793 0.330686
0.0622482 0.508661 0.42909
0.105501 0.411714 0.482786
0.654615 0.345385 0
0.885086 0.114914 0
0.455832 0.0601065 0.484062
0.253072 0.240012 0.506916
0.508598 0.0830611 0.408341
0.770002 0.229998 0
0.73157 0.26843 0
0.2982 0.4518 0.25
0.0788753 0.570653 0.350471
0.40831 0.317079 0.27461
0.596917 0.0331219 0.369961
0.365321 0.384679 0.25
0.489711 0 0.510289
0.269018 0.730982 0
0.289227 0.293564 0.417208
0 0.75 0.25
0.295245 0.146621 0.558134
0.461898 0.538102 0
0.961746 0.0382541 0
0.468872 0.164386 0.366742
0.0383687 0.961631 0
0 0.140933 0.859067
5.54769e-17 1 0
0.693134 0.306866 0
5.12794e-17 4.23172e-18 1
0.0356667 0.424396 0.539937
0.0885954 0.164836 0.746569
0.153576 0.846424 0
0.0402961 0.245769 0.713935
0.202373 0.431498 0.366129
0.331935 0 0.668065
0.667255 0 0.332745
0.327556 0.351735 0.320709
0.342268 0.0545951 0.603137
0.500507 0.499493 0
0.307549 0.692451 0
0.116043 0.613358 0.270599
0.423276 0.576724 0
0.27223 0.0376379 0.690133
0.163522 0 0.836478
0.627122 0.0890916 0.283787
2.88009e-17 0.390132 0.609868
0.577626 0.422374 0
0.0817663 0 0.918234
0.0940857 0.349226 0.556689
0.519084 0.203343 0.277573
0.136231 0.0709948 0.792774
0.170626 0.295989 0.533385
0.115162 0.884838 0
0.249508 0.112994 0.637497
0.0767711 0.923229 0
0.41853 0 0.58147
0 0.552437 0.447563
0.113016 0.220991 0.665992
0.560947 6.22776e-17 0.439053
3.58375e-17 0.485448 0.514552
0.177575 0.384121 0.438303
0.264989 0.389647 0.345364
0.379226 0.210872 0.409903
4.57289e-17 0.619436 0.380564
0.75 0 0.25
0.0148434 0.666771 0.318386
0.0578876 0.120549 0.821564
0.384696 0.615304 0
0.215932 0.323875 0.460193
0.357505 0.276389 0.366106
0.588395 0.161605 0.25
0.234616 0 0.765384
0.129395 0.470803 0.399802
0 0.0685324 0.931468
0.923426 0.0765737 0
0.846748 0.153252 0
0.0522894 0.315189 0.632521
0.0690205 0.68098 0.25
0.0714822 0.0534791 0.875039
0.1658 0.149945 0.684255
0.418146 0.135344 0.446511
0.477613 0.272387 0.25
0.37754 0.0962448 0.526215
0.616117 0.383883 0
0.155468 0.520811 0.323722
0.690651 0.0593493 0.25
0 0.304998 0.695002
