0.22849 0.374909 0.396601
0.604966 0.145032 0.250002
0.749998 0 0.250002
0.448503 0.223648 0.327849
2.09904e-17 0.37813 0.62187
0.118936 0.881064 0
1.91835e-17 1 0
0.232235 0.154727 0.613038
7.66635e-17 0.670042 0.329958
0.56847 0 0.43153
0.0730404 0.335931 0.591028
0.158354 0.841646 0
0.231813 0.261367 0.506821
0.0274912 0.303156 0.669353
0.276712 0.299857 0.423432
0.276388 0.723612 0
0.925534 0.0744659 0
0.496452 0.0151632 0.488385
0.548091 0.451909 0
0.186826 0.339364 0.47381
0.0754401 0.00302833 0.921532
0.320182 0.224313 0.455505
0.0409928 0.211301 0.747706
0.212666 0.483099 0.304235
0.365677 0.262354 0.37197
1.51108e-17 0.272212 0.727788
0.320157 0 0.679843
0.362963 0.147297 0.48974
0.354381 0.645619 0
0.50948 0.49052 0
0.162646 0.0855397 0.751814
0.535456 0.191404 0.27314
0.700319 0.299681 0
5.40348e-17 0.486702 0.513298
0.282326 0.0745327 0.643142
0.0290666 0.100914 0.870019
0.407034 0.183506 0.40946
0.0635994 0.57477 0.361631
0.576252 0.102773 0.320975
0.143427 7.96181e-17 0.856573
0.166057 0.583941 0.250002
0.109722 0.0619361 0.828342
0.684981 0 0.315019
0.132339 0.420247 0.447414
0.393267 0.606733 0
0.432079 0.567921 0
0.0793513 0.920649 0
0.0944972 0.491277 0.414226
0.738111 0.261889 0
0.586315 0.413685 0
0.19786 0.80214 0
0.88825 0.11175 0
0.315363 0.684637 0
0.237178 0.762822 0
0.414252 0.303606 0.282142
6.84736e-17 0.598463 0.401537
0.273194 0.407209 0.319597
0.323066 0.107075 0.569859
0.775856 0.224144 0
0.450484 0.103237 0.44628
0.370551 0.0189127 0.610536
0.470792 0.529208 0
9.04007e-17 7.61327e-17 1
0.1006 0.385115 0.514284
0.530054 0.0698332 0.400113
0.962737 0.0372626 0
0.136405 0.533637 0.329958
1.43876e-17 0.749998 0.250002
0.0270955 0.424682 0.548223
9.32501e-17 0.0646094 0.935391
0.850933 0.149067 0
0.44128 0 0.55872
1.93526e-17 0.174313 0.825687
0.405172 0.0702856 0.524542
0.379993 0.370005 0.250002
0.0224122 0.526271 0.451317
0.0954835 0.622072 0.282445
0.21245 0 0.78755
0.275595 0.187149 0.537256
0.492392 0.147278 0.360329
0.127105 0.175392 0.697504
0.624394 0.375606 0
0.487592 0.262406 0.250002
0.178057 0.449949 0.371993
0.0620806 0.687917 0.250002
1 0 0
0.248623 0.0300012 0.721376
0.182613 0.223464 0.593923
0.239423 0.510575 0.250002
0.200957 0.120416 0.678627
0.102669 0.252052 0.645279
0.619157 0.0228361 0.358007
0.0396613 0.960339 0
0.147257 0.299029 0.553714
0.813429 0.186571 0
0.669305 0.0761308 0.254565
0.662417 0.337583 0
0.312806 0.437192 0.250002
0.324239 0.336531 0.33923
0.0807206 0.135952 0.783328
