0.0605984 0.0207373 0.918664
0.122248 0.877752 0
0.565894 0.434106 0
3.51102e-17 0.75 0.25
0.153302 0.300765 0.545933
0 0 1
0.405623 0.594377 0
0.234978 0.0189769 0.746045
0.0730199 0.341914 0.585067
0.490794 0.11584 0.393366
0.36026 0.13664 0.503101
0.92162 0.0783801 0
0.445808 0.554192 0
0.081495 0.918505 0
0.764218 0.235782 0
0.803721 0.196279 0
0.448613 0.0844893 0.466897
0.645434 0.354566 0
0.44619 0.204216 0.349594
0.0828945 0.463563 0.453542
0.071391 0.222196 0.706413
0.129222 0.587162 0.283616
0.105303 0.143833 0.750864
0.278569 0.406518 0.314913
4.31521e-18 0.0692986 0.930701
0.620753 0.104774 0.274473
0.203496 0.796504 0
0.485846 0.514154 0
0.231961 0.143867 0.624172
0.525929 0.474071 0
0.235807 0.488571 0.275621
4.03738e-17 0.256928 0.743072
0.0714691 0.53442 0.394111
0.427679 4.74819e-17 0.572321
0.0205904 0.689913 0.289497
0.882412 0.117588 0
6.22699e-17 1 0
0.093968 0.656032 0.25
0.670259 0.00385008 0.325891
0.96082 0.0391798 0
0.498505 5.53452e-17 0.501495
0.155416 0.419134 0.42545
0.238941 0.371072 0.389987
0.146073 0.515358 0.338568
0.536071 0.0298673 0.434062
0.57396 0.17604 0.25
8.6295e-18 0.138582 0.861418
0.162876 0.837124 0
0.605718 0.394282 0
0.0407205 0.95928 0
2.63779e-17 0.563467 0.436533
0.577554 0.070363 0.352083
0.365934 0.252366 0.3817
0.724675 0.275325 0
0.195434 0.337589 0.466977
0.398112 0.0619986 0.539889
0.376938 0.373062 0.25
0.111309 0.382824 0.505867
0.24401 0.75599 0
0.284469 0.715531 0
0.0593813 0.606001 0.334618
0.150515 0.182293 0.667191
0.0734048 0.0920048 0.83459
0.405933 0.167978 0.42609
0.196496 0.553504 0.25
0.404416 0.298916 0.296668
2.31784e-17 0.49512 0.50488
0.191989 0.222178 0.585833
0.0177876 0.309817 0.672395
0.269828 0.068782 0.66139
0.304181 0 0.695819
0.358385 0.0143716 0.627243
0.605969 0 0.394031
0.0210284 0.18528 0.793692
0.306367 0.443633 0.25
0.276807 0.178936 0.544256
0.324832 0.675168 0
0.107431 0.264236 0.628333
0.281727 0.294158 0.424115
0.0256724 0.427497 0.546831
0.843057 0.156943 0
0.18973 0.102693 0.707577
3.96697e-17 0.637061 0.362939
0.192726 0.450105 0.357168
0.237214 0.25804 0.504746
1 0 0
0.321593 0.215422 0.462986
0.499907 0.224512 0.275581
0.685087 0.314913 0
0.187171 0 0.812829
1.78282e-17 0.380833 0.619167
0.531065 0.14729 0.321646
0.317161 0.0986755 0.584163
0.46765 0.28235 0.25
0.686121 0.0638794 0.25
0.75 0 0.25
0.147682 0.0656616 0.786656
0.325729 0.332856 0.341415
0.119414 0 0.880586
0.365312 0.634688 0
