0.256369 0.743631 0
0 0.0826799 0.91732
6.24788e-17 0.5188 0.4812
0.0831148 0.127096 0.789789
0.297213 0.419459 0.283328
0.434087 0.114452 0.451461
0.397824 0.192387 0.409789
0.599828 0.0452411 0.35493
0.277795 0.303049 0.419156
0 0.61537 0.38463
0.577601 6.41266e-17 0.422399
0.451684 0.228911 0.319405
0.146314 0.853686 0
0.663726 0.336274 0
0.219683 0.780317 0
0.245979 0.378284 0.375737
0.182917 0.817083 0
0.329993 0.670007 0
0.151682 0.0729453 0.775373
0.0365704 0.96343 0
0.456497 0.0377159 0.505787
0.118219 0.172486 0.709295
0.160463 0.529808 0.309729
0.403799 0.596201 0
0 1 0
0.171152 0.225047 0.6038
0.262672 0.191113 0.546214
0.348906 0.0248088 0.626286
0.164141 0.413097 0.422762
0 0.349709 0.650291
0.366385 0.267617 0.365998
0.0399721 0.542767 0.417261
0.0632085 0.66859 0.268202
0.589213 0.410787 0
5.03471e-17 0.418063 0.581937
0.546956 0.129118 0.323927
0.513327 5.69908e-17 0.486673
0.626467 0.373533 0
3.38802e-17 0.281328 0.718672
0.624979 0.10376 0.271261
0.775665 0.224335 0
0.477844 0.522156 0
0.264512 0.0754309 0.660057
0.187422 0 0.812578
0.479214 0.158697 0.362089
0.193911 0.556089 0.25
0.313164 0.229462 0.457374
0.191292 0.339452 0.469257
0.0648399 0.326975 0.608185
0.0808011 0.583794 0.335405
0.29312 0.70688 0
0.418821 0.310406 0.270773
0.186933 0.115774 0.697293
0.687886 0.0621138 0.25
0.381457 0.0785775 0.539965
0.514911 0.485089 0
0.226236 0.264014 0.50975
0.738331 0.261669 0
0.0321992 0.21337 0.754431
0.11865 0 0.88135
0.109734 0.890266 0
1 0 0
0.142248 0.297648 0.560104
0.263818 0.486182 0.25
0.328639 0.340556 0.330805
0 0 1
0.925196 0.0748039 0
0.0272028 0.45489 0.517907
0 0.75 0.25
0.962594 0.0374062 0
0 0.682683 0.317317
0.569518 0.180482 0.25
0.121571 0.495085 0.383344
0.887786 0.112214 0
0.209622 0.454134 0.336244
0.813029 0.186971 0
0.0515319 0.0155577 0.93291
0.233913 0.0232355 0.742852
0.552014 0.447986 0
0.417663 4.63699e-17 0.582337
0.370634 0.379366 0.25
0.850399 0.149601 0
0.348773 0.154127 0.4971
0.214274 0.157111 0.628615
0.303173 0.113243 0.583583
2.08101e-17 0.172799 0.827201
0.75 8.32667e-17 0.25
0.440858 0.559142 0
0.494277 0.255723 0.25
0.700984 0.299016 0
0.670355 7.44243e-17 0.329645
0.518603 0.0758498 0.405548
0.366887 0.633113 0
0.10235 0.376153 0.521497
0.0516387 0.0922162 0.856145
0.0910999 0.446545 0.462356
0.0877638 0.251641 0.660595
0.073157 0.926843 0
0.303586 0 0.696414
0.123987 0.626013 0.25
