0.181288 0.568712 0.25
0.324095 0.143355 0.53255
7.1568e-17 1.16987e-17 1
0.434718 0.565282 0
0.399054 0.0961485 0.504797
0.923592 0.0764081 0
0.215822 0.0273754 0.756803
0.107506 0.892494 0
3.69708e-17 0.671503 0.328497
0.504965 0.232456 0.262579
0.625391 0.0999799 0.274629
7.53815e-18 0.136916 0.863084
0.440293 9.77648e-17 0.559707
0.0456122 0.239395 0.714993
0.177491 0.241737 0.580772
0.4645 0.186807 0.348693
0.0982474 0.281835 0.619917
0.105341 0.61797 0.276689
0.507496 5.63434e-17 0.492504
0.0716735 0.928326 0
0.733429 0.266571 0
0.576065 0.173935 0.25
0.809252 0.190748 0
0.0238829 0.33744 0.638677
0.397959 0.602041 0
0.279155 0.401614 0.319231
0.324676 0.675324 0
0.329707 0.317497 0.352796
5.50568e-17 1 0
0.0980393 0.0362935 0.865667
0.282723 0 0.717277
0.339165 0.19176 0.469074
0.0676822 0.573757 0.358561
0.0675971 0.373482 0.558921
0.21549 0.78451 0
0.153796 0.412244 0.43396
0.195581 0.449948 0.354471
0.0755136 8.3837e-18 0.924486
0.669349 7.43127e-17 0.330651
0.214436 0.158107 0.627457
0.0600345 0.111425 0.828541
2.96478e-17 0.538494 0.461506
0.186184 0.34617 0.467646
0.288258 0.711742 0
0.295057 0.266977 0.437966
0.000756831 0.604612 0.394631
0.349246 0 0.650754
0.223515 0.281097 0.495388
2.26711e-17 0.411777 0.588223
0.574751 6.38102e-17 0.425249
0.961716 0.0382841 0
0.131701 0.201056 0.667243
0.68874 0.0612605 0.25
0.444573 0.305427 0.25
0.377141 0.230763 0.392095
0.771319 0.228681 0
0.0892239 0.160947 0.74983
0.256938 0.200511 0.542551
0.371446 0.0464769 0.582077
0.545836 0.454164 0
0.0358275 0.964172 0
0.143337 0.856663 0
0.583134 0.416866 0
0.179369 0.820631 0
0.244017 0.360867 0.395116
0.513461 0.0939967 0.392543
0.471757 0.528243 0
0.36132 0.63868 0
0.473117 0.0633779 0.463505
0.148564 0.528664 0.322772
0.695732 0.304268 0
0.50887 0.49113 0
0.100156 0.494879 0.404965
0.135793 0.0786247 0.785582
0.412225 0.270194 0.317581
0 0.75 0.25
0.313227 0.436773 0.25
0.00289252 0.0643189 0.932789
0.543551 0.136511 0.319938
0.254256 0.0709849 0.674759
0.0655825 0.684418 0.25
0.173141 1.92225e-17 0.826859
0.137633 0.325547 0.536821
0.0819865 0.434895 0.483118
0.293796 0.101995 0.604209
0.620541 0.379459 0
0.885383 0.114617 0
1 0 0
0.426273 0.147063 0.426663
0.372045 0.363787 0.264168
0.0104064 0.472829 0.516764
0.658218 0.341782 0
0.174317 0.116785 0.708897
1.66692e-17 0.302764 0.697236
0.75 0 0.25
0.847257 0.152743 0
0.598291 0.0452107 0.356498
1.15603e-17 0.20997 0.79003
0.24039 0.495135 0.264475
0.251811 0.748189 0
