1.49307e-17 0.235837 0.764163
0.602246 0.115436 0.282318
0.759068 0.240932 0
0.588788 0 0.411212
0.167531 0.244543 0.587925
0.120343 0.330522 0.549135
0.485672 0 0.514328
3.60692e-17 0.569728 0.430272
0.184119 0.541064 0.274817
0.19906 0.80094 0
0.75 0 0.25
0.0998418 0.579926 0.320232
0.438463 0.561537 0
0.0725547 0.211813 0.715632
0.150381 0.495244 0.354376
0.638661 0.361339 0
0.280291 0.365579 0.35413
0.409766 0.128397 0.461837
0.8394 0.1606 0
0.0865693 0.288953 0.624478
0.0774723 0.412321 0.510207
0 0.75 0.25
0.336615 0.372895 0.290489
0.47844 0.52156 0
0.313539 0.436461 0.25
0.518474 0.481526 0
0.138894 0.192292 0.668813
0.718938 0.281062 0
0.400243 0.349757 0.25
0.139601 0.610399 0.25
0.390149 0 0.609851
0.462463 0.287537 0.25
0.223315 0.0195166 0.757168
0.558494 0.441506 0
0.213683 0.15932 0.626998
0.678815 0.321185 0
0.62983 0.0309585 0.339211
0.0240603 0.0387983 0.937141
0.15936 0.370103 0.470537
5.18751e-20 0.113469 0.886531
0.204282 0.288206 0.507512
0.520791 0.146406 0.332802
0.248723 0.501277 0.25
0.194835 0.411227 0.393938
0.328562 0.0390994 0.632338
4.57172e-19 1 0
0.959861 0.0401392 0
0.159236 0.840764 0
0.098733 0 0.901267
0.33487 0.296811 0.368319
0.0212402 0.49875 0.48001
2.06006e-19 0.450609 0.549391
0.288776 0.252827 0.458397
0.292155 0.123419 0.584426
0.445349 0.182228 0.372423
0.238891 0.761109 0
0.0214379 0.620602 0.35796
0.669566 0.0804336 0.25
0.358548 0.641452 0
0.919714 0.0802864 0
0.421639 0.0325554 0.545805
0.031982 0.378197 0.589821
0.0731063 0.670721 0.256173
0.398476 0.601524 0
2.18059e-17 0.344434 0.655566
0.0796169 0.920383 0
0.0714874 0.532797 0.395716
0.249009 0.206969 0.544022
0 0.685421 0.314579
0.177327 0.108154 0.714519
0.0261747 0.278504 0.695321
0.879562 0.120438 0
0.230028 0.451043 0.318929
1 0 0
0.278746 0.721254 0
0.171646 0 0.828354
0.251962 0.0782357 0.669803
0.139699 0.0632138 0.797087
0.0397958 0.960204 0
0.799239 0.200761 0
0.243318 0.32895 0.427732
0.691552 0 0.308448
0.0690322 0.0837039 0.847264
0.119425 0.880575 0
1.7707e-19 1.10845e-16 1
0.476156 0.10152 0.422324
0.493596 0.222992 0.283412
0.0169543 0.169514 0.813531
0.564746 0.185254 0.25
0.318654 0.681346 0
0.292206 0 0.707794
0.111188 0.45418 0.434632
0.0998563 0.139658 0.760486
0.370061 0.0966188 0.53332
0.516355 0.0290762 0.454568
0.369406 0.215253 0.415341
0.411055 0.262488 0.326457
0.554328 0.0748803 0.370792
0.59857 0.40143 0
0.328177 0.173233 0.498589
