0.138971 0.387247 0.473782
0.00612669 0.504405 0.489468
0.0685374 0.537608 0.393854
0.320817 0.0686155 0.610568
0.181247 0.434386 0.384367
1.83354e-17 0.434064 0.565936
0.75 0 0.25
0.0624764 0.418635 0.518888
0.0952738 0.233554 0.671173
0.924931 0.0750694 0
0.189571 0.192514 0.617915
0.117929 0.882071 0
0.0965923 1.07239e-17 0.903408
0.150858 0.507246 0.341896
0.25652 0.0543826 0.689097
0.28361 0 0.71639
0.352305 0.647695 0
0.60152 0.145745 0.252735
0.0786243 0.921376 0
0.259645 0.400656 0.339698
0.47286 0.145089 0.38205
0.289572 0.324016 0.386412
0.274448 0.725552 0
0.206398 0.543601 0.25
0.533316 0.216684 0.25
0.0892665 0.350368 0.560366
0.142262 0.155558 0.70218
0.432983 0.23787 0.329147
0.887317 0.112683 0
0.145414 0.264961 0.589624
0.249313 0.216344 0.534343
0.306209 0.443791 0.25
0.210263 0 0.789737
0.0250073 0.622273 0.352719
0.314276 0.24525 0.440474
0.849642 0.150358 0
0.557906 0.0981527 0.343941
5.26567e-17 1 0
0.235358 0.764642 0
0.675523 0.074477 0.25
0.14322 0.0257978 0.830982
0.405435 0.344565 0.25
0.736048 0.263952 0
0.426768 0.117103 0.456128
0.774088 0.225912 0
0.339576 0.168042 0.492383
0.239307 0.282762 0.47793
0.0182338 0.0433991 0.938367
0.429889 0.570111 0
0.363134 0.288253 0.348613
0.0946237 0.117311 0.788066
0.456284 0.0427638 0.500952
0.0393099 0.96069 0
0.0644589 0.0810874 0.854454
0.374636 0.0890386 0.536325
0.507004 0.492996 0
3.56336e-17 0.278675 0.721325
0.356955 0 0.643045
0.157127 0.842873 0
0.391439 0.200176 0.408384
0.660087 0.339913 0
0.31339 0.68661 0
0.234002 0.477024 0.288973
0.962466 0.0375339 0
0.104556 0.580776 0.314668
2.42755e-17 0.574687 0.425313
0.545392 0.454608 0
0.811892 0.188108 0
0.173747 0.306109 0.520144
0.600184 6.66338e-17 0.399816
0.0985098 0.466034 0.435456
0.139311 0.610689 0.25
0.675076 0 0.324924
3.1681e-17 0.75 0.25
0.523346 0.0559302 0.420724
2.55999e-17 0.200206 0.799794
0.424669 4.71477e-17 0.575331
0.196288 0.803712 0
0.698206 0.301794 0
0.283124 0.143181 0.573695
0.0603553 0.310905 0.62874
4.55684e-17 0.356371 0.643629
0.176918 0.07902 0.744062
6.59038e-17 4.51185e-17 1
0.509391 0.179834 0.310775
0.226274 0.119938 0.653788
2.89874e-17 0.686234 0.313766
0.63026 0.0590693 0.310671
0.391182 0.608818 0
0.468565 0.531435 0
0.0602996 0.187671 0.75203
0.62194 0.37806 0
0.0732092 0.672028 0.254763
0.337658 0.371654 0.290688
0.515973 0 0.484027
0.583834 0.416166 0
0.46225 0.279687 0.258063
5.14327e-18 0.121759 0.878241
0.213539 0.357647 0.428814
1 0 0
