0.334548 0.137526 0.527926
3.43424e-17 2.11687e-17 1
0.0993947 0.169866 0.73074
0.171794 0.443889 0.384317
0.326418 0.421054 0.252528
0.473999 0.526001 0
0.83692 0.16308 0
0.165768 0.225219 0.609013
0.7151 0.2849 0
0.755638 0.244362 0
0.20878 0.140173 0.651047
0.16141 0.338775 0.499815
4.51805e-17 0.583777 0.416223
5.92231e-17 1 0
0.286422 0.220932 0.492646
0.377038 0.0626728 0.560289
0.0392368 0.960763 0
0.0272239 0.0974384 0.875338
0.117697 0.882303 0
0.276144 0 0.723856
3.14385e-17 0.406217 0.593783
0.217272 0.4742 0.308527
0.235857 0.764143 0
0.275359 0.724641 0
0.490204 0.186125 0.32367
2.29319e-17 0.296303 0.703697
0.594013 0.405987 0
0.481901 0.124036 0.394062
0.138975 0.522665 0.33836
0.75 8.32667e-17 0.25
0.204655 0.261802 0.533543
0.0276056 0.34102 0.631374
0.430551 0.086436 0.483013
0.796234 0.203766 0
0.407132 0 0.592868
0 0.75 0.25
0.434163 0.565837 0
0.114974 0.415059 0.469967
0.205089 0.0128946 0.782016
0.520596 0.229404 0.25
0.242895 0.0662402 0.690864
0.553869 0.446131 0
0.264096 0.404258 0.331646
0.15699 0.84301 0
0.295039 0.340115 0.364846
0.512913 0.0410437 0.446043
0.0908041 0.482565 0.42663
0.555494 0.09816 0.346346
0.161315 0.0951628 0.743522
0.314913 0.685087 0
0.354619 0.645381 0
0.479723 5.326e-17 0.520277
0.110183 0.0634098 0.826407
0.0704575 0.134896 0.794646
0.208161 0.373745 0.418094
0.33605 0.0108542 0.653096
0.45186 0.277978 0.270162
0.181911 0.567156 0.250933
0.329429 0.263294 0.407277
0.362175 0.182892 0.454934
0.665414 0.0641124 0.270473
0.249855 0.178556 0.571589
5.07024e-17 0.655126 0.344874
0.680909 0 0.319091
0.406532 0.235245 0.358223
0.877646 0.122354 0
2.2897e-17 0.171715 0.828285
0.134263 0.187976 0.677761
0.611019 0.0282647 0.360716
0.570156 0.156467 0.273377
0.0861726 0.601895 0.311932
0.0734725 0.381353 0.545175
0.149284 0 0.850716
1 0 0
0.629575 0.120425 0.25
3.64451e-17 0.470908 0.529092
8.66813e-17 0.0614909 0.938509
0.19645 0.80355 0
0.959175 0.0408253 0
0.674626 0.325374 0
0.0764541 0.262456 0.66109
0.255676 0.494324 0.25
0.0784775 0.921522 0
0.394364 0.605636 0
0.577036 0 0.422964
0.11614 0.303107 0.580753
0.24825 0.299683 0.452067
0.0193406 0.51229 0.468369
0.0385929 0.688912 0.272496
0.110962 0.639038 0.25
0.0611554 0.557662 0.381182
0.422116 0.161868 0.416016
0.366053 0.315233 0.318714
0.634298 0.365702 0
0.513851 0.486149 0
0.0791603 0 0.92084
0.0164677 0.22695 0.756582
0.399146 0.350854 0.25
0.293948 0.0956855 0.610367
0.918394 0.0816063 0
