0.315321 0.0930691 0.59161
0.484986 0.265014 0.25
0.118703 0.881297 0
0.355552 0.293242 0.351206
0.26523 0.0750707 0.6597
0.1412 0.240554 0.618245
0.401888 0.207831 0.390281
0.718569 0.281431 0
0.270095 0.347236 0.382669
0.444226 0.235075 0.320699
0.959838 0.0401615 0
0.197927 0.802073 0
2.43678e-19 0.193379 0.806621
0.05739 0.52911 0.4135
0.604133 0.145867 0.25
0.411851 0.310115 0.278034
0.670587 0.0769438 0.252469
3.65938e-17 0.314316 0.685684
0.175246 0.156831 0.667923
0.13171 0.366486 0.501804
0.249412 8.30709e-17 0.750588
0.533291 0.0771344 0.389575
4.47657e-17 0.384506 0.615494
0.79907 0.20093 0
0.0850945 0.664905 0.25
0.277398 0.722602 0
0.51751 0.48249 0
0.32658 0.143091 0.530329
0.383747 0.366253 0.25
7.36087e-17 0.632248 0.367752
0.68599 0 0.31401
0.465895 0 0.534105
0.143331 0.606669 0.25
0.437314 0.562686 0
0.0635241 0.155398 0.781078
0.597868 0.402132 0
0.393492 0.0407385 0.565769
6.50789e-17 0.558983 0.441017
1.44965e-17 0.124515 0.875485
0.414993 0.0891208 0.495886
0.574945 0 0.425055
0.758816 0.241184 0
0.223125 0.316268 0.460607
0.75 0 0.25
0.535261 0.197095 0.267644
0.16246 0.540272 0.297268
0.126824 0.49291 0.380267
0.0989977 0.197907 0.703096
0.312445 0.262169 0.425387
0.0393556 0.41458 0.546065
0.576619 0.107389 0.315993
0.362312 0.176686 0.461002
0.209264 0.0659156 0.72482
0.1751 0.401008 0.423892
0.237629 0.762371 0
0.231457 0.518543 0.25
1 0 0
0.221339 0.204915 0.573746
0.307048 0.00874746 0.684204
0.246258 0.140478 0.613265
0.0165575 0.684131 0.299311
0.0913896 0.329643 0.578967
0.196137 0.455937 0.347926
0.085583 0.0813394 0.833078
0.178638 0.28374 0.537622
0.0799128 0.586786 0.333301
0.139739 0.105594 0.754666
0.270664 0.229697 0.499638
0.0159923 0.244736 0.739272
0.0879332 0.448589 0.463478
0.638053 0.361947 0
0.501833 0.0305715 0.467595
0 0.485758 0.514242
0.119624 0.0143067 0.866069
0.369797 0 0.630203
0.477395 0.522605 0
0 0.75 0.25
0.0669194 2.22886e-17 0.933081
0.87949 0.12051 0
0.296408 0.453592 0.25
0.492369 0.158626 0.349004
0.557681 0.442319 0
0.0791148 0.920885 0
0.32208 0.381618 0.296302
0.183413 6.10888e-17 0.816587
0.83931 0.16069 0
0.620655 0.0273542 0.351991
0.253419 0.424081 0.3225
1.12593e-18 4.39769e-17 1
1.26011e-18 1 0
0.678302 0.321698 0
0.317297 0.682703 0
0.357244 0.642756 0
0.158303 0.841697 0
0.0648679 0.282263 0.652869
0.919672 0.0803284 0
0.0395463 0.960454 0
0.0153618 0.0644388 0.920199
0.397212 0.602788 0
0.4515 0.123332 0.425168
