0.0671014 0.524728 0.40817
0.164776 0.017921 0.817303
0.0733599 0.0744599 0.85218
0.126041 0.393763 0.480196
0.0390782 0.960922 0
0.514047 0.0793525 0.4066
0.157379 0.319094 0.523527
0.44605 0 0.55395
0.626937 0.0877259 0.285337
0.155632 0.594368 0.25
0.0841212 0.625027 0.290852
0.265049 0.0892114 0.64574
0.10467 0.29074 0.604591
0.284413 0.312038 0.403549
0.634366 0.365634 0
0.433808 0.566192 0
3.45778e-17 0.6684 0.3316
0.959207 0.0407931 0
0 1 0
0.235618 0.764382 0
0.277356 0.203462 0.519182
0.10309 0.172717 0.724193
0.667168 0 0.332832
2.42435e-17 0.468635 0.531365
0.0599756 0.690024 0.25
0.555495 0 0.444505
0.479794 0.270206 0.25
3.87991e-17 0.75 0.25
0.75 0 0.25
0.0733695 0.358064 0.568566
0.314545 0.685455 0
0.674768 0.325232 0
0.201439 0.35638 0.442182
1.65307e-17 0.319543 0.680457
0.145282 0.211852 0.642866
0.370186 0.26211 0.367704
0.0537999 0.434098 0.512102
0.513874 0.486126 0
0.270379 0.425884 0.303737
0.437366 0.229434 0.3332
0.078324 0.921676 0
0.0407424 0.0211371 0.93812
0.796306 0.203694 0
0.434777 0.12463 0.440593
0.191099 0.489783 0.319117
0.117605 0.882395 0
0.918441 0.0815595 0
0.116214 0.545742 0.338045
0.344864 0.0590131 0.596123
0.0204289 0.601823 0.377748
0.364328 0.166032 0.469641
0.163016 0.443066 0.393918
0.0659459 0.261977 0.672077
4.83282e-18 0.09342 0.90658
0.54997 0.118637 0.331393
0.196195 0.803805 0
0.296976 0.453024 0.25
0.690615 0.0593847 0.25
0.598208 0.0289173 0.372875
0.119507 0.103048 0.777445
0.206799 0.0650351 0.728166
0.301763 0.00547638 0.692761
0.473772 0.526228 0
0.55389 0.44611 0
0.312899 0.130505 0.556595
2.83148e-17 0.547335 0.452665
0.238515 0.393407 0.368078
0.0909897 0.469022 0.439988
2.01714e-17 0.389919 0.610081
0.240873 0.277779 0.481347
7.00887e-17 4.09336e-17 1
8.23485e-18 0.159182 0.840818
0.483238 0.0306591 0.486103
0.192298 0.244298 0.563405
0.715241 0.284759 0
0.229589 0.167314 0.603097
0.836994 0.163006 0
0.373316 0 0.626684
0.113023 0 0.886977
0.52003 0.201017 0.278952
0.877758 0.122242 0
0.0387973 0.184741 0.776462
0.223352 0.526648 0.25
0.326236 0.345648 0.328117
0.23561 0 0.76439
1 0 0
0.755675 0.244325 0
0.393965 0.606035 0
0.370536 0.379464 0.25
0.329346 0.233326 0.437328
0.466554 0.163323 0.370123
0.275 0.725 0
0.179573 0.134968 0.685459
0.398302 0.0831986 0.518499
0.354131 0.645869 0
0.410234 0.311278 0.278488
1.28866e-17 0.249102 0.750898
0.156858 0.843142 0
0.594135 0.405865 0
0.589476 0.160524 0.25
