0.192382 0.128721 0.678897
0.354361 0.645639 0
0.538247 0.211753 0.25
0.461842 0 0.538158
0.0848358 0.600678 0.314486
0.0668255 0.431004 0.502171
0.386087 0.279726 0.334187
0.149153 0.208547 0.6423
0.579081 0.142218 0.2787
0 0.656043 0.343957
0.114766 0.635233 0.25
0.75 0 0.25
0.269504 0.448406 0.282091
0.0688808 0.301459 0.629661
2.96238e-17 1 0
0.340551 0.241605 0.417844
0.11848 0.0572488 0.824271
1 0 0
0.607417 0.063442 0.329141
0.255886 0.398456 0.345657
0.634386 0.365614 0
0 0.080838 0.919162
0.185269 0.447007 0.367724
0.145022 0.519569 0.335409
0.508937 0.02694 0.464123
0.432206 0.0724299 0.495364
0.594185 0.405815 0
0 0.75 0.25
0.303117 0.320552 0.376331
0.554049 0.445951 0
0.142951 0.399275 0.457774
5.17645e-18 0.161691 0.838309
0.0139949 0.516599 0.469406
0.537893 0.0866644 0.375442
0.23797 0.51203 0.25
0.0782736 0.921726 0
0.463603 0.119248 0.417149
0.513957 0.486043 0
0.47393 0.52607 0
0.353183 0.355641 0.291176
0.645602 0 0.354398
0.429183 0.320816 0.25
0.157014 0.0901529 0.752834
0.209243 0.242543 0.548215
0.311861 3.46236e-17 0.688139
0.307627 0.138061 0.554313
0.13292 0.276429 0.590651
0.796217 0.203783 0
0.468826 0.250831 0.280343
0.0439695 0.256763 0.699267
0.212095 2.35473e-17 0.787905
0 0.329457 0.670543
0.500527 0.167335 0.332138
1.47422e-17 0.460483 0.539517
0.0531684 0.071504 0.875328
0.836772 0.163228 0
0.959123 0.0408766 0
0.0111591 0.390873 0.597968
0.196254 0.803746 0
0.272245 0.0878875 0.639868
0.574068 0 0.425932
0.241376 0.0381892 0.720435
0.383153 0.16289 0.453957
0.139909 1.55331e-17 0.860091
0.918278 0.0817218 0
0.67468 0.32532 0
0.0391024 0.960898 0
0 0.585543 0.414457
0.755614 0.244386 0
0.715136 0.284864 0
0.0632735 0.5544 0.382326
0.067816 7.52909e-18 0.932184
0.235618 0.764382 0
0.041188 0.688472 0.27034
0.369704 0.104111 0.526185
0.175082 0.562333 0.262584
0.42453 0.203496 0.371975
0.333074 0.416926 0.25
0.101336 0.478284 0.420379
0.6901 0.0286726 0.281227
0.0699972 0.137295 0.792708
0.0962049 0.356532 0.547263
0.233739 0.170354 0.595907
0.386819 4.29455e-17 0.613181
0.101854 0.17739 0.720756
7.42811e-18 0.232023 0.767977
0.275177 0.724823 0
0.218752 0.360261 0.420987
0.290928 0.207465 0.501607
0.394177 0.605823 0
0.648167 0.101833 0.25
0.156891 0.843109 0
0.434023 0.565977 0
0.17541 0.319887 0.504703
0.347545 0.0579761 0.594479
0.877474 0.122526 0
6.31312e-18 1.04709e-16 1
0.256564 0.282628 0.460808
0.314696 0.685304 0
0.117557 0.882443 0
