0.500008 0.499992 0
1 0 0
0.192195 0.807805 0
0.439825 0.0917573 0.468418
0.494066 0 0.505934
0.807984 0.192016 0
0.513061 0.236939 0.25
0.260035 0.190816 0.549149
1.46828e-17 1 0
0.692611 0.307389 0
0.559028 0.0917988 0.349173
0.296279 0.345343 0.358378
1.46718e-18 0.0999256 0.900074
0.045736 0.248087 0.706177
0.0899846 0 0.910015
0.525951 0.172118 0.301931
0.299622 0.226337 0.474041
0.135159 0.199538 0.665303
0.108231 0.574158 0.317611
0.525176 0.0399399 0.434884
0.731091 0.268909 0
0.165129 0.478795 0.356077
0.0515475 0.683697 0.264756
0.262718 0.0748504 0.662431
0.26911 0.73089 0
0.600927 0.149073 0.25
0.307557 0.692443 0
0.769554 0.230446 0
5.58284e-18 0.380231 0.619769
0.108757 0.0403405 0.850903
0.0345757 0.605558 0.359867
0.391559 0.065868 0.542573
0.153765 0.846235 0
0.115315 0.884685 0
0.0032254 0.160819 0.835956
0.120838 0.629162 0.25
0.390793 0.177043 0.432163
9.7779e-18 0.665944 0.334056
0.347805 0.144395 0.5078
0.209399 0.389913 0.400688
0.0930119 0.166431 0.740558
0.375728 0.299946 0.324326
4.64582e-18 0.316413 0.683587
0.181722 0.116074 0.702204
0.105244 0.382787 0.51197
0.0456632 0.488742 0.465595
0.219345 0.156403 0.624252
0.255862 0.307097 0.437041
0.145838 0.0800052 0.774156
0.292086 0.457914 0.25
0.172411 0.241229 0.58636
0.0332346 0.418978 0.547787
0.672969 0 0.327031
0.422984 0.577016 0
0.431661 0.213797 0.354542
0.96162 0.0383801 0
0.675458 0.0745417 0.25
0.923223 0.0767773 0
0.422218 0 0.577782
0.615623 0.384377 0
0.0384449 0.961555 0
0.409276 0.340724 0.25
0.250708 0.423814 0.325478
0.479223 0.131571 0.389206
0.0674485 0.120619 0.811932
0.230254 0.0245415 0.745204
0.342289 0.259915 0.397796
0.384501 0.615499 0
0.206928 0.27526 0.517812
0.216929 0.502014 0.281057
0.0982885 0.278497 0.623215
0.461492 0.538508 0
8.78914e-17 7.86421e-17 1
6.98819e-18 0.475945 0.524055
0.454533 0.265859 0.279608
0.300778 0 0.699222
0.346014 0.653986 0
0.0266885 0.0366332 0.936678
3.3043e-18 0.225046 0.774954
0.595937 0 0.404063
0.307083 0.106441 0.586476
0.185557 0 0.814443
7.70877e-17 0.75 0.25
0.128373 0.436376 0.435251
0.0753238 0.341012 0.583664
8.31862e-18 0.566557 0.433443
0.339299 0.388267 0.272434
0.351476 0.0190445 0.629479
0.189854 0.560146 0.25
0.172138 0.346577 0.481285
0.630047 0.059055 0.310898
0.577083 0.422917 0
0.654122 0.345878 0
0.846419 0.153581 0
0.08479 0.523385 0.391825
0.230658 0.769342 0
0.0768813 0.923119 0
0.75 0 0.25
0.884829 0.115171 0
0.538541 0.461459 0
