0.3119 0 0.6881
0.119239 0.630761 0.25
0.461228 0.103545 0.435227
0.109171 0.134254 0.756575
0.262251 0.245983 0.491766
0.098796 1.09686e-17 0.901204
0.84953 0.15047 0
6.56171e-18 0.118205 0.881795
0.109782 0.890218 0
0.313589 0.287312 0.399099
0.0956799 0.51807 0.38625
0.380904 0.130216 0.48888
0.8871 0.1129 0
0.550832 0.449168 0
0.0902887 0.321694 0.588018
0.550001 0.0695205 0.380478
0.293606 0.384774 0.32162
0.268134 0.355892 0.375974
0.643384 0 0.356616
0.14666 0.0602426 0.793097
0.596264 0.104455 0.299281
0.0186267 0.173658 0.807716
0.62533 0.37467 0
3.68651e-17 0.664103 0.335897
0.282037 0.0609805 0.656982
0.367403 0.342312 0.290284
0.439929 0.560071 0
0.403112 0.596888 0
0.334455 0.0883188 0.577226
0.219585 0.780415 0
0.240618 0.00503211 0.75435
0.200934 0.404725 0.394341
5.35095e-17 0.75 0.25
0.0774962 0.208069 0.714435
2.70728e-17 0.487701 0.512299
0.75 0 0.25
0.0855221 0.588228 0.32625
0.513778 0.486222 0
0.032207 0.287943 0.67985
0.0224514 0.0418658 0.935683
0.588132 0.411868 0
0.476868 0.523132 0
2.52927e-17 0.354508 0.645492
0.66263 0.33737 0
0.366305 0.633695 0
0.149434 0.360232 0.490335
0.390986 0.261239 0.347775
0.475906 0 0.524094
0.0718152 0.0842397 0.843945
0.413825 0.0470591 0.539116
0.256439 0.4586 0.284961
3.67613e-19 1.10655e-16 1
0.17557 0.283988 0.540442
0.199327 0.0902951 0.710378
0.502007 0.247993 0.25
0.424472 0.178608 0.39692
0.00342441 0.417479 0.579097
1.74843e-17 0.245063 0.754937
0.575845 0 0.424155
0.511646 0.144859 0.343495
0.384185 0 0.615815
0.182983 0.817017 0
0.570717 0.179283 0.25
3.09904e-17 0.558274 0.441726
0.157652 0.559371 0.282977
0.172663 1.91694e-17 0.827337
0.433265 0.316735 0.25
0.660439 0.0895613 0.25
0.246445 0.133484 0.620071
0.774571 0.225429 0
0.0493455 0.684714 0.26594
0.146377 0.853623 0
0.176123 0.48151 0.342367
0.210708 0.208844 0.580448
0.256235 0.743765 0
0.128336 0.437176 0.434488
0.29286 0.70714 0
0.699929 0.300071 0
0.737272 0.262728 0
0.684598 0.0241271 0.291275
0.297555 0.168657 0.533788
1 0 0
0.331796 0.418204 0.25
0.0736264 0.392788 0.533586
0.162205 0.168955 0.668841
0.924709 0.0752909 0
0.0731911 0.926809 0
0.812007 0.187993 0
0.467434 0.218557 0.314009
0.503868 0.0315579 0.464574
0.0593551 0.468467 0.472178
0.225022 0.524978 0.25
0.962368 0.0376317 0
0.22638 0.320533 0.453087
0.123639 0.246905 0.629456
0.345542 0.21086 0.443598
0.0217154 0.600322 0.377963
0.329572 0.670428 0
0.0365943 0.963406 0
5.55112e-17 1 0
