0.392363 4.35611e-17 0.607637
0.1229 0.409878 0.467222
0.517122 0.152256 0.330623
0.692937 0.307063 0
2.81648e-17 0.195323 0.804677
0.438921 0.311079 0.25
0.0768567 0.923143 0
0.0315312 0.447394 0.521075
0.75 8.32667e-17 0.25
0.0384315 0.961569 0
0.0800775 0.368535 0.551387
0.058604 0.55529 0.386106
0.0578646 6.42426e-18 0.942135
0.153769 0.846231 0
0.769748 0.230252 0
0.923263 0.0767373 0
0.423444 0.576556 0
9.4465e-17 0.655114 0.344886
0.610763 0 0.389237
0.0351584 0.327109 0.637733
0.518633 0.057288 0.424079
0.537971 0 0.462029
0.577567 0.422433 0
0.500551 0.499449 0
0.367573 0.173925 0.458502
0.684244 0.0539495 0.261807
0.215747 0.496937 0.287315
0.198387 0.256702 0.544912
0.346155 0.403845 0.25
0.35598 0.0600868 0.583933
0.616025 0.383975 0
0.465199 5.16475e-17 0.534801
0.539058 0.460942 0
0.365178 0.286358 0.348464
0.961631 0.0383686 0
0.165054 0.0986016 0.736344
0.161987 0.332566 0.505447
0.20863 0.374264 0.417106
0.26926 0.73074 0
0.27935 0.0915343 0.629115
0.122533 0.0712847 0.806182
0.462003 0.537997 0
0.731352 0.268648 0
0.0850976 0.0353862 0.879516
0.576151 0.0802369 0.343612
0.458552 0.228315 0.313132
0.50809 0.24191 0.25
0.245485 0.297107 0.457408
0.079116 0.151111 0.769773
0.281074 0.216699 0.502227
0.192243 0.807757 0
0.111167 0.638833 0.25
0.0386308 0.689006 0.272363
0.292918 0.341386 0.365696
0.182806 0.567194 0.25
0.115294 0.884706 0
0.1982 0.137235 0.664566
1.93809e-17 0.58422 0.41578
0.446134 0.0741982 0.479668
0.654506 0.345494 0
0.630266 0.119734 0.25
0.110286 0.193178 0.696536
0.136184 0.525013 0.338803
0.846518 0.153482 0
1.7029e-17 0.513326 0.486674
0.148765 0.222633 0.628602
0.808153 0.191847 0
0 0.75 0.25
0.384904 0.615096 0
1.19028e-17 0.0825461 0.917454
0.172006 0.450304 0.37769
0.389984 0.100023 0.509992
0.375268 0.340009 0.284724
0.319556 3.54778e-17 0.680444
0.31484 0.140249 0.544912
0.665972 0.00651334 0.327515
4.32454e-17 0.299907 0.700093
0.0865109 0.483033 0.430456
0.223073 2.47661e-17 0.776927
0.235477 0.17779 0.586733
0.346357 0.653643 0
0.255933 0.416682 0.327385
0.564989 0.17312 0.261891
0.0847224 0.602002 0.313275
1.89398e-17 1 0
1 0 0
0.282701 0.467299 0.25
0.156235 1.73456e-17 0.843765
0.884893 0.115107 0
0.0283856 0.12213 0.849484
0.230749 0.769251 0
0.0339386 0.237811 0.72825
0.307811 0.692189 0
0.414652 0.203253 0.382095
0.467837 0.128738 0.403425
1.34073e-17 0.404153 0.595847
0.248343 0.0431198 0.708538
0.325493 0.253091 0.421416
0.112384 0.291771 0.595846
0 0 1
