0.225039 0.774961 0
0.0852141 0.42509 0.489696
0.456347 0.0620193 0.481633
0.491658 0.508342 0
0.476789 0.109805 0.413406
4.7862e-17 0.351593 0.648407
0.431304 0.199368 0.369328
1.99757e-17 0.598071 0.401929
0.197535 0.125612 0.676852
0.453273 0.546727 0
0.545525 0.067753 0.386722
0.130788 0.595236 0.273976
0.359043 0.0356616 0.605295
0.803407 0.196593 0
0.0757006 0.309403 0.614896
0.176684 0 0.823316
0.118623 0.15418 0.727198
0.425679 0 0.574321
0.187108 0.812892 0
0.197126 0.317228 0.485646
0.921355 0.0786447 0
0.584218 0.100129 0.315653
0.26284 0.73716 0
0.357571 0.362753 0.279676
0.600401 0.149599 0.25
0.414977 0.585023 0
2.10688e-17 0.145883 0.854117
0.638665 0 0.361335
0.0377787 0.183477 0.778744
2.60209e-17 0.75 0.25
0.201812 0.548188 0.25
0.250561 0 0.749439
7.18818e-17 0.528042 0.471958
0 1 0
0 0.691775 0.308225
0.467818 0.249647 0.282535
0.15021 0.0772735 0.772517
0.395646 0.154385 0.44997
0.211709 0.420103 0.368188
0.0417285 0.626797 0.331474
0.248619 0.476525 0.274856
0.304694 0.200805 0.4945
0.49742 5.52247e-17 0.50258
0.646681 0.353319 0
0.882016 0.117984 0
0.0372946 0.962705 0
0.300581 0.699419 0
0.148645 0.27379 0.577565
0.167452 0.506352 0.326196
0.0883909 0.549767 0.361842
0.38593 0.0915113 0.522559
0.530076 0.469924 0
0.764138 0.235862 0
8.18338e-18 0.24501 0.75499
0.249869 0.162847 0.587283
0.685727 0.314273 0
0.173445 0.384954 0.441601
0.338605 0.661395 0
0.132231 0.463401 0.404369
0.0252344 0.279308 0.695458
0.842654 0.157346 0
0.324095 0.127205 0.548699
0.960669 0.0393313 0
0.376854 0.623146 0
0.266236 0.284307 0.449457
0.724904 0.275096 0
0.31742 0.43258 0.25
0.149339 0.850661 0
6.61612e-17 0.458108 0.541892
0.568969 0 0.431031
0.105702 0.0270718 0.867226
0.1721 0.198392 0.629508
0.226959 0.0563124 0.716729
0.097513 0.229435 0.673052
0.111972 0.888028 0
0.4281 0.3219 0.25
0.348257 0.238575 0.413169
0.084176 0.665824 0.25
0.324414 0 0.675586
0.0590484 0.500838 0.440114
3.18809e-24 1.11022e-16 1
0.607668 0.392332 0
0.117136 0.351841 0.531023
0.300235 0.324161 0.375604
0.385232 0.28203 0.332738
0.0729925 0.104772 0.822235
0.00455174 0.0770515 0.918397
1 0 0
0.75 8.32667e-17 0.25
0.0745817 0.925418 0
0.280787 0.0838098 0.635403
0.27612 0.391763 0.332117
0.0307003 0.391395 0.577905
0.666382 0.0836182 0.25
0.0653391 0 0.934661
0.22487 0.23801 0.53712
0.508539 0.159489 0.331972
0.685048 0.0186441 0.296308
0.534422 0.215578 0.25
0.568834 0.431166 0
