0.293701 0.163778 0.542521
0.0195706 0.59898 0.381449
0.434213 0.138848 0.426938
0.205955 0.794045 0
7.77287e-17 0.552352 0.447648
0.125334 0.130406 0.74426
0.384508 0.113127 0.502365
0.287041 0.351701 0.361258
0.381727 0 0.618273
0.133739 0.426624 0.439637
0.494199 0.505801 0
0.960515 0.0394855 0
0.686336 0.313664 0
0.035894 0.179339 0.784767
0.242926 0.742385 0.0150414
0.242092 0 0.757908
0.277608 0.472392 0.25
0.172726 0.0405404 0.786734
0.243154 0.43348 0.323366
0.205825 0.209492 0.584683
0.63946 0.11054 0.25
0.210639 0.387922 0.401439
0.0652427 0.629761 0.304996
0.0823283 0.917672 0
0.282631 0.0586963 0.658673
0.0580628 0.455661 0.486276
0.159522 0.590478 0.25
0.881736 0.118264 0
0 0.674353 0.325647
0.418062 0.581938 0
0.282752 0.645446 0.0731993
0.0797617 0.670238 0.25
0.165553 0.169591 0.664855
0.482953 0.169206 0.34784
0.521401 0.0971012 0.381497
0.686213 0.0410838 0.272703
0.592951 0.0285454 0.378504
0.0411787 0.958821 0
0.473688 0 0.526312
0.164716 0.835284 0
0.464477 0.285523 0.25
0.20609 0.521053 0.272857
0.456056 0.543944 0
0.431635 0.255801 0.312564
0.380134 0.619866 0
0.311835 0 0.688165
0.35925 0.308936 0.331814
0.0897942 0.0934283 0.816777
0.392793 0.357207 0.25
0.571657 0.178343 0.25
0.657938 0 0.342062
0.31359 0.68641 0
0.256461 0.300367 0.443172
0.206228 0.0870216 0.706751
0.608988 0.391012 0
0.123518 0.876482 0
1.1097e-16 5.26699e-20 1
0.92109 0.0789098 0
0.396875 0.218121 0.385004
0.587397 0.0935431 0.31906
0.342136 0.191586 0.466277
0.145818 0 0.854182
0 0.401748 0.598252
0 0.14842 0.85158
0.32101 0.265287 0.413703
0.115595 0.553896 0.33051
0.0736004 0.344647 0.581753
0 0.477054 0.522946
0.75 0 0.25
0.15624 0.295363 0.548397
0 1 0
0 0.250266 0.749734
0.84237 0.15763 0
0 0.325997 0.674003
0.532234 0.467766 0
0.333557 0.0845438 0.581899
0.647542 0.352458 0
0.126366 0.251537 0.622097
1.05542e-16 0.75 0.25
0.0838296 0.211663 0.704508
0.482481 0.0551206 0.462399
1 0 0
0.246599 0.131699 0.621702
0.72516 0.27484 0
0.072908 4.04721e-17 0.927092
0.570429 0.429571 0
0.0552081 0.290736 0.654056
0.0974749 0.384951 0.517575
0.242258 0.246059 0.511683
0.325969 0.399935 0.274096
0.512884 0.212387 0.274729
0.76422 0.23578 0
0 0.0741842 0.925816
0.0815982 0.510955 0.407447
0.0572549 0.0581902 0.884555
0.803229 0.196771 0
0.556524 0 0.443476
0.18108 0.340295 0.478625
0.165521 0.474554 0.359925
0.414807 0.0399404 0.545252
