0.636628 0.113372 0.25
0.405607 0.594393 0
0.391532 0.339153 0.269315
0 0 1
0 0.195486 0.804514
0.646085 7.17298e-17 0.353915
0.395282 0.164774 0.439944
0.00622947 0.667172 0.326599
0.128677 0.0655757 0.805747
0.686665 0.0363735 0.276962
0.273265 0.33713 0.389605
0.0617436 0.0933417 0.844915
0.092362 0 0.907638
0.183925 0.816075 0
0.0834345 0.440842 0.475724
0.290322 0 0.709678
0.207315 0.423373 0.369313
0.0177393 0.0457165 0.936544
0.261318 0.488682 0.25
0.0819756 0.305593 0.612431
0.342294 0.246258 0.411449
0.777383 0.222617 0
0.126626 0.351448 0.521925
0.167733 0.393662 0.438605
0.47988 0.52012 0
0.0671841 0.682816 0.25
0.251664 0.0730843 0.675252
0.49499 0 0.50501
0.665842 0.334158 0
0.0367344 0.963266 0
0.237702 0.457967 0.304331
0.348947 0.00936577 0.641687
0.962939 0.0370614 0
8.83024e-17 0.493164 0.506836
0.0748732 0.571421 0.353706
0.75 8.32667e-17 0.25
0.262091 0.283586 0.454323
0.230285 0.234792 0.534923
0.561801 0.188199 0.25
0.118147 0.482028 0.399825
0.851666 0.148334 0
0.294529 0.705471 0
0.368551 0.631449 0
0.88878 0.11122 0
0.196816 0.179823 0.623362
0.178323 0.0892402 0.732437
0.147021 0.852979 0
0.0827087 0.157363 0.759928
0.036178 0.235946 0.727876
3.85371e-18 0.75 0.25
0.433422 0.206155 0.360423
0.198745 0.320021 0.481235
0.390603 0.0594864 0.549911
4.11024e-17 0.604174 0.395826
0.453838 0.296162 0.25
0.0734934 0.926507 0
0.157584 0.267466 0.574951
0.37188 0.286605 0.341515
0.111039 0.614546 0.274416
0.70306 0.29694 0
0.184048 0.565952 0.25
0.628625 0.371375 0
0.442746 0.557254 0
0.304255 0.0905644 0.60518
0.481583 0.125349 0.393068
0.25767 0.74233 0
0.331527 0.668473 0
0.156252 0.518912 0.324836
0.925866 0.0741335 0
7.5244e-17 0.420233 0.579767
0.0585551 0.389368 0.552077
0.740232 0.259768 0
0.814557 0.185443 0
0.153529 0.14722 0.699251
0.44548 0.083005 0.471515
0.554242 0.445758 0
0.112772 0.223173 0.664055
0.338605 0.411395 0.25
0.0300021 0.531766 0.438232
0.162477 0 0.837523
0.570526 0 0.429474
0.222064 0.0102314 0.767705
0.485808 0.232624 0.281568
2.94205e-17 1 0
0.591408 0.408592 0
0.352943 0.128345 0.518713
0.269541 0.156954 0.573505
1 0 0
0.220771 0.779229 0
0.110247 0.889753 0
0.597739 0.0834069 0.318854
0.00960334 0.347881 0.642516
0.30367 0.373697 0.322633
0 0.295067 0.704933
0 0.12036 0.87964
0.524928 0.146357 0.328714
0.421315 0 0.578685
0.536668 0.0586516 0.40468
0.309003 0.202505 0.488491
0.517038 0.482962 0
