0.3321 0.323118 0.344782
0.0851833 0.483324 0.431493
0.107145 0 0.892855
0.914062 0.085938 0
0.616194 0.383806 0
0 0.603832 0.396168
0.0340866 0.0256121 0.940301
0.460684 0.199694 0.339622
0.610617 0.139383 0.25
0.167145 0.125339 0.707515
0.0621127 0.432083 0.505804
0.449039 0.550961 0
0.0997367 0.618499 0.281765
0.229351 0.20347 0.567179
0.121162 0.878838 0
0.163103 0.436219 0.400678
0.213384 0.336275 0.45034
0.0403785 0.959622 0
0.575306 0.0979419 0.326752
0.36601 0.63399 0
0.413705 0.273079 0.313216
0.590823 0 0.409177
0.0424473 0.236784 0.720769
1 0 0
0.4227 0.0257609 0.55154
0.75 0 0.25
0.0311546 0.1373 0.831546
0.0102087 0.534938 0.454853
0 0.75 0.25
0.334265 0.0770017 0.588733
0.956926 0.0430743 0
0.375049 0.237619 0.387332
0.259226 0.244841 0.495933
0.209035 0.0434616 0.747503
0.202179 0.797821 0
0.490467 0.509533 0
0.1266 0.0865288 0.786871
0.179207 0 0.820793
0.283698 0.716302 0
0.440275 0.309725 0.25
0.242721 0.757279 0
0 0.0986755 0.901324
0.0952781 0.349309 0.555413
0.337012 0.196014 0.466974
0.231133 0.518867 0.25
0.688393 0 0.311607
0.11798 0.209419 0.672601
0.670485 0.0746396 0.254875
0.40748 0.59252 0
0.187663 0.494401 0.317936
0.324879 0.675121 0
0.0772136 0.296966 0.62582
0.161652 0.838348 0
0.785666 0.214334 0
0.0139854 0.342205 0.64381
0.150046 0.254609 0.595346
0.700589 0.299411 0
0.658288 0.341712 0
4.50088e-17 0.405403 0.594597
2.26334e-17 0.203863 0.796137
0.417992 0.15835 0.423658
0.299331 0.152333 0.548336
0.0659582 0.583915 0.350127
0.509777 0.240223 0.25
0.828465 0.171535 0
0 0.29307 0.70693
0.455286 0.0793355 0.465378
0.379308 0 0.620692
0.000237446 0.672948 0.326814
0.252039 0.0992148 0.648746
0.532018 0.467982 0
0.379012 0.112894 0.508094
0.742973 0.257027 0
0.306218 0.0261028 0.66768
0.871114 0.128886 0
0.136081 0.387652 0.476267
0.29579 0.281041 0.423168
0.273735 0.447933 0.278333
0.178648 0.297428 0.523925
9.58378e-17 1 0
0.530896 0.0391224 0.429982
0.233424 0.417211 0.349365
0.621211 0.0307302 0.348059
0.499352 0.121949 0.378698
0.0851409 0.16287 0.751989
0.0807701 0.0619059 0.857324
0.260849 0.359892 0.379259
0.541096 0.173417 0.285487
0.116275 0.52327 0.360455
0.199034 0.169991 0.630976
0.0630358 0.686964 0.25
0.272944 0 0.727056
5.28269e-17 0.475822 0.524178
0.333943 0.416057 0.25
0.493295 0 0.506705
0.369302 0.356855 0.273843
0.08072 0.91928 0
0 0 1
0.574115 0.425885 0
0.163448 0.586552 0.25
