0.496598 0.503402 0
0.0199261 0.596492 0.383582
0.270003 0.203011 0.526985
0.767118 0.232882 0
0.0682026 0.511195 0.420603
0.282885 0.43144 0.285675
0.342873 0.657127 0
0.0144308 0.47123 0.514339
0.253591 0.496409 0.25
0.0869927 0.133928 0.779079
0.0795401 0.251848 0.668612
0.75 8.32667e-17 0.25
0 1 0
0.458122 0.541878 0
0.62722 0.12278 0.25
0.0706654 0.378867 0.550468
0.18475 0.0939986 0.721252
0.419687 0.580313 0
0.161088 0.204374 0.634538
0.228253 0.771747 0
0.0212764 0.341771 0.636952
0.157118 0 0.842882
0.883528 0.116472 0
0.313232 0.117639 0.569129
0.0560243 0.199694 0.744281
0.359799 0.0347224 0.605478
0.339726 0.285714 0.374559
0 0.293515 0.706485
0.295961 0.366717 0.337322
0.23152 0.159345 0.609135
0.137762 0.474089 0.388149
0.214742 0.436699 0.348559
0 0.413938 0.586062
0.378483 0.331624 0.289893
3.31896e-18 0.133566 0.866434
0.227466 2.52538e-17 0.772534
0.580763 0.0950134 0.324224
0.844714 0.155286 0
0.683511 0.051907 0.264582
1 0 0
0.26637 0.73363 0
0.093941 0.573637 0.332422
0.396868 0.0781117 0.52502
5.30529e-18 0.213502 0.786498
0 0.75 0.25
0.535107 0.464893 0
0.435153 0 0.564847
0.113985 0.886015 0
0.55298 0 0.44702
0.110052 0.295709 0.59424
0.134392 0.165909 0.699698
0.113806 0.636194 0.25
0.191223 0.249836 0.55894
0.226242 0.292561 0.481198
0.3504 0.3996 0.25
0.190112 0.809888 0
0.38125 0.61875 0
0.441143 0.111972 0.446885
0.307093 0.244484 0.448423
0.257568 0.336446 0.405987
0.0441374 0.683163 0.2727
0.180905 0.386044 0.433051
5.99325e-18 1.05029e-16 1
0.267072 0.0250323 0.707896
0.728387 0.271613 0
0.483086 0.0231162 0.493798
0.135671 0.0601766 0.804152
0.331508 3.68048e-17 0.668492
0.492044 0.143843 0.364113
0.664569 0 0.335431
0.100359 0.427766 0.471875
0.00851114 0.0553168 0.936172
0.393428 0.193436 0.413136
0 0.542422 0.457578
0.0379826 0.962017 0
0.0759827 0.924017 0
0.961176 0.0388237 0
0.152002 0.847998 0
0.57364 0.42636 0
0.521815 0.0716995 0.406485
0.612249 0.387751 0
0.412339 0.247024 0.340637
0.60428 0.0218857 0.373835
0.304518 0.695482 0
0.445111 0.304889 0.25
0.165376 0.522387 0.312237
0.689657 0.310343 0
0.148136 0.338486 0.513379
0.512552 0.237448 0.25
0.805918 0.194082 0
0.922356 0.0776436 0
0.183671 0.566329 0.25
0 0.657655 0.342345
0.0629956 0.0860034 0.851001
0.258966 0.0895434 0.65149
0.472567 0.210962 0.316471
0.0867588 9.63216e-18 0.913241
0.352722 0.158649 0.488629
0.555203 0.171952 0.272846
0.650937 0.349063 0
