0.403322 0.101763 0.494916
0.0681186 0.306212 0.62567
0.439486 0.157553 0.402961
0.240172 0.0350184 0.72481
0.180923 0.319417 0.49966
0.284082 0.385115 0.330803
0.11329 0.88671 0
0.0264846 0.685036 0.28848
0.617422 0.0787298 0.303848
0.277898 0.0838794 0.638223
0.0150908 0.0514142 0.933495
0.214621 0.239924 0.545455
0.107198 0.475803 0.416999
0.387503 4.30214e-17 0.612497
0.233961 0.356561 0.409479
0.188741 0.811259 0
0.685755 0.314245 0
0.0917228 0.0725649 0.835712
0.226476 0.773524 0
0.0913168 0.658683 0.25
0.321118 0.256548 0.422333
0.842291 0.157709 0
0.881624 0.118376 0
0.100548 0.354749 0.544703
0.148599 0.393979 0.457422
0.193097 0.120613 0.686291
0.256231 0.288007 0.455762
0.151032 0.848968 0
0.646923 0.353077 0
0 0.64657 0.35343
0.666355 0 0.333645
0.53098 0.46902 0
0.190285 0.431499 0.378215
0.479048 0.0761912 0.444761
0.407098 0.247184 0.345718
0.171381 0.193313 0.635306
0.070367 0.556386 0.373247
0.608219 0.391781 0
0.589827 0 0.410173
0.288462 0.208214 0.503323
0.689909 0.0593182 0.250773
2.2344e-17 0.220277 0.779723
4.71919e-17 0.465239 0.534761
0.230263 0.462874 0.306863
0.355229 0.0622102 0.582561
0.550618 0.16654 0.282842
0.75 0 0.25
0.763798 0.236202 0
0.075534 0.924466 0
0.141166 0.00647997 0.852354
0.246364 0.160633 0.593002
0 0.33731 0.66269
0.301963 0.698037 0
0.104931 0.223822 0.671246
0.185903 0.564097 0.25
0.416019 0.583981 0
0 0.75 0.25
0.513299 5.69876e-17 0.486701
0.443989 0.0161865 0.539825
1 0 0
0.334276 0.415724 0.25
0.803092 0.196908 0
0.0891772 0.171905 0.738918
0.518683 0.124534 0.356783
0.0224682 0.264553 0.712979
0.454206 0.545794 0
0.145713 0.0899631 0.764324
0.569518 0.430482 0
0.0382212 0.148932 0.812847
0.207268 2.30113e-17 0.792732
0.0377824 0.962218 0
0.333518 0.305481 0.361001
0.377803 0.622197 0
0.56042 0.0557843 0.383796
0.492583 0.507417 0
6.84615e-19 1.10338e-16 1
0.151155 0.514974 0.333872
0.920936 0.0790635 0
0.141137 0.273792 0.585071
0.0706432 0.430358 0.498999
0.312975 3.47473e-17 0.687025
5.55112e-17 1 0
0.473598 0.207475 0.318928
0.440813 0.309187 0.25
0.724539 0.275461 0
0.367915 0.183117 0.448968
0.0816378 0 0.918362
5.88492e-17 0.580162 0.419838
0.264197 0.735803 0
0.013937 0.395144 0.590919
0.339885 0.660115 0
0.260135 0.489865 0.25
0.509354 0.240646 0.25
0.0226577 0.51394 0.463402
0.9604 0.0395999 0
0.374405 0.343958 0.281637
0.109845 0.596795 0.293359
0.607588 0.142412 0.25
9.35909e-17 0.117961 0.882039
0.323909 0.134277 0.541813
