0.268334 0.165273 0.566393
0.513281 0.0417797 0.444939
0.224538 0 0.775462
0.110273 0.240808 0.648919
0.0678753 0.0795409 0.852584
6.27607e-17 0.433373 0.566627
0.0536441 0.19886 0.747496
0.661335 0.338665 0
5.21802e-17 0.360313 0.639687
0.482331 0 0.517669
3.80639e-17 0.262838 0.737162
1.34154e-17 1 0
0.617853 0.0990885 0.283058
0.181586 0.818414 0
1 0 0
0.0331105 0.0287602 0.938129
0.232667 0.247837 0.519495
0.336233 0 0.663767
0.193579 0.469785 0.336636
0.182677 0.0802338 0.737089
0.433047 0.0874258 0.479527
0.586879 0.163121 0.25
0.686382 0.0636179 0.25
0.397767 0.284267 0.317966
0.886672 0.113328 0
0.164244 0.55481 0.280945
0.291199 0.708801 0
5.66361e-18 0.75 0.25
0.054591 0.682405 0.263004
0.698747 0.301253 0
0.773785 0.226215 0
0.0998286 0.11978 0.780391
0.736252 0.263748 0
0.327859 0.672141 0
0.549382 0.450618 0
0.394054 0.170167 0.435779
0.924377 0.0756233 0
0.382151 0.0586534 0.559196
0.849015 0.150985 0
0.546568 0.0975449 0.355887
0.610759 0.037589 0.351652
2.16845e-18 2.55871e-17 1
0.124071 0.625929 0.25
0.623931 0.376069 0
0.198419 0.332689 0.468892
0.035869 0.542496 0.421635
9.66746e-17 0.667555 0.332445
0.0817882 0.459351 0.458861
0.475315 0.524685 0
0.75 0 0.25
2.05129e-17 0.606949 0.393051
0.267421 0.0299456 0.702633
0.156031 0.285624 0.558345
0.354395 0.250145 0.395459
0.218018 0.781982 0
0.474071 0.131089 0.39484
0.108893 0.891107 0
0.347675 0.131767 0.520558
0.519012 0.181473 0.299516
0.141491 0.162304 0.696205
0.189395 0.20264 0.607965
0.158488 0.420792 0.42072
0.364587 0.635413 0
0.310774 0.335662 0.353564
0.267351 0.436766 0.295883
0.125637 0.36959 0.504773
0.11749 0.508832 0.373677
0.311276 0.210195 0.47853
0.225817 0.119397 0.654786
0.235207 0.382029 0.382764
0.254613 0.745387 0
0.354983 0.364345 0.280672
0.440683 0.211225 0.348092
0.512253 0.487747 0
0.496377 0.253623 0.25
0.0362876 0.963712 0
3.49865e-18 0.10352 0.89648
0.107855 0 0.892145
5.92801e-18 0.175402 0.824598
0.962188 0.0378121 0
0.674782 0 0.325218
0.0725792 0.927421 0
0.152988 0.0257498 0.821262
0.273694 0.292833 0.433474
0.0806736 0.324933 0.594393
0.427885 0.322115 0.25
0.409291 0 0.590709
0.0806061 0.58993 0.329464
0.304534 0.0831069 0.61236
0.327478 0.422522 0.25
7.33362e-17 0.506399 0.493601
0.0566767 0.404836 0.538487
0.81132 0.18868 0
0.579668 0 0.420332
0.586638 0.413362 0
0.145223 0.854777 0
0.438397 0.561603 0
0.2345 0.5155 0.25
0.0363124 0.286331 0.677356
0.401456 0.598544 0
