0.363687 0.636313 0
0.423867 0.292708 0.283425
0.418484 0.182239 0.399277
0.26534 0 0.73466
0.403768 0.596232 0
0.625718 0.0955656 0.278716
0.515864 0 0.484136
0.0928173 0.0368995 0.870283
0.200787 0.132124 0.667089
0.291109 0.0833745 0.625517
0.92056 0.0794396 0
0.336797 0 0.663203
2.42218e-17 0.512176 0.487824
0.162381 0.314083 0.523536
0.75 0 0.25
0.132107 0.617893 0.25
1 0 0
0.37256 0.0367381 0.590702
0.722275 0.277725 0
1.88447e-17 0.398476 0.601524
7.05207e-18 0.149118 0.850882
0.117429 0.394731 0.487839
0.161918 0.429231 0.408851
0.475977 0.155076 0.368947
0.116345 0.176038 0.707617
0.0811546 0.918845 0
0.880848 0.119152 0
0.2069 0.236686 0.556414
0.0808412 0.589425 0.329734
0.323464 0.676536 0
0.28138 0.413029 0.30559
0.193679 0.0211099 0.785211
0.596308 0.0436725 0.360019
0.689238 0.0607616 0.25
0.336573 0.335307 0.32812
0.443766 0.556234 0
0.158292 0.0927174 0.748991
0.298806 0.18781 0.513383
0.563395 0.436605 0
0.310724 0.439276 0.25
0.0684899 0.671111 0.260399
0.114539 0.282829 0.602633
0.00914615 0.209987 0.780866
0.061011 6.77358e-18 0.938989
0.431838 0 0.568162
0.443118 0.0536894 0.503193
0.283311 0.716689 0
0.384152 0.365848 0.25
0.16214 0.83786 0
0.339891 0.221364 0.438745
0.801518 0.198482 0
0.548027 0.117499 0.334473
0.761887 0.238113 0
0.485001 0.264999 0.25
0.0633058 0.105616 0.831078
0.251226 0.159123 0.589651
2.93504e-17 0.620623 0.379377
2.66665e-17 0.078081 0.921919
0.960266 0.0397343 0
0.154685 1.71735e-17 0.845315
0.579398 0 0.420602
0.388068 0.255467 0.356466
0.201978 0.467245 0.330777
0.00267062 0.683941 0.313389
0.642924 0.357076 0
3.54689e-17 0.75 0.25
0.0406204 0.95938 0
0.2026 0.7974 0
0.483632 0.516368 0
0.506232 0.202657 0.291111
0.2051 0.347239 0.447661
0.0259954 0.442267 0.531737
0.0792951 0.472479 0.448226
0.167401 0.550564 0.282036
0.119488 0.512278 0.368234
0.582152 0.167848 0.25
0.52345 0.47655 0
0.841163 0.158837 0
0.121674 0.878326 0
0.160931 0.207125 0.631944
8.02828e-22 5.55103e-17 1
0.682608 0.317392 0
0.343517 0.109627 0.546856
9.03184e-17 1 0
0.239834 0.0606513 0.699515
0.29601 0.300202 0.403788
0.0223392 0.329002 0.648659
0.0719378 0.246312 0.68175
1.32604e-17 0.280396 0.719604
0.0859802 0.144244 0.769775
0.242948 0.757052 0
0.670076 0 0.329924
0.0771153 0.358682 0.564203
0.237188 0.512812 0.25
0.245542 0.380354 0.374103
0.251643 0.267869 0.480488
0.495233 0.0784939 0.426273
0.0301548 0.553516 0.416329
0.603162 0.396838 0
0.393021 0.134583 0.472396
