0.0272589 0.325128 0.647613
0.416624 0.583376 0
0.0279768 0.515116 0.456907
0.0821428 0.550932 0.366925
0.122236 0.0546065 0.823158
0.119892 0.27651 0.603599
1 0 0
0.554765 0.0641071 0.381128
0.331553 0.418447 0.25
0.340334 0.659666 0
0.0247224 0.210992 0.764286
0.609002 0.390998 0
0.803864 0.196136 0
0.301625 0.390931 0.307444
0.264437 0.735563 0
0.165407 0.195747 0.638846
0.647837 0.352163 0
0.414171 0.208257 0.377572
0 1 0
0.256012 0.262685 0.481303
0.45486 0.54514 0
6.32064e-17 0.69011 0.30989
6.86917e-17 0.75 0.25
0 0.164423 0.835577
0.843018 0.156982 0
0.36249 0.306604 0.330906
0.150788 0.849212 0
0.764708 0.235292 0
0.378427 0.621573 0
0.960696 0.039304 0
0.378968 0.151932 0.4691
0.508687 0.157457 0.333856
0.4055 0.3445 0.25
0.079012 0.240553 0.680435
0 0.395823 0.604177
0.448797 0.242264 0.308938
0.133285 0.386047 0.480668
0.417609 0.068373 0.514018
0.0535362 0.0708849 0.875579
0.188607 0.811393 0
0.170745 0.579255 0.25
0.59388 0.0932816 0.312838
0.257349 0.0275045 0.715147
0.378527 0.0202315 0.601242
0.493183 0.506817 0
0.226498 0.773502 0
0.257626 0.492374 0.25
0.725677 0.274323 0
0.0283629 0.627455 0.344182
0.168669 0.0817943 0.749537
0.251904 0.15265 0.595446
0.629615 0.120385 0.25
0.292189 0.0747488 0.633062
0.113035 0.886965 0
8.31665e-18 0.0821829 0.917817
0.075333 0.924667 0
0 0.583681 0.416319
0.686681 0.313319 0
0.110271 0.59639 0.29334
0.178206 0.517302 0.304492
1.42499e-18 1.09597e-16 1
0.338162 0.107364 0.554474
0.479945 0.270055 0.25
0.531784 0.468216 0
0.168148 0.307499 0.524352
0.882217 0.117783 0
0.585854 0 0.414146
0.0799481 0.670052 0.25
0.169916 0.415769 0.414315
0.260153 0.365658 0.37419
0.686118 0.0454723 0.26841
0.6567 0 0.3433
0.480984 0.078755 0.440261
0.515217 0.00245761 0.482325
0.0828801 0.354632 0.562488
0 0.281484 0.718516
0.0693496 0 0.93065
0.328724 0 0.671276
0.343126 0.228481 0.428393
0.570302 0.429698 0
0.447908 0 0.552092
0.297232 0.187736 0.515031
0.453881 0.135552 0.410567
0.0649602 0.43489 0.50015
0.306143 0.292401 0.401456
0.143709 0 0.856291
0.209048 0.230483 0.560468
0.216029 0.336847 0.447125
0.218043 0 0.781957
0.209579 0.115044 0.675377
0.118185 0.483683 0.398133
0.554404 0.195596 0.25
0.119802 0.163048 0.717151
0 0.470211 0.529789
0.75 8.32667e-17 0.25
0.0793183 0.128521 0.792161
0.921426 0.0785739 0
0.302405 0.697595 0
0.0377069 0.962293 0
0.216413 0.446614 0.336972
