0.443554 0.0605965 0.49585
0.0837359 0.452155 0.464109
0.593588 0.406412 0
0.633115 0.116885 0.25
0.604004 0.0221264 0.37387
0.433426 0.566574 0
0.714687 0.285313 0
0.836594 0.163406 0
0.959066 0.0409344 0
0.315651 0.434349 0.25
0.481646 0 0.518354
0.633863 0.366137 0
0.07377 0.0419932 0.884237
0.224046 0.209372 0.566583
0.393638 0.606362 0
0.134871 0.368772 0.496357
4.40129e-17 1 0
0.176661 0.290134 0.533205
0.0781005 0.9219 0
0.447315 0.153919 0.398766
0.187192 0.0265572 0.786251
0.548429 0.100998 0.350573
3.97015e-18 0.0902043 0.909796
0.266387 0.0750268 0.658587
0.555487 0 0.444513
0 0.75 0.25
0.274541 0.725459 0
0.351698 0.0909401 0.557362
0.156467 0.843533 0
0.275632 0.126531 0.597838
0.245378 0.496745 0.257877
0.351711 0.20358 0.44471
0.0544214 0.298789 0.646789
0.391949 0.23451 0.373541
0.153635 0.530581 0.315784
0.660541 0.0617432 0.277716
0.487071 0.185311 0.327618
0.111846 0.165177 0.722977
0.204899 0.115734 0.679367
0.314228 0.685772 0
0.108892 0.619864 0.271244
0.795965 0.204035 0
0.0867617 0.335428 0.57781
0.365137 0 0.634863
0.0389932 0.961007 0
0.385714 0.362862 0.251424
0.457745 0.292255 0.25
0.918215 0.0817847 0
0.157138 0.095168 0.747694
0.0590261 0.14662 0.794354
0.75 0 0.25
0.263751 0.247683 0.488566
0.344256 0.321335 0.334409
0.195714 0.804286 0
0 0.494062 0.505938
0 0.170377 0.829623
0.25375 0.365419 0.380831
0.0534849 0 0.946515
0.173568 0.18405 0.642382
0.473433 0.526567 0
0.513236 0.486764 0
0.877379 0.122621 0
0.064689 0.685311 0.25
0.572671 0.148306 0.279023
0.116144 0.494151 0.389705
0.134487 0.256159 0.609354
0.50051 0.0765758 0.422914
0.169068 0.411265 0.419667
0.0274562 0.537154 0.43539
0.407309 0.0166072 0.576083
0.0576994 0.402442 0.539858
0.553436 0.446564 0
0.304428 0.284298 0.411274
0.117217 0.882783 0
0.181406 0.568594 0.25
0.675403 7.49848e-17 0.324597
0.287858 0.401534 0.310608
0.301006 0.0108934 0.6881
0 0.606666 0.393334
0.247791 0 0.752209
0.427631 0.265538 0.306831
0.206036 0.45177 0.342195
0.39847 0.128095 0.473435
0.0726224 0.577622 0.349755
0.530145 0.219855 0.25
1 0 0
0.235066 0.764934 0
0.145125 0 0.854875
0 0.250563 0.749437
0.100416 0.0791927 0.820392
0.310488 0.168693 0.520819
0.00525459 0.669542 0.325204
0.217397 0.327414 0.45519
0.755295 0.244705 0
0 0.413725 0.586275
0.353894 0.646106 0
0.674265 0.325735 0
0.0796134 0.227011 0.693375
1.46191e-17 0.332155 0.667845
0 0 1
