0.409722 0.323711 0.266567
0.34491 0.314295 0.340795
0.102303 0.179294 0.718403
0.178482 0.270041 0.551477
0.6239 6.92668e-17 0.3761
0.0697655 0.391165 0.53907
0.643849 0.356151 0
0.0810872 0.918913 0
0.273391 0.476609 0.25
0 0.611677 0.388323
0.553756 0.0127109 0.433534
0.107506 0.439663 0.452831
0.207742 0.542258 0.25
0 0.0605832 0.939417
0.75 0 0.25
0.121614 0.878386 0
0.139129 0.56126 0.299611
4.98899e-17 1 0
0.269029 0.0852779 0.645693
0.668989 0.0810106 0.25
0.0233918 0.476821 0.499787
0.802504 0.197496 0
0.0686086 0.261918 0.669474
0.484139 0.515861 0
0.227384 0.449387 0.323229
0.262922 0.36587 0.371208
0.179481 0 0.820519
0.242815 0.757185 0
0.312817 0.115328 0.571854
0.144629 0.222054 0.633317
0.0159538 0.224389 0.759657
0.683544 0.316456 0
1 0 0
0.0270923 0.0965128 0.876395
0 0.75 0.25
0.611106 0.118084 0.270809
0.960599 0.0394007 0
0.320546 3.55878e-17 0.679454
0.217695 0.325063 0.457242
0.921131 0.0788691 0
0.425774 0 0.574226
0.296972 0.28634 0.416687
0.0721841 0.131227 0.796589
0.483967 0.266033 0.25
0.762825 0.237175 0
0.508464 0.0987039 0.392832
0.524181 0.475819 0
0.0999226 0.310869 0.589208
0.723241 0.276759 0
0.0803637 0.516869 0.402768
0.363721 0.636279 0
0 0.296459 0.703541
0.46659 0.18403 0.34938
0.145957 0.0888918 0.765151
0.220181 0.0596484 0.72017
0.330085 0.213925 0.455991
0.603995 0.396005 0
0.496896 0 0.503104
0.110165 0.0407672 0.849068
0.384015 0.229156 0.386829
0.881614 0.118386 0
0.119415 0.630585 0.25
0.273826 0.188637 0.537537
0.0662982 0.590242 0.34346
0.533499 0.151976 0.314525
0.564095 0.435905 0
0.403902 0.596098 0
0.0132024 0.355026 0.631771
0 0.42692 0.57308
0.144122 0.355312 0.500565
0.0810218 0 0.918978
0.304974 0.405833 0.289194
0 0.543404 0.456596
0.464923 0.0624807 0.472596
0 0.680858 0.319142
0.556865 0.193135 0.25
0.842112 0.157888 0
0.586003 0.0683073 0.34569
0.0603563 0.670851 0.268792
0.359637 0.153218 0.487145
0.431048 0.251152 0.317801
0.430108 0.13926 0.430632
0.323525 0.676475 0
0.181488 0.136885 0.681627
0.248123 0.251172 0.500705
5.65737e-17 1.0996e-16 1
0.162123 0.837877 0
0.368453 0.381547 0.25
0.684578 0.0101462 0.305276
0 0.170143 0.829857
0.156587 0.485989 0.357424
0.202556 0.797444 0
0.283168 0.716832 0
0.39312 0.0809515 0.525929
0.444037 0.555963 0
0.356805 0.0313935 0.611802
0.184452 0.404658 0.410889
0.223416 0.170814 0.605771
0.0405407 0.959459 0
0.249956 0 0.750044
