0.489412 0.510588 0
0.0655279 0.542628 0.391845
0.100581 0.393245 0.506174
0.0740127 0.0894939 0.836493
0.165892 0.160628 0.673481
5.41464e-17 0.572359 0.427641
0.75 0 0.25
9.42887e-17 0.476145 0.523855
0.431026 4.78535e-17 0.568974
0.673888 0.0761121 0.25
0.290182 0.149013 0.560805
0 0.75 0.25
0.113338 0 0.886662
0.46392 0.270671 0.265409
0.0824431 0.917557 0
0.0415332 0.495499 0.462968
0.0337986 0.686917 0.279284
0.648415 0.351585 0
0.123625 0.876375 0
0.320045 0.185432 0.494523
0.449082 0.550918 0
0.209161 0.387406 0.403433
0 0.143675 0.856325
0.569011 0.430989 0
0.883624 0.116376 0
0.766582 0.233418 0
0.0301905 0.177279 0.79253
0.377055 0.0917376 0.531207
0.0763637 0.210529 0.713107
0.108253 0.641747 0.25
0.0952083 0.26155 0.643242
0.37453 0.197183 0.428287
0.0705971 0.338104 0.591299
0.182988 0 0.817012
0.727387 0.272613 0
0.151078 0.0590098 0.789912
0.179699 0.344268 0.476033
0.216821 0.195549 0.58763
0.203822 0.0812058 0.714973
0.249545 0.111883 0.638572
1 0 0
0.529204 0.470796 0
0.327703 0.672297 0
0.50475 0.0725237 0.422726
0.23142 0.51858 0.25
4.12131e-17 0.371215 0.628785
9.46021e-17 1 0
0.687947 0.312053 0
0.114377 0.132988 0.752635
0.922468 0.0775317 0
0.200937 0.482027 0.317035
0.537757 5.9703e-17 0.462243
0.409848 0.340151 0.25
0.844686 0.155314 0
0.125654 0.443974 0.430372
1.04541e-16 0.248865 0.751135
0.16456 0.83544 0
0.608764 0.391236 0
0.0485797 0.0161522 0.935268
0.33197 0.0672875 0.600743
0.0412831 0.958717 0
0.25263 0 0.74737
0.138262 0.506057 0.355681
0.163799 0.569818 0.266383
0.14405 0.30488 0.551069
0.156092 0.234464 0.609444
0.408474 0.591526 0
0.422189 0.228493 0.349319
0.23386 0.249082 0.517058
0.0823318 0.59665 0.321018
0.416733 0.119316 0.463951
0.461916 0.149465 0.388618
0.291675 0.0269635 0.681362
0.300297 0.449703 0.25
3.39907e-17 0.0809169 0.919083
0.67301 0 0.32699
0.628551 0.0613716 0.310077
0.287167 0.712833 0
0.338588 0.384007 0.277405
0.375168 0.302776 0.322055
0 0.646253 0.353747
0.248934 0.417919 0.333147
0.533246 0.216754 0.25
0.504074 0.180949 0.314978
0.205514 0.794486 0
0.36805 0.63195 0
0.598492 0.147024 0.254485
0.597196 0.00945717 0.393347
0.552024 0.102454 0.345521
0.0269537 0.417812 0.555234
0.246374 0.753626 0
0.261733 0.294097 0.44417
0.294102 0.342811 0.363087
0.361575 4.01429e-17 0.638425
0.465688 0.0315488 0.502764
0.805714 0.194286 0
0.0152004 0.301891 0.682909
0.961247 0.0387533 0
0.33561 0.263671 0.400719
1.09953e-16 1.06904e-18 1
