0.27178 0.72822 0
0.0664718 0.200607 0.732921
0.144781 0.167862 0.687357
0.361771 0.360695 0.277534
0.31392 0.199864 0.486216
0.00236672 0.146617 0.851016
0.364149 0 0.635851
0.088733 0.661267 0.25
0.230918 0.24347 0.525612
0.310562 0.689438 0
0.520291 0.0261091 0.4536
0.155322 0.844678 0
0.250603 0.499397 0.25
0.18158 0.325241 0.493179
6.16087e-17 0.64404 0.35596
0.226685 0.359256 0.414059
0.848341 0.151659 0
0.426588 0.573412 0
0.314737 0.0813789 0.603884
0.180931 0.434189 0.38488
0.810301 0.189699 0
0.103622 0.598328 0.298049
0.11647 0.88353 0
0.589228 0 0.410772
0.194183 0.805817 0
0.144112 0.517064 0.338824
2.56758e-17 0.38347 0.61653
0.695794 0.304206 0
0.465188 0.534812 0
0.475314 0 0.524686
0.233033 0.766967 0
0.552964 0.0805098 0.366526
0.0238002 0.685103 0.291096
0.554188 0.195812 0.25
0.476362 0.115733 0.407905
0.962165 0.0378352 0
0.18731 0.208268 0.604422
0.0173781 0.508609 0.474012
0.270511 0.281748 0.447742
0.354127 0.239931 0.405942
0.657481 0.342519 0
0.225689 0.129883 0.644428
0 0.455087 0.544913
0.182353 0.086442 0.731205
0 0.283993 0.716007
1 0 0
0.483109 0.245444 0.271447
1.23879e-17 0.215269 0.784731
0.503734 0.496266 0
0.0336286 0.310206 0.656165
0.75 0 0.25
0.106879 0.25134 0.641781
0.151482 0.0360477 0.812471
0.403479 0.0281149 0.568406
0.542342 0.457658 0
0.356587 0.11671 0.526703
0.886323 0.113677 0
0.118039 0 0.881961
0.734148 0.265852 0
0.0983371 0.129077 0.772586
5.75459e-17 1 0
0.4363 0.0776504 0.48605
0.0776449 0.922355 0
0.149465 0.29051 0.560025
0.082523 0.343122 0.574355
0.619172 0.380828 0
0.137683 0.393821 0.468495
0.349274 0.650726 0
3.35326e-17 0.75 0.25
0 0.575812 0.424188
0.26128 0.0579871 0.680733
0.178937 0.571063 0.25
0.32226 0.42774 0.25
0.598922 0.123536 0.277542
0.69094 0 0.30906
0.0388203 0.96118 0
0.924275 0.0757245 0
0.271554 0.396061 0.332385
0.772255 0.227745 0
0.388001 0.611999 0
0.292248 0 0.707752
0.0644301 0.420513 0.515057
0.580819 0.419181 0
0.314135 0.320393 0.365472
0.396068 0.278214 0.325718
0.0992384 0.473601 0.42716
0.0516091 0.0148496 0.933541
0.395744 0.159389 0.444866
0.434073 0.315927 0.25
0.437776 0.200296 0.361928
0.627995 0.0346999 0.337305
0.272005 0.162624 0.565371
5.44219e-18 0.0812794 0.918721
0.0709962 0.0894579 0.839546
7.02256e-18 4.84886e-17 1
0.22034 0 0.77966
0.219909 0.471059 0.309032
0.51498 0.159382 0.325638
0.667261 0.0827385 0.25
0.0669971 0.553134 0.379869
