9.85977e-19 0.195769 0.804231
1.1219e-17 0.270325 0.729675
0.368532 0.631468 0
0.110358 0.464465 0.425177
0.0669001 0 0.9331
0.205819 0.794181 0
1 0 0
0.1647 0.8353 0
0.0826866 0.296233 0.621081
0.766471 0.233529 0
0.529109 0.470891 0
0.285073 0.240855 0.474073
0.0939878 0.171518 0.734495
4.1502e-17 1 0
0.328142 0.671858 0
0.922448 0.0775522 0
0.238647 0.0793464 0.682007
0.148907 0.506974 0.344119
0.508464 0.0649705 0.426566
0.247265 0.201081 0.551654
2.39508e-17 0.5771 0.4229
0.569075 0.430925 0
0.309826 0.0362779 0.653896
1.43149e-17 0.344922 0.655078
0.44911 0.55089 0
0.388128 0.273848 0.338024
0.0174487 0.0634762 0.919075
0.42887 0 0.57113
0.489197 0.510803 0
0.0282644 0.384808 0.586928
1.89454e-17 0.456493 0.543507
0.0625657 0.145112 0.792323
0.126423 0.00663622 0.86694
0.408887 0.591113 0
0.648503 0.351497 0
0 0 1
0.0659046 0.54504 0.389055
0.465391 0.134651 0.399958
0.0825415 0.917458 0
0.883645 0.116355 0
0.057067 0.246072 0.696861
0.210092 0.161084 0.628824
0.727224 0.272776 0
0.605391 0.00788409 0.386725
0.25599 0.359916 0.384094
0.428503 0.321497 0.25
0.50149 0.24851 0.25
0.805576 0.194424 0
2.69442e-17 0.649226 0.350774
0.319772 0.285943 0.394285
0.11715 0.338001 0.544849
0.197019 0.431008 0.371973
0.75 8.32667e-17 0.25
0.368146 0.188541 0.443313
0.608827 0.391173 0
0.574485 0.175515 0.25
0.0764349 0.419734 0.503831
0.231415 0.32527 0.443316
0.109954 0.640046 0.25
0.157142 0.380359 0.462499
0.223737 0.526263 0.25
0.418721 0.105709 0.47557
0.844649 0.155351 0
0.268603 0 0.731397
0.0412715 0.958728 0
0.163802 0.566068 0.27013
0.197471 0 0.802529
0.2873 0.7127 0
0.541392 0 0.458608
0.687943 0.312057 0
0 0.75 0.25
0.466809 0.227139 0.306052
0.416724 0.206348 0.376929
0.248939 0.463399 0.287662
0.17262 0.119284 0.708096
0.123631 0.876369 0
0.28932 0.113915 0.596764
0.246653 0.753347 0
0.375385 0.0724502 0.552165
0.164629 0.24903 0.586341
0.519601 0.154492 0.325907
0.68559 0.0644101 0.25
0.290039 0.384771 0.32519
0.324711 0.425289 0.25
0.618108 0.105258 0.276635
0.568287 0.0798168 0.351896
6.20667e-19 0.123236 0.876764
0.46903 0.023495 0.507475
0.158322 0.0657419 0.775936
0.670611 7.44527e-17 0.329389
0.961255 0.0387447 0
0.362107 0.351523 0.28637
0.32947 0.153328 0.517202
0.0361765 0.686861 0.276962
0.0861975 0.0814864 0.832316
0.0202629 0.506259 0.473478
0.132892 0.206986 0.660122
0.365419 0 0.634581
0.198905 0.288055 0.51304
0.0837138 0.595535 0.320751
