0.0608421 0.632982 0.306175
0.132233 0.498837 0.36893
0.252799 0.244916 0.502285
0.886619 0.113381 0
2.96349e-17 0.606546 0.393454
0.10007 0.315188 0.584742
0.331257 0.0851354 0.583608
1.17963e-17 0.213755 0.786245
0.445764 4.94898e-17 0.554236
0.962212 0.0377877 0
2.83532e-17 0.513776 0.486224
0.27784 0.0577205 0.664439
0.276778 0.414742 0.308479
0.273544 0.726456 0
0.0887854 0.457997 0.453217
0.373851 0.000648065 0.625501
6.30373e-18 0.114227 0.885773
0.23141 0.00390997 0.76468
0.135488 0.231136 0.633376
3.66439e-17 0.75 0.25
0.428546 0.571454 0
0.389841 0.610159 0
0.467013 0.532987 0
0.5962 0.0726394 0.331161
0.54399 0.45601 0
0.170087 1.88835e-17 0.829913
0.0269081 0.329727 0.643365
1.38428e-17 0.283324 0.716676
1.88507e-17 0.385822 0.614178
0.210927 0.201129 0.587944
0.620548 0.379452 0
0.195831 0.804169 0
0.156759 0.843241 0
0.329775 0.331405 0.33882
0.51786 5.7494e-17 0.48214
0.225367 0.524633 0.25
0.420755 0.16093 0.418315
0.0842307 0 0.915769
0.299522 0.450478 0.25
0.0437641 0.538896 0.41734
0.000620987 0.449486 0.549893
3.31388e-17 0.67826 0.32174
0.202548 0.471513 0.325939
0.57787 0.172129 0.25
0.924423 0.0755771 0
0.374609 0.128413 0.496978
0.412204 0.0576091 0.530187
0.291874 0.164135 0.543991
0.75 0 0.25
0.635229 7.05246e-17 0.364771
0.166015 0.153132 0.680853
0.0785162 0.921484 0
0.174405 0.281664 0.543931
0.312354 0.687646 0
0.100716 0.564664 0.33462
0.462245 0.197986 0.339769
0.0181028 0.0480661 0.933831
0.696861 0.303139 0
0.333552 0.205738 0.460709
0.409488 0.279014 0.311498
0.245294 0.374554 0.380152
0.848813 0.151187 0
0.040017 0.143057 0.816926
0.199895 0.0753483 0.724757
1.59424e-17 1 0
0.73485 0.26515 0
0.658681 0.341319 0
0.5055 0.239514 0.254986
0.244603 0.126095 0.629301
1 0 0
0.810867 0.189133 0
0.686638 0.0237709 0.289591
0.0877495 0.18098 0.73127
0.126796 0.0991936 0.77401
0.561228 0.0235458 0.415226
0 0 1
0.651157 0.0988432 0.25
0.0655421 0.254068 0.68039
0.508098 0.110313 0.381589
0.302844 0 0.697156
0.117655 0.882345 0
0.373659 0.242837 0.383504
0.77284 0.22716 0
0.0798207 0.670179 0.25
0.440072 0.309928 0.25
0.169712 0.416682 0.413606
0.039262 0.960738 0
0.211996 0.328272 0.459732
0.15658 0.59091 0.25251
0.369482 0.377039 0.253479
0.582299 0.417701 0
0.544117 0.146776 0.309107
0.0944258 0.0538758 0.851698
0.291704 0.288893 0.419403
0.505498 0.494502 0
0.466126 0.0791486 0.454725
0.234663 0.765337 0
0.0649126 0.406235 0.528852
0.136453 0.366991 0.496556
0.351131 0.648869 0
