0.0830122 0 0.916988
0.175196 0.073183 0.75162
0.481123 0.0671203 0.451757
0.882365 0.117635 0
0.278446 0.267452 0.454102
0.276719 0.150247 0.573034
0.132946 0.32042 0.546634
0.843309 0.156691 0
4.55201e-17 0.75 0.25
0.0694737 0.184423 0.746103
0.148552 0.149133 0.702314
0.542288 0.0938603 0.363852
0.228627 0.115771 0.655601
0.804217 0.195783 0
2.02284e-17 0.223739 0.776261
0.00365537 0.67177 0.324574
0.151154 0.848846 0
0.189135 0.19881 0.612056
5.27033e-17 1 0
0.156887 0.380115 0.462999
0.514803 0.16292 0.322278
0.494306 0.505694 0
0.432939 0.317061 0.25
0.0593317 0.36571 0.574959
0.274018 0.393122 0.332859
1 0 0
0.0875487 0.291 0.621451
0.321172 0.0729954 0.605832
3.62414e-17 0.400853 0.599147
0.124402 0.0306714 0.844927
0.560184 0.189816 0.25
0.146407 0.504339 0.349254
0.687335 0.312665 0
0.456037 0.543963 0
0.345358 0 0.654642
0.410767 0 0.589233
0.571458 0.428542 0
0.0489327 0.545119 0.405948
0.439787 0.0295391 0.530674
0.341217 0.658783 0
0.0755375 0.924463 0
4.00338e-17 1.59954e-18 1
0.102392 0.468046 0.429562
0.0395554 0.0854889 0.874956
0.116827 0.226331 0.656841
0.240257 0.509743 0.25
0.189972 0 0.810028
0.765228 0.234772 0
0.648509 0 0.351491
0.610027 0.389973 0
0.227773 0.231379 0.540848
0.532891 0.467109 0
0.516293 0 0.483707
0.370218 0.106073 0.523709
4.73538e-17 0.523764 0.476236
0.271952 0.042421 0.685627
0.264973 0.735027 0
0.318508 0.31429 0.367202
0.189293 0.425851 0.384856
0.75 0 0.25
0.361235 0.362648 0.276117
0.417615 0.582385 0
0.188972 0.811028 0
0.486325 0.246951 0.266724
0.106771 0.566485 0.326744
0.689919 0.0364386 0.273642
0.218564 0.473045 0.308391
0.726277 0.273723 0
0.608687 0.0748887 0.316424
0.960734 0.0392659 0
0.357625 0.232105 0.41027
0.0818859 0.630888 0.287226
0.303085 0.696915 0
0.163071 0.586929 0.25
0.577474 0.0109787 0.411548
0.317503 0.432497 0.25
0.0612123 0.688788 0.25
0.0377527 0.962247 0
2.97885e-17 0.32948 0.67052
0.379426 0.620574 0
0.635739 0.114261 0.25
0.648652 0.351348 0
0.463054 0.129105 0.407841
0.19932 0.298305 0.502376
0.255135 0 0.744865
0.43638 0.20363 0.35999
3.7228e-17 0.613376 0.386624
0.0301794 0.263264 0.706557
1.40548e-17 0.155455 0.844545
0.921515 0.0784854 0
0.396855 0.278207 0.324939
0.0814902 0.41807 0.50044
0.094037 0.111297 0.794666
5.37259e-18 0.0594244 0.940576
0.11335 0.88665 0
0.226947 0.773053 0
0.237175 0.346092 0.416733
0.397989 0.14932 0.452691
0.316453 0.188614 0.494933
0.0108554 0.460697 0.528447
