0.460524 0.539476 0
0.115449 0.884551 0
0.617368 0.0158929 0.366739
0.729246 0.270754 0
0.345686 0.654314 0
0.43857 0 0.56143
0.333914 0.349505 0.316581
0.298866 0.0835653 0.617569
0.0445621 0.0805809 0.874857
0.883782 0.116218 0
0.539116 0.172019 0.288865
0.390889 0.0744812 0.53463
6.00683e-18 0.223959 0.776041
0.139598 0.570468 0.289934
0.269934 0.161398 0.568668
0.806486 0.193514 0
0.174975 0.0737514 0.751273
0.498791 0.501209 0
0.441359 0.215557 0.343083
0.192359 0.807641 0
2.80321e-18 1 0
0.418566 0.331434 0.25
1.13677e-17 0.423834 0.576166
0.75 0 0.25
1.96183e-17 0.334238 0.665762
0.0685228 0.438164 0.493313
0.613017 0.136983 0.25
0.441352 0.101944 0.456703
0.183681 0.4272 0.389118
0.0581206 0.665457 0.276423
0.0394737 0.359303 0.601223
0.0855433 2.84916e-17 0.914457
0.767876 0.232124 0
0.0384749 0.961525 0
0.845099 0.154901 0
0.668964 0.0712434 0.259793
0.487526 0.0182421 0.494232
1.81858e-17 0.67804 0.32196
0.372788 0.267905 0.359307
0.298346 0.301856 0.399798
0.922522 0.0774776 0
1.62555e-17 0.606068 0.393932
0.0769668 0.923033 0
0.560314 0 0.439686
0.0719518 0.577841 0.350207
0.307377 0.692623 0
0.104032 0.347054 0.548913
0.150679 0.505924 0.343396
0.0942141 0.107969 0.797817
0.137458 0.0196961 0.842845
0.0645468 0.184536 0.750918
0.32804 0.216894 0.455067
0.266354 0.387438 0.346208
0.383964 0.616036 0
8.50668e-17 5.3711e-17 1
0.348909 0.401091 0.25
0.0237058 0.272718 0.703576
0.269028 0.730972 0
3.46522e-18 0.0590371 0.940963
0.153905 0.846095 0
0.09619 0.235143 0.668667
0.179847 0.30896 0.511193
0.222838 0.345569 0.431593
0.690705 0.309295 0
8.96094e-18 0.152668 0.847332
0.402091 0.178222 0.419687
0.277964 0.472036 0.25
0.53706 0.46294 0
0.575402 0.424598 0
1 0 0
0.369827 0.0259472 0.604226
0.180605 0.19233 0.627065
0.613864 0.386136 0
0.525396 0.0674875 0.407116
2.01159e-17 0.75 0.25
0.683496 0 0.316504
0.232632 0.456117 0.311251
0.422257 0.577743 0
0.222921 0.112636 0.664443
0.515914 0.234086 0.25
0.961204 0.0387955 0
0.0235838 0.534852 0.441565
0.114358 0.635642 0.25
0.326828 0 0.673172
0.219071 0.231214 0.549715
0.207023 0.542977 0.25
0.12664 0.276439 0.596921
0.142498 0.392303 0.465198
0.57888 0.0937145 0.327406
0.102447 0.483065 0.414488
2.88562e-17 0.491624 0.508376
0.210576 0 0.789424
0.26088 0.257787 0.481333
0.25974 0.0257019 0.714558
0.488681 0.140194 0.371126
0.349259 0.141019 0.509722
0.140389 0.151007 0.708604
0.452448 0.267949 0.279604
0.652249 0.347751 0
0.230725 0.769275 0
