0.84874 0.15126 0
0.293581 0.392326 0.314093
0.219082 0.440186 0.340731
0.924398 0.0756024 0
4.60775e-17 0.370128 0.629872
0.687157 0 0.312843
0.516599 0 0.483401
0.0425506 0.29244 0.665009
0.294068 0.153676 0.552255
0.598435 0.151565 0.25
0.543595 0.456405 0
0.142114 0.476928 0.380959
0.810748 0.189252 0
0.505076 0.494924 0
0.311287 0.688713 0
0.0749152 0.0913545 0.83373
0.508013 0.162631 0.329356
0.295384 0.271573 0.433043
0.75 8.32667e-17 0.25
0.448215 9.95237e-17 0.551785
0.734752 0.265248 0
0 0.75 0.25
0.209737 0.195374 0.594889
0.126447 0.239971 0.633582
4.06124e-17 0.549229 0.450771
0.349913 0 0.650087
0.0586724 0.691328 0.25
0.41994 0.265019 0.315041
0.0343184 0.407359 0.558323
0.338645 0.311499 0.349856
0.156111 0.593889 0.25
0.455461 0.294539 0.25
0.620295 0.0344316 0.345273
0.696704 0.303296 0
0 0.122058 0.877942
0.350158 0.649842 0
0.0154439 0.0630105 0.921546
1 0 0
0.526365 0.222205 0.251429
0.38409 0.352707 0.263204
0.320146 0.08351 0.596344
0 0 1
0.427661 0.572339 0
0 0.476665 0.523335
0.390854 0.0991915 0.509954
0.194496 0.805504 0
0.245635 2.72709e-17 0.754365
0.45165 0.191253 0.357097
0.388944 0.611056 0
0.119526 0.113263 0.767211
0.282878 0.031748 0.685374
0.233432 0.766568 0
0.384091 0.0353215 0.580587
0.772819 0.227181 0
0.0647355 0.512889 0.422376
0.584863 0 0.415137
0.340747 0.185206 0.474047
0.0831542 0.628136 0.28871
1.34503e-17 0.181897 0.818103
0.466347 0.533653 0
0.155559 0.844441 0
0.658609 0.341391 0
2.03176e-17 0.274769 0.725231
0.886581 0.113419 0
0.198794 0.0728693 0.728337
0.245048 0.114411 0.640541
0.582008 0.417992 0
7.39443e-17 1 0
0.033425 0.21156 0.755015
0.475232 0.063561 0.461207
0.188176 0.523449 0.288375
0.962216 0.0377837 0
0.169256 0.278019 0.552725
0.328042 0.421958 0.25
0.114547 0.0229149 0.862538
0.25728 0.49272 0.25
0.375864 0.227788 0.396348
0.428039 0.140968 0.430993
0.106693 0.554467 0.33884
0.254228 0.354066 0.391706
0.173371 0.398277 0.428351
0.0966804 0.190779 0.712541
0.0388872 0.961113 0
0.0858415 0.3245 0.589658
0.577879 0.112364 0.309757
0.126487 0.361459 0.512054
0.528235 0.0839467 0.387818
0.116657 0.883343 0
0.0689848 1.07224e-16 0.931015
0.168594 0.153538 0.677867
0.670835 0.0791647 0.25
0.211224 0.316264 0.472512
0.253555 0.233675 0.51277
0.179056 9.93962e-17 0.820944
0.0777693 0.922231 0
0 0.667411 0.332589
0.0889695 0.438915 0.472116
0.272384 0.727616 0
0.620292 0.379708 0
0.0215802 0.599062 0.379358
