0.42475 0.0998027 0.475447
0.19447 0.447795 0.357735
0 0.424012 0.575988
0 0.0623467 0.937653
0.375771 0.624229 0
0.181486 0.228375 0.590139
0.762777 0.237223 0
0.920637 0.0793626 0
0.661682 0 0.338318
0.413823 0.586177 0
0.0666561 0.580519 0.352825
0.39651 0.0450811 0.558409
0.183063 0.341587 0.47535
0.182579 0.567421 0.25
0.0654283 0.456501 0.478071
0.377007 0.332963 0.29003
0.684442 0.315558 0
0.046879 0.0875858 0.865535
0.606541 0.393459 0
0.520897 0.229103 0.25
0.0743691 0.925631 0
0.592376 0 0.407624
0 0.617804 0.382196
0.642207 0.107793 0.25
0.144991 0.529543 0.325466
0.30199 0 0.69801
0.175044 0.116082 0.708874
0.349177 0.140272 0.510552
0.0157479 0.546177 0.438075
0.224479 0.492596 0.282926
0.224934 0.265243 0.509823
0.225701 0.147243 0.627057
0.340822 0.2848 0.374378
0.261733 0.738267 0
0.0653105 0.228282 0.706408
0.723502 0.276498 0
0.414887 0.246259 0.338854
0.37057 0 0.62943
0.151274 0 0.848726
0.146869 0.416363 0.436768
1 0 0
0 0.152132 0.847868
0.448337 0.301663 0.25
0.0262132 0.184943 0.788844
0.234607 0.371785 0.393608
0.00675583 0.682958 0.310286
0.75 0 0.25
9.4228e-17 1.67943e-17 1
0.56768 0.43232 0
0.0418871 0.354761 0.603352
0.0788607 0.671139 0.25
7.57843e-17 1 0
0.454983 0.156833 0.388184
0.268182 0.183229 0.548588
0.299541 0.700459 0
0.108968 0.611649 0.279383
0.102967 0.496649 0.400383
0.226671 0 0.773329
0.0984707 0.143135 0.758394
0.349355 0.400645 0.25
0.270167 0.306604 0.423229
0.528913 0.471087 0
0.31454 0.0954009 0.590059
0 0.75 0.25
0.523516 0.00925928 0.467225
0.537703 0.126375 0.335922
0.645179 0.354821 0
0.33769 0.66231 0
0.30702 0.227793 0.465187
0.282963 0.467037 0.25
0.037186 0.962814 0
0.881041 0.118959 0
0.266748 0.0692954 0.663956
0.0815778 0 0.918422
0.452193 0.547807 0
0.136125 0.307977 0.555899
0.960314 0.0396859 0
0.466849 0 0.533151
0.0939619 0.383926 0.522112
0.122277 0.0688212 0.808902
0.148958 0.851042 0
0.186436 0.813564 0
0.0929227 0.274382 0.632695
0.381265 0.193215 0.425521
2.47792e-17 0.32697 0.67303
0 0.493601 0.506399
0.802218 0.197782 0
0.578937 0.0628837 0.358179
0.140599 0.190496 0.668905
0.202098 0.0528397 0.745063
0.293123 0.383383 0.323494
0.841605 0.158395 0
0.223964 0.776036 0
0 0.257199 0.742801
0.111658 0.888342 0
0.68463 0.042448 0.272922
0.48695 0.202093 0.310957
0.496786 0.0781137 0.425101
0.579367 0.156953 0.26368
0.490815 0.509185 0
