0.193615 0.806385 0
0.961561 0.0384392 0
9.74906e-17 1.35317e-17 1
0.487869 0.262131 0.25
0.0368818 0.245173 0.717945
3.70777e-17 0.322409 0.677591
0.279725 0.335436 0.384839
0.118716 0.381108 0.500176
0.0740455 0.451655 0.4743
0.382699 0.130566 0.486735
0.693056 0.306944 0
0.351163 0.202351 0.446485
0.200927 0.474451 0.324622
0.592735 6.58069e-17 0.407265
2.59636e-17 0.225766 0.774234
0.11625 0.88375 0
0.161988 0.0966416 0.74137
0.270883 0.729117 0
0.65478 0.34522 0
0.174648 0.575352 0.25
0.846366 0.153634 0
0.139101 0.54848 0.312419
0.154006 0.435119 0.410875
0.228491 0.191475 0.580034
0.272613 0.102482 0.624904
0.228586 0.303487 0.467926
0.578214 0.421786 0
0.37193 0.288819 0.339251
0.539913 0.460087 0
0.4986 5.53557e-17 0.5014
0 0.16471 0.83529
0.154949 0.845051 0
0 0.75 0.25
0.923142 0.0768583 0
0.769645 0.230355 0
0.411809 0.338191 0.25
0.112834 0 0.887166
0.0425812 0.598987 0.358432
0.101932 0.330739 0.567329
0.0366046 0.528881 0.434514
6.57577e-17 1 0
0.307132 0.154905 0.537963
0.109572 0.506756 0.383672
0.450997 0.23684 0.312163
0.0478801 0.0171118 0.935008
0.807995 0.192005 0
0.195612 0.366263 0.438125
0.526056 0.0401603 0.433784
0.333008 0.416992 0.25
0.616499 0.383501 0
0.254269 0.495731 0.25
0.241923 0.410168 0.347909
0.411505 0.0595613 0.528934
0.267832 0.231553 0.500615
0.0872887 0.662711 0.25
0.731341 0.268659 0
0.629269 0.120731 0.25
0.353901 0 0.646099
0.688253 0.0459829 0.265765
0.34796 0.65204 0
5.39563e-18 0.0820533 0.917947
0.232249 0.767751 0
0.319039 0.265164 0.415797
0.42624 4.73221e-17 0.57376
0.315439 0.374963 0.309598
0.422635 0.18552 0.391845
0.135659 0.0448883 0.819453
0.149728 0.234937 0.615335
0.309438 0.690562 0
0.0288695 0.366595 0.604536
0.386401 0.613599 0
0.240667 0.063023 0.69631
0.88473 0.11527 0
0.458575 0.100235 0.441189
0.60576 0.074956 0.319284
0.0798734 0.140488 0.779638
0.537565 0.0968524 0.365583
0 0.492546 0.507454
7.81172e-17 0.679268 0.320732
0.072061 0.630557 0.297382
0.038749 0.961251 0
0.501608 0.498392 0
1 0 0
0.180568 0.280326 0.539106
0.114135 0.188095 0.69777
0.463193 0.536807 0
0.192598 0.147568 0.659835
0.0775005 0.9225 0
0.0767083 0.279185 0.644107
0.339145 0.0748716 0.585983
0.280988 3.11959e-17 0.719012
0.20805 4.61964e-17 0.79195
4.92305e-17 0.428084 0.571916
0.556772 0.187021 0.256206
0.0529457 0.0930121 0.854042
0 0.585682 0.414318
0.502876 0.160003 0.337121
0.424833 0.575167 0
0.659414 7.32097e-17 0.340586
0.75 0 0.25
