0 0.583416 0.416584
0.311946 0.0637757 0.624278
0.0806897 0.0717752 0.847535
0.278236 0.137087 0.584677
0 0.678439 0.321561
0.480107 0.269893 0.25
0 0.465368 0.534632
0.565363 0.0397694 0.394868
0.66712 0.0828797 0.25
0 0.35965 0.64035
0.122395 0.418769 0.458836
0.75 0 0.25
0.0725434 0.317236 0.61022
0.28934 0.365719 0.344941
0.487162 0.0896023 0.423235
0.0275203 0.135282 0.837198
0.0642968 0.669242 0.266461
0.439604 0.0618672 0.498529
0.0656078 0.437 0.497392
0.405734 0.344266 0.25
0.323336 0.174719 0.501944
0.399071 0.0100252 0.590904
0.126603 0.346473 0.526924
0.23875 0.432075 0.329175
0.286659 0.25268 0.460662
0.274932 0.725068 0
0.588817 0.0930226 0.318161
0.43368 0.56632 0
0.132434 0.183101 0.684465
0.918291 0.081709 0
0.11606 1.28853e-17 0.88394
0.46731 5.18818e-17 0.53269
0.0927278 0.140337 0.766935
0.373766 0.316564 0.30967
0.122553 0.627447 0.25
5.36577e-18 1 0
0.239782 0.217145 0.543073
0.635144 7.05151e-17 0.364856
0.115624 0.554828 0.329547
0.33284 0.404382 0.262778
0.196144 0.803856 0
0.553587 0.446413 0
0.160091 0.262227 0.577683
0.278957 0.471043 0.25
0.204715 0.507878 0.287407
0.117638 0.882362 0
0.156892 0.843108 0
0.684069 0.0169566 0.298974
0.337753 0 0.662247
0.216396 2.40247e-17 0.783604
0.0428735 0.223272 0.733854
0.513684 0.486316 0
0.451817 0.174638 0.373546
0.836843 0.163157 0
0.0417795 0.608657 0.349563
0.404883 0.136685 0.458432
0.0428735 0.0199633 0.937163
0.314456 0.685544 0
0.235486 0.764514 0
3.57547e-17 0.0931389 0.906861
0.393795 0.606205 0
0.265784 0.0144173 0.719799
0.255023 0.332674 0.412303
0.150257 0.0396556 0.810088
0.674653 0.325347 0
0.0879554 0.505067 0.406977
0.426913 0.243181 0.329906
1 0 0
0.237483 0.0863636 0.676153
0.473573 0.526427 0
0.0326468 0.395241 0.572112
0 0.198712 0.801288
0.634212 0.365788 0
0.334813 0.284165 0.381022
0.206168 0.299887 0.493945
0.09811 0.248 0.65389
0.529785 0.199561 0.270654
0.593874 0.406126 0
0.181067 0.568933 0.25
0.370883 0.211961 0.417156
0.188495 0.383439 0.428065
0 0.75 0.25
0.755606 0.244394 0
0.796248 0.203752 0
0.354102 0.645898 0
0.959151 0.0408488 0
0.537063 5.96259e-17 0.462937
5.68868e-17 1.09647e-16 1
0.877568 0.122432 0
0.202295 0.168559 0.629146
0.517948 0.137514 0.344538
0.0784287 0.921571 0
0 0.292607 0.707393
0.361323 0.0947487 0.543928
0.715067 0.284933 0
0.598132 0.151868 0.25
0.0392157 0.960784 0
0.162212 0.46654 0.371248
0.0154226 0.522338 0.462239
0.171178 0.101255 0.727567
