0.372789 0.231886 0.395324
0.0258899 0.0369528 0.937157
0.682068 0.00940141 0.30853
0.760554 0.239446 0
0.612247 0.116858 0.270895
0.313144 0 0.686856
0.213471 0.536529 0.25
3.01144e-17 0.75 0.25
0.241573 0.00319505 0.755232
0.480885 0.519115 0
0.140849 0.574838 0.284313
0.0400306 0.959969 0
0.200341 0.799659 0
0.84034 0.15966 0
0.160245 0.839755 0
0.17534 0.382098 0.442562
0.258019 0.343498 0.398483
0.0750215 0.0778285 0.84715
0.880241 0.119759 0
0.220578 0.421267 0.358155
0.0800888 0.919911 0
0.277312 0.0606656 0.662023
0.011355 0.436585 0.55206
0.175908 0.496894 0.327198
0.124301 0.352553 0.523146
0.623576 0 0.376424
0.294101 0.267674 0.438225
0.920161 0.0798385 0
0.400811 0.151916 0.447273
3.46805e-17 1 0
0.579289 0.0791108 0.3416
0.680723 0.319277 0
0.0609479 0.489291 0.449762
8.65747e-18 0.215614 0.784386
1.76175e-17 0.507996 0.492004
0.351407 0.119592 0.529001
0.517381 0 0.482619
0.240441 0.759559 0
0.260856 0.467162 0.271982
1.30977e-17 0.377669 0.622331
0.600819 0.399181 0
0.0932708 0.535022 0.371707
0.324933 0.0868675 0.588199
0.329259 0.420741 0.25
2.68049e-17 0.667575 0.332425
0.0750683 0.333742 0.59119
0.249427 0.135735 0.614838
0.360732 0.639268 0
0.551987 0.0311579 0.416855
0.301213 0.38163 0.317157
0.280535 0.719465 0
0.491915 0.258085 0.25
0.342871 0.309143 0.347986
0.524826 0.162931 0.312243
0.172642 0 0.827358
0.0464004 0.685625 0.267974
0.110827 0.639172 0.25
0.520885 0.479115 0
0.137628 0.455552 0.40682
0.46961 0.0880072 0.442383
9.12492e-17 0.581224 0.418776
0.11253 0.130807 0.756662
1.7432e-17 0.111036 0.888964
0.440857 0.559143 0
0.422526 0.0639638 0.51351
0.96008 0.0399202 0
0.400784 0.599216 0
0.560866 0.439134 0
0.162795 0.278012 0.559193
0.031716 0.155412 0.812872
0.491212 0.126157 0.382631
5.89662e-19 5.49215e-17 1
0.640757 0.359243 0
0.212552 0.305572 0.481876
1 0 0
0.75 0 0.25
0.050636 0.606791 0.342573
0.446566 0 0.553434
0.206566 0.201167 0.592267
0.149142 0.0587991 0.792059
0.161646 0.166675 0.671679
0.398394 0.351606 0.25
0.0329885 0.301247 0.665764
0.251763 0.22348 0.524758
0.376668 0.00773193 0.6156
0.120153 0.879847 0
0.448951 0.202555 0.348493
0.320255 0.190747 0.488998
0.117137 0.24845 0.634413
0.720658 0.279342 0
4.30446e-17 0.274178 0.725822
0.0999506 0 0.900049
0.5622 0.1878 0.25
0.800441 0.199559 0
0.0889443 0.417391 0.493664
0.0798828 0.206794 0.713323
0.672667 0.0773327 0.25
0.200242 0.0901587 0.7096
0.421908 0.281477 0.296614
0.320634 0.679366 0
