0.556617 0.104969 0.338414
0.597383 0.152617 0.25
0.321559 0.238969 0.439472
0.108872 0.0914605 0.799668
0.09809 0.65191 0.25
0.354521 0.284548 0.360931
0.385458 0.614542 0
0.526934 0.18726 0.285806
0.385644 0 0.614356
0.807284 0.192716 0
0.272187 0.332288 0.395525
0.0219326 0.132786 0.845282
0.228479 0.428339 0.343182
0.376488 0.338051 0.285461
0.169971 0.580029 0.25
0.462108 0 0.537892
0.367118 0.148802 0.48408
0.0768099 0.605411 0.317779
0.150423 0 0.849577
3.8804e-17 0.529444 0.470556
0.0581819 0 0.941818
0.339609 0.0959393 0.564452
0.197098 0.510553 0.29235
0.218945 0 0.781055
0.212158 0.228504 0.559338
2.03995e-17 0.75 0.25
0.287507 0 0.712493
0.658532 0.341468 0
2.3052e-17 0.314523 0.685477
0.0236939 0.466902 0.509404
0.479506 0.151674 0.36882
0.186054 0.0623591 0.751587
0.622063 0.377937 0
0.110015 0.889985 0
0.0801901 0.0432312 0.876579
0.267534 0.482466 0.25
0.883809 0.116191 0
0.922348 0.0776519 0
0.123312 0.279915 0.596773
0.40097 0.19437 0.40466
0.0984493 0.230597 0.670953
0.440904 0.234315 0.324782
0.433353 0.316647 0.25
0.585861 0.414139 0
0.514592 0.485408 0
0.628492 0.0791248 0.292383
0.248673 0.731465 0.0206936
0.961191 0.0388086 0
1.05712e-17 0.0840299 0.91597
5.54186e-18 0.203749 0.796251
0.336573 0.413427 0.25
0.0757431 0.380867 0.54339
1 0 0
0.261269 0.138379 0.600352
0.513209 0.0679951 0.418796
0.0396309 0.337494 0.622875
4.66077e-17 0.635917 0.364083
0.538766 0 0.461234
0.183245 0.816755 0
0.769843 0.230157 0
0.268417 0.685423 0.04857
0.146654 0.853346 0
0.192286 0.384106 0.423608
0.0366941 0.963306 0
0.550081 0.449919 0
1.13001e-17 0.415453 0.584547
0.0344398 0.559742 0.405818
0.17908 0.185561 0.635359
0.114169 0.535526 0.350306
0.845738 0.154262 0
0.289821 0.189577 0.520602
0.313612 0.0425851 0.643803
0.497112 0.252888 0.25
0.691838 0.0581623 0.25
0.230485 0.0930733 0.676442
0.338664 0.661336 0
0.416545 0.0616518 0.521803
0.0733046 0.926695 0
0.0990075 0.445184 0.455808
7.32921e-17 1 0
0.146351 0.141207 0.712443
2.47262e-19 5.52639e-17 1
0.695198 0.304802 0
0.0726415 0.172001 0.755357
0.170697 0.306425 0.522878
0.479255 0.520745 0
0.300968 0.379837 0.319196
0.145671 0.469351 0.384978
0.143538 0.363616 0.492846
0.445974 0.102572 0.451454
0.598371 0.0153737 0.386256
0.329679 0.54005 0.143421
0.0239519 0.254257 0.721791
0.432321 0.567679 0
0.244741 0.281358 0.4739
0.732541 0.267459 0
0.219791 0.780209 0
0.75 0 0.25
0.666839 0 0.333161
0.0229755 0.68803 0.288994
