0.15927 0.441974 0.398756
0.310741 0.0698807 0.619378
0.595639 0.117499 0.286861
0.346438 0.227802 0.425761
0.0690452 0.302523 0.628432
0.547751 0.0778326 0.374416
0.379135 0.370865 0.25
0.429996 0.0754396 0.494565
0.110017 0.217078 0.672906
0.222723 0.228061 0.549216
0.68986 0 0.31014
0.927784 0.0722165 0
0.162157 0 0.837843
0.414945 0.585055 0
2.3886e-17 0.150269 0.849731
1.06017e-17 0.221182 0.778818
9.09776e-17 1 0
0.75 0 0.25
0.489193 0.510807 0
0.710037 0.289963 0
0.293513 0.309362 0.397125
0.666936 0.0830644 0.25
4.19081e-17 0.460642 0.539358
0.0760624 0.923938 0
0.782779 0.217221 0
0.113969 0.886031 0
0.0816515 0.16972 0.748629
0.0894321 0.358413 0.552155
0.50603 0.154183 0.339787
0.855362 0.144638 0
0.583956 0 0.416044
0.227579 0.772421 0
0.270171 0.0203961 0.709433
0.0236262 0.264264 0.71211
0.265309 0.734691 0
0.304455 0.411747 0.283798
0.468195 0 0.531805
0.45859 0.218389 0.323021
0.137829 0.0752273 0.786944
0.0616807 0 0.938319
0.0937422 0.602801 0.303457
0.232833 0.0945622 0.672604
0.0380274 0.961973 0
0.563313 0.436687 0
0.340226 0.659774 0
0.302813 0.697187 0
0.160131 0.585618 0.254252
7.22445e-18 0.0794091 0.920591
0.281348 0.468652 0.25
0.387522 0.253459 0.359019
0 0.75 0.25
0.397768 0.0184664 0.583765
5.37764e-17 1.73471e-18 1
0.513878 0.0257036 0.460418
0.452249 0.547751 0
0.963902 0.0360983 0
0.205023 0.358108 0.43687
0.220303 0.529697 0.25
0.227887 0 0.772113
0.395013 0.158049 0.446938
0.0776311 0.672369 0.25
0.11001 0.531707 0.358284
0.673412 0.326588 0
0.337756 0.335857 0.326387
0.189764 0.810236 0
0.344334 0 0.655666
0.746466 0.253534 0
0.891572 0.108428 0
0.17187 0.315477 0.512653
2.78655e-17 0.581355 0.418645
0.636835 0.363165 0
0.626201 0.031451 0.342348
0.257099 0.271297 0.471604
0.30725 0.18838 0.504369
0.143492 0.266057 0.590451
0.0781347 0.483399 0.438467
0.011843 0.515048 0.473109
0.468502 0.118024 0.413474
0.377617 0.622383 0
0.268186 0.146167 0.585647
0.113125 0.405834 0.48104
0.191925 0.486311 0.321764
0.162504 0.122566 0.71493
0.819175 0.180825 0
0.56327 0.18673 0.25
0.424865 0.30281 0.272324
0.246051 0.395488 0.358462
0.600105 0.399895 0
1 0 0
5.36938e-17 0.337794 0.662206
0.0261197 0.619329 0.354551
0.52641 0.47359 0
0.494765 0.255235 0.25
0.061041 0.115308 0.823651
0.188634 0.179784 0.631582
0.0920177 0.0355211 0.872461
0.353423 0.108291 0.538287
3.29259e-17 0.68693 0.31307
0.151966 0.848034 0
0.015589 0.396052 0.588359
