0.600987 0.070498 0.328515
0.154646 0.403479 0.441875
0.47858 0.066177 0.455243
0.220506 0.529494 0.25
4.18743e-18 0.0955843 0.904416
0.488151 0.187088 0.324762
0.290091 0.376681 0.333229
0.640366 0 0.359634
0 0.360495 0.639505
0.31349 0.057147 0.629363
0.452813 0.547187 0
0.0762521 0.923748 0
0.964098 0.0359021 0
0.0420675 0.0184599 0.939473
0.16205 0.287393 0.550557
0.196616 2.18287e-17 0.803384
1 0 0
0.368826 0.0765684 0.554606
0.106129 0.0980215 0.795849
1.31358e-17 0.75 0.25
0.783402 0.216598 0
0.0752352 0.449262 0.475502
0.117693 0.632307 0.25
0.230012 0.0873498 0.682638
0.0715481 0.3279 0.600552
0.75 0 0.25
0.0381893 0.961811 0
0.216867 0.205974 0.577159
0.367387 0.320729 0.311884
0.0726542 0.58336 0.343986
0.106611 0.501981 0.391408
0.274138 0 0.725862
2.63217e-17 0.600832 0.399168
4.38087e-17 1 0
0.20119 0.318958 0.479852
0.26576 0.73424 0
0.178972 0.0587815 0.762247
0.366953 0.195969 0.437078
0.206334 0.422789 0.370877
0.328881 0.421119 0.25
0.254964 0.234502 0.510534
0.351291 0 0.648709
0.50421 5.59786e-17 0.49579
0.855952 0.144048 0
0.428468 0 0.571532
0.710855 0.289145 0
0.747184 0.252816 0
0.644494 0.105506 0.25
0.409805 0.236764 0.353431
0.0188852 0.414922 0.566193
0.406536 0.106874 0.486589
0.402098 0.347902 0.25
0.114229 0.885771 0
0.892126 0.107874 0
0.270822 0.129163 0.600015
0.63766 0.36234 0
0.303328 0.696672 0
0.317723 0.159429 0.522848
0.11035 0.368229 0.521421
0.819671 0.180329 0
4.54042e-17 1.01069e-17 1
0.0903298 0.226783 0.682887
0.415673 0.584327 0
2.9218e-17 0.666946 0.333054
0.143903 0.137561 0.718536
0.526264 0.223736 0.25
0.12397 0.255383 0.620647
0.06581 0.181994 0.752196
0.674262 0.325738 0
0.292387 0.256337 0.451276
0.572446 0.153271 0.274283
0.445759 0.149681 0.40456
0.48992 0.51008 0
0.526987 0.473013 0
0.340915 0.659085 0
2.12789e-17 0.485723 0.514277
0.259659 0.460034 0.280308
0.152303 0.847697 0
0.0748119 0.0668299 0.858358
0.00958096 0.287619 0.7028
0.246277 0.343752 0.409971
0.600945 0.399055 0
0.228045 0.771955 0
0.330448 0.286306 0.383246
0.687807 0.029019 0.283174
0.190235 0.809765 0
0.567938 0.0110018 0.42106
0.928189 0.071811 0
9.85109e-18 0.224866 0.775134
0.0127398 0.152269 0.834991
0.563986 0.436014 0
0.177067 0.486851 0.336082
0.37835 0.62165 0
0.0241321 0.534978 0.44089
0.119154 0 0.880846
0.149934 0.562471 0.287595
0.180576 0.171453 0.647971
0.526587 0.103723 0.36969
0.455828 0.277087 0.267084
0.0507605 0.683089 0.26615
