0.107356 0.184272 0.708372
0.129294 0.620706 0.25
0.195854 0.0178379 0.786308
0.891882 0.108118 0
0.322347 0.0172987 0.660355
0.506777 5.62636e-17 0.493223
0.71015 0.28985 0
0.0818749 0.400433 0.517692
0.152028 0.847972 0
0.452009 0.547991 0
0.206458 0.434301 0.359241
0.193232 0.147247 0.659521
0.0791171 0.527308 0.393575
6.44807e-18 0.333784 0.666216
0.746881 0.253119 0
0.278915 0.105265 0.61582
0.783265 0.216735 0
0.357647 0.0730057 0.569347
0.157654 0.223902 0.618443
1.08117e-16 2.90516e-18 1
0.056873 0.683725 0.259402
0.232604 0.0704409 0.696955
0.151237 0.103444 0.745319
6.68614e-19 1 0
0.377702 0.622298 0
0.0756101 0.00555047 0.918839
0.0306058 0.491094 0.4783
0.192202 0.388332 0.419466
0.526211 0.473789 0
5.44793e-18 0.065739 0.934261
0.202105 0.547895 0.25
0 0.563218 0.436782
0.485171 0.074188 0.440641
0.158565 0.350438 0.490997
0.0664352 0.153414 0.780151
0.114098 0.885902 0
0.227516 0.772484 0
1.29075e-17 0.668155 0.331845
0.559694 0.190306 0.25
0.302749 0.697251 0
0.0301598 0.608111 0.361729
0.75 8.32667e-17 0.25
0.0185759 0.38745 0.593974
0.964018 0.0359821 0
0.26789 2.97418e-17 0.73211
0.0208385 0.11073 0.868432
0.127553 0.301606 0.570841
0.405835 0.110213 0.483951
0.244742 0.308543 0.446714
0.318901 0.431099 0.25
0.602099 0.0344638 0.363438
0.563135 0.436865 0
0.144338 1.60247e-17 0.855662
1.54012e-17 0.185842 0.814158
1 0 0
0.240633 0.186025 0.573342
0.3932 4.36539e-17 0.6068
0.0761282 0.923872 0
0.0633351 0.318376 0.618289
0.370609 0.316296 0.313095
0.492188 0.208678 0.299135
0.415021 0.584979 0
0.102201 0.0716665 0.826132
0.32258 0.150214 0.527206
0.105191 0.581382 0.313427
0.158402 0.503852 0.337747
0.245802 0.482365 0.271833
8.76725e-18 0.453837 0.546163
0.0381222 0.961878 0
0.685565 0.050823 0.263612
0 0.260785 0.739215
0.585121 0.0987896 0.316089
0.34027 0.65973 0
0.447274 0.158605 0.394121
0.265248 0.734752 0
0.572209 6.3528e-17 0.427791
0.522601 0.120336 0.357063
0.666422 7.39877e-17 0.333578
0.368475 0.19149 0.440035
0.855732 0.144268 0
0.41312 0.239284 0.347596
0.275929 0.402227 0.321844
0.629223 0.120777 0.25
0.819539 0.180461 0
0.440949 0.0253066 0.533745
0.392789 0.357211 0.25
0.330681 0.268703 0.400616
0.285482 0.228535 0.485983
0.636893 0.363107 0
0.927993 0.072007 0
0.29369 0.342872 0.363438
0.204267 0.265794 0.529939
0.48915 0.51085 0
0.600109 0.399891 0
0.673491 0.326509 0
0.117807 0.446599 0.435593
1.44885e-17 0.75 0.25
0.189836 0.810164 0
0.0774008 0.249752 0.672847
0.466748 0.283252 0.25
