0.326971 0.144287 0.528742
0.842082 0.157918 0
0.131289 0.595546 0.273165
0.0407874 0.959213 0
0.081546 0.918454 0
0.0864213 0.222639 0.690939
0.365053 0.634947 0
0.64315 0 0.35685
0.0396681 0.302557 0.657775
0.802623 0.197377 0
0.123377 0 0.876623
0.243988 0.756012 0
0.122207 0.877793 0
0.390396 0.268231 0.341373
0.185654 0.413438 0.400907
0.277335 0.239703 0.482962
0.192122 0 0.807878
0.330753 0.0184016 0.650845
6.63118e-17 0.462986 0.537014
0.453135 0.127514 0.419351
4.28151e-18 0.13295 0.86705
0.197543 0.552457 0.25
0.254666 0.15726 0.588074
0.0950402 0.551234 0.353726
0.26847 0.48153 0.25
0.54229 0.20771 0.25
0.114945 0.462738 0.422317
0.763159 0.236841 0
0.0109235 0.0717016 0.917375
0.881541 0.118459 0
0.131911 0.258397 0.609691
0.921019 0.0789805 0
0.138727 0.369046 0.492227
0.369753 0.0654846 0.564763
8.78532e-18 0.272803 0.727197
0.570649 0 0.429351
0.129888 0.140151 0.729961
0.414387 0.0930687 0.492544
0.497713 0.166145 0.336142
0.533792 0.0882403 0.377968
0.60553 0.0631721 0.331298
7.78901e-18 1.03233e-16 1
0.376405 0.340194 0.283401
0.960488 0.0395116 0
0.18171 0.292413 0.525877
0.25563 0.374126 0.370244
0.164401 0.500414 0.335185
1.68476e-17 0.523152 0.476848
0.3248 0.6752 0
0.75 0 0.25
0.684129 0.315871 0
1.19467e-17 0.37097 0.62903
6.78824e-17 1 0
0.210061 0.10849 0.68145
0.401234 0 0.598766
0.471859 0.241902 0.286239
0.0495864 0.534914 0.415499
0.414477 0.20541 0.380112
0.525289 0.474711 0
0.0592647 0.170869 0.769866
0.155721 0.0672608 0.777018
0.309798 0.356316 0.333886
0.441977 0.308023 0.25
0.291437 0.0888554 0.619707
0.0444794 0.628423 0.327098
0.0930061 0.330757 0.576237
2.41529e-17 0.75 0.25
0.362912 0.184612 0.452476
0.0583547 0.0067276 0.934918
0.60498 0.39502 0
0.339263 0.410737 0.25
1 0 0
2.23333e-17 0.693496 0.306504
0.203479 0.796521 0
0.500263 0.0384209 0.461316
0.723671 0.276329 0
0.644554 0.355446 0
0.289221 0 0.710779
0.318841 0.281531 0.399628
0.284549 0.715451 0
0.171153 0.183995 0.644853
0.0831839 0.666816 0.25
0.405314 0.594686 0
0.4455 0.5545 0
0.227263 0.325433 0.447304
6.53253e-18 0.202849 0.797151
0.221109 0.220264 0.558627
0.57822 0.140029 0.281751
0.0764591 0.439283 0.484258
0.232047 0.0342156 0.733738
0.470227 0 0.529773
0.485454 0.514546 0
0.565158 0.434842 0
0.648874 0.101126 0.25
4.11181e-17 0.605725 0.394275
0.0811876 0.0896527 0.82916
0.235758 0.451234 0.313007
0.689479 0.0273198 0.283201
0.0428929 0.400497 0.55661
0.162916 0.837084 0
