0.571261 0.428739 0
0.355075 0.302512 0.342413
0.0971512 0.273804 0.629045
0.154565 0.0618277 0.783607
1 0 0
0.520972 0.208696 0.270332
0.255593 0.235211 0.509196
0.293049 0.0312679 0.675683
0.20486 0.206091 0.589048
0.455661 0.544339 0
0.182 0.1605 0.657501
0.843199 0.156801 0
0.399474 0.350526 0.25
6.16128e-18 0.0819233 0.918077
0.431244 0.134455 0.434301
0.11593 0 0.88407
0.0844286 0.627642 0.28793
0.554753 0.118027 0.32722
0.882383 0.117617 0
0.075403 0.924597 0
0.670334 0.0796662 0.25
0.75 0 0.25
1.9668e-17 0.261515 0.738485
0.307815 0.442185 0.25
0.235598 0.429673 0.334729
0.417323 0.582677 0
0.406545 0.0314529 0.562002
4.77548e-17 0.75 0.25
0.648531 0.351469 0
0.494237 0.505763 0
0.12876 0.194522 0.676718
0.0746166 0.35956 0.565824
7.37488e-17 1 0
0 0.194449 0.805551
0.163515 0.281834 0.554651
0.960776 0.0392241 0
0.15682 0.59318 0.25
0 0.666813 0.333187
0.0163318 0.130008 0.85366
0.687376 0.312624 0
0.0808152 0.088037 0.831148
0.37907 0.62093 0
0.431759 0.253057 0.315184
0.471131 0.278869 0.25
0.726247 0.273753 0
0.474617 0.171024 0.35436
0.609855 0.390145 0
0.186315 0 0.813685
3.38036e-17 0.449469 0.550531
0.22346 0.31096 0.465579
0.189141 0.389041 0.421818
0.590632 0.159368 0.25
0.532747 0.467253 0
0.264909 0.735091 0
0.478895 0.0467337 0.474371
0.34302 0.186384 0.470596
0.306825 0.267426 0.425748
0.554977 0 0.445023
0.188913 0.811087 0
0.226899 0.773101 0
0.515466 0.0841403 0.400394
0.113118 0.886882 0
0.0998108 0.144191 0.755998
0.107743 0.424859 0.467398
4.15118e-17 0.55196 0.44804
0.804231 0.195769 0
0.00943502 0.384273 0.606292
0.92155 0.0784502 0
0.341069 0.658931 0
0.675146 0 0.324854
0.0499442 0.0159425 0.934113
0.324543 0.380046 0.295411
0.250867 0.499133 0.25
0.0587256 0.691274 0.25
0.0253122 0.597426 0.377262
0.389895 0.217766 0.392339
0.630441 0.065339 0.30422
0.330772 0.0783848 0.590843
0.600499 0.0204261 0.379075
0.302938 0.697062 0
0.0768736 0.509144 0.413982
0.464082 0 0.535918
0.142461 0.346614 0.510925
0.203907 0.08533 0.710763
2.47043e-17 0.32848 0.67152
9.94404e-17 6.70931e-17 1
0.272177 0.348379 0.379444
0.25493 0.116898 0.628172
0.154183 0.468748 0.377069
0.150909 0.849091 0
0.188623 0.518937 0.29244
0.111252 0.552333 0.336415
0.765175 0.234825 0
0.0610779 0.22876 0.710162
0.0318629 0.47604 0.492097
0.363461 0 0.636539
0.383235 0.106123 0.510643
0.294048 0.15643 0.549522
0.0376868 0.962313 0
0.256729 0 0.743271
