0.528254 0.471746 0
0.540785 0.132428 0.326787
3.79216e-17 0.75 0.25
0.607952 0.392048 0
0.682238 3.02975e-16 0.317762
0.36048 0.0327418 0.606778
0.143945 0.373417 0.482638
0.0273038 0.68804 0.284657
0.133793 0.26665 0.599556
0.182841 0.426278 0.390881
1.03641e-16 0.641083 0.358917
0.24559 0.75441 0
0.0701995 0.418766 0.511035
0.176831 0.0384891 0.78468
0.204841 0.795159 0
0.334427 0 0.665573
0.316833 0.106145 0.577022
0.113792 0.458709 0.427499
0.163969 0.836031 0
0.244405 0.348763 0.406833
0.75 8.32667e-17 0.25
0.103783 0.339927 0.55629
0.0766072 0.162892 0.7605
0.726642 0.273358 0
0.066144 0.600942 0.332914
0.509428 0.217079 0.273494
0.418871 0.252042 0.329087
9.19086e-17 0.568511 0.431489
0.250954 0.499046 0.25
0.367243 0.632757 0
2.67759e-17 0.0829852 0.917015
0.183617 0.0985479 0.717835
0.204603 0.3302 0.465197
0.43391 0 0.56609
0.805083 0.194917 0
0.568201 0.431799 0
0.194307 0.239716 0.565977
0.0644263 0.296626 0.638948
0.10176 0.64824 0.25
0.123073 0.876927 0
0.537159 0 0.462841
0.687319 0.312681 0
0.427625 0.124074 0.448301
0.883158 0.116842 0
0.609693 6.76895e-17 0.390307
0.14571 0.545457 0.308833
0.0226977 0.130119 0.847183
0.0120232 0.256842 0.731135
0.225773 0.167579 0.606648
0.383378 0.208227 0.408395
0.44796 0.55204 0
1 0 0
0.304897 0.246842 0.448261
0.470687 0.0336398 0.495673
2.42861e-17 1 0
0.176358 0.573642 0.25
0.388563 0.361437 0.25
0.463788 0.286212 0.25
4.2353e-17 0.200122 0.799878
0.243078 0.112842 0.64408
0.0268797 0.501487 0.471633
0.961082 0.0389176 0
0.314432 0.429775 0.255793
0.157967 0.181078 0.660954
1.35909e-19 5.53752e-17 1
0.233129 0.272775 0.494096
7.37097e-17 0.45594 0.54406
1.66219e-17 0.328742 0.671258
0.275472 0.388442 0.336086
0.464404 0.171847 0.363749
0.666246 0.0837539 0.25
0.2863 0.7137 0
0.574568 0.0560153 0.369417
0.275636 0.193994 0.53037
0.501637 0.0865641 0.411799
0.209099 0.468897 0.322003
0.392017 0.0803939 0.527589
0.243659 0 0.756341
0.0936805 0.215577 0.690743
0.40772 0.59228 0
0.0801949 0.0438322 0.875973
0.582501 0.167499 0.25
0.0820308 0.917969 0
0.647646 0.352354 0
0.844223 0.155777 0
0.0409791 0.959021 0
0.922071 0.0779285 0
0.271246 0.0416811 0.687073
0.328801 0.295169 0.37603
0.488172 0.511828 0
0.148757 0 0.851243
0.326759 0.673241 0
0.0907954 0.526243 0.382962
0.765934 0.234066 0
0.349432 0.160523 0.490045
0.359757 0.33245 0.307794
0.110527 0.0934282 0.796045
0.0149558 0.385002 0.600042
0.625032 0.0724819 0.302486
0.0582011 0 0.941799
