0.458872 0.0590935 0.482034
0.137945 0.533845 0.32821
0.0706018 0.0908337 0.838565
0.200762 0.799238 0
0.523993 0.19807 0.277937
0.145332 0.308605 0.546063
0.196785 0.130708 0.672507
0.419534 0 0.580466
0.21501 0.295202 0.489789
0.561646 0 0.438354
0.920738 0.0792617 0
0.254532 0.214372 0.531096
0.107386 0.499373 0.393241
0.0402111 0.23147 0.728319
0.0922092 0.26497 0.64282
0.120384 0.879616 0
0.691421 0.0585792 0.25
0.352101 0.0348538 0.613045
0.0140811 0.682336 0.303583
0 0 1
0.592097 0.157903 0.25
0.174354 0.23883 0.586816
0.522098 0.477902 0
0.0401319 0.959868 0
0.642138 0.357862 0
0.213565 0 0.786435
0.628117 0.0868587 0.285024
0.321352 0.678648 0
0.482018 0.517982 0
0 0.51815 0.48185
0.667823 0 0.332177
0 0.628722 0.371278
0.682034 0.317966 0
0.562208 0.437792 0
0.303912 0.127635 0.568453
0.372456 0.215681 0.411863
0 0.75 0.25
0.2711 0.396467 0.332433
0.115071 0 0.884929
0.801603 0.198397 0
0.0765949 0.461916 0.46149
0.144517 0.038968 0.816515
8.70305e-18 0.368979 0.631021
0.165221 0.584779 0.25
1 0 0
0.216234 0.47871 0.305056
0.382263 0.0874644 0.530273
0.221554 0.170587 0.607859
0 0.0803603 0.91964
0.240007 0.509993 0.25
0.0535225 0.411986 0.534492
0.841336 0.158664 0
2.35868e-17 1 0
0.761799 0.238201 0
0.165496 0.0914014 0.743103
0.314767 0.435233 0.25
0.55072 0.117861 0.33142
0.41983 0.134522 0.445648
0.0293157 0.559537 0.411148
0.416512 0.333488 0.25
0.484338 0.265662 0.25
0.291484 0.259138 0.449378
0.240946 0.759054 0
0.0802621 0.919738 0
4.80261e-18 0.203614 0.796386
0.187743 0.44039 0.371867
0.490582 0 0.509418
0.441934 0.558066 0
0.721916 0.278084 0
0.75 8.32667e-17 0.25
0.316465 0 0.683535
0.0880503 0.143951 0.767998
0.350969 0.363728 0.285303
0.385901 0.275559 0.338541
1.04623e-17 0.443565 0.556435
0.159175 0.400653 0.440173
0.597865 0.0319731 0.370162
0.0499375 0.0152285 0.934834
0.281139 0.718861 0
0.881022 0.118978 0
0.27324 0.0839737 0.642787
0.509637 0.0829237 0.407439
0.0877152 0.60281 0.309475
0.121232 0.372678 0.50609
0.336871 0.173131 0.489998
0.160569 0.839431 0
0.401751 0.598249 0
0.0683971 0.335682 0.595921
0.60219 0.39781 0
0.361567 0.638433 0
0.245945 0.0348397 0.719215
0.125653 0.18705 0.687297
0.960379 0.0396215 0
0.081779 0.668221 0.25
7.10484e-18 0.30122 0.69878
0.00597735 0.138998 0.855025
0.316424 0.310719 0.372857
0.238276 0.349869 0.411855
0.445752 0.236701 0.317547
0.467867 0.164808 0.367325
