0.273199 0.184227 0.542574
0.253229 0.0195166 0.727254
8.73648e-18 0.392352 0.607648
0.137647 0.027738 0.834614
0.118094 0.881906 0
0.327175 0.216376 0.456449
0.716183 0.283817 0
3.67106e-17 0.255903 0.744097
0.290602 0.0653027 0.644095
0.208782 0.105102 0.686117
0.101738 0.407684 0.490578
0.0711313 0.60307 0.325799
0.0958972 1.06467e-17 0.904103
2.08755e-17 0.64365 0.35635
0.276154 0.723846 0
0.0157707 0.572369 0.411861
0.595346 0.404654 0
0.185627 0.272927 0.541446
0.959303 0.0406969 0
0.0681844 0.227417 0.704399
0.152614 0.243893 0.603492
0.0206986 0.0393952 0.939906
4.58311e-18 0.114594 0.885406
0.55524 0.44476 0
0.148376 0.441046 0.410578
0.33048 0.41952 0.25
0.00435524 0.184122 0.811523
0.408545 0.111069 0.480385
0.675808 0.324192 0
0.335145 0.089605 0.57525
0.756559 0.243441 0
0.373015 0.241248 0.385736
0.611904 0 0.388096
0.0899969 0.279687 0.630317
0.183409 0.486656 0.329934
0.197108 0.802892 0
0.139752 0.335012 0.525236
0.16543 0.076563 0.758007
0.837554 0.162446 0
0.245763 0.145808 0.608429
0.481663 0.0861692 0.432167
0.395322 0.604678 0
0.0659743 0.35857 0.575456
0.226723 0.401523 0.371754
0.797072 0.202928 0
0.496157 5.50845e-17 0.503843
0.157555 0.842445 0
0.355582 0.644418 0
3.99944e-17 1 0
0.247699 0.255161 0.49714
0.683535 0.0664645 0.25
7.4317e-17 0.51805 0.48195
0.330747 0.317116 0.352137
0.475134 0.524866 0
0.172382 0.183799 0.643819
0.205676 2.28346e-17 0.794324
0.57408 0.17592 0.25
0.614848 0.110867 0.274285
0.323335 0 0.676665
1 0 0
0.276403 0.301191 0.422406
0.635449 0.364551 0
0.0695244 0.484578 0.445898
0.510592 0.226418 0.26299
0.472308 0.193458 0.334234
0.0786992 0.921301 0
0.452317 0.297683 0.25
0.393882 0 0.606118
0.426347 0.164976 0.408677
0.542737 0.0170455 0.440218
0.584913 0.0720695 0.343018
0.351605 0.144811 0.503584
0.671948 0.00655589 0.321496
0.194 0.353839 0.452161
0.918757 0.0812427 0
0.152206 0.572802 0.274991
0.262287 0.459912 0.277801
0.75 0 0.25
0.105556 0.527667 0.366777
1.67002e-17 0.75 0.25
0.0301721 0.688704 0.281124
0.295289 0.37987 0.324841
0.22036 0.52964 0.25
0.039352 0.960648 0
0.31583 0.68417 0
0.0621352 0.0809625 0.856902
0.878123 0.121877 0
0.435272 0.564728 0
0.119794 0.158157 0.722049
0.0847464 0.127137 0.788117
0.105403 0.644597 0.25
0.415934 0.268994 0.315072
0.520047 0.119189 0.360763
0.515131 0.484869 0
0.429503 0.0350593 0.535438
0.0153399 0.447917 0.536743
0.236657 0.763343 0
0.381967 0.352299 0.265734
0.00665934 0.321149 0.672192
3.43858e-19 6.59504e-18 1
