0.0718719 0.928128 0
1 0 0
0.510082 0 0.489918
0.110327 0.575743 0.313931
0.538268 0.0452301 0.416502
0.0799589 0.417919 0.502122
0.631129 0.045225 0.323646
0.658338 0.341662 0
0 0.458672 0.541328
0.423667 0.18681 0.389523
0.271887 0.478112 0.25
0.605013 0 0.394987
0.75 0 0.25
0.17598 1.95377e-17 0.82402
0.20209 0.538513 0.259396
0.107949 0.892051 0
0.225862 0.221437 0.552701
3.83877e-17 0.67237 0.32763
0.223738 0.0272265 0.749036
0.304212 0.0655774 0.630211
0.067654 0.303467 0.628879
0.347325 0 0.652675
0.437911 0.0437961 0.518293
0.443918 0.306081 0.25
0.923674 0.0763258 0
0.695893 0.304107 0
0.288863 0.711137 0
0.413155 0 0.586845
0.0917485 0.129848 0.778403
0.214299 0.102236 0.683465
0.383002 0.268516 0.348483
0.354102 0.0916226 0.554275
0.18014 0.81986 0
0.212975 0.401197 0.385828
0.13988 0.145058 0.715062
0.58348 0.41652 0
0.733724 0.266276 0
0.0280361 0.500595 0.471369
0.465307 0.0967539 0.437939
0.373651 0.338501 0.287848
4.13206e-18 2.80683e-18 1
0.103794 0 0.896206
0.0661066 0.0812702 0.852623
0.361839 0.638161 0
0.30321 0.358415 0.338376
0.281463 0 0.718537
0.138268 0.611732 0.25
0.122355 0.453437 0.424208
0.278023 0.316032 0.405944
0.342099 0.227035 0.430866
0.468921 0.23474 0.296339
0.246599 0.440588 0.312813
0.264286 0.140695 0.595019
0.165177 0.490872 0.343951
0.0800327 0.530523 0.389444
0.809505 0.190495 0
0.38823 0.137782 0.473988
0.0358901 0.96411 0
0.665513 0.0844871 0.25
0.0403162 0.206016 0.753668
0.593095 0.143073 0.263832
0.546302 0.453698 0
0.260833 0.265712 0.473455
0 0.571151 0.428849
0.11099 0.343296 0.545714
0.771523 0.228477 0
0.343245 0.406755 0.25
0.181596 0.18326 0.635143
0.620837 0.379163 0
0.21639 0.78361 0
0.145794 0.0644005 0.789806
0.143963 0.856037 0
0.694093 7.70598e-17 0.305907
0 0.104896 0.895104
0.961833 0.0381667 0
0 0.75 0.25
0.0344884 0.612366 0.353146
0.4984 0.148885 0.352715
0.192865 0.305192 0.501942
0.0961654 0.228225 0.67561
0.563235 0.100451 0.336313
5.70932e-17 1 0
0.167687 0.373725 0.458589
0.540538 0.209462 0.25
0 0.274496 0.725504
0.0240086 0.388776 0.587215
0.252591 0.747409 0
0.885577 0.114423 0
0.435632 0.564368 0
0.0302187 0.0313013 0.93848
0.14707 0.263676 0.589254
0.398513 0.601487 0
0.307611 0.179068 0.513321
0.847456 0.152544 0
0 0.176413 0.823587
0.0644147 0.681546 0.254039
2.84547e-17 0.344051 0.655949
0.472463 0.527537 0
0.509261 0.490739 0
0.325274 0.674726 0
