0.0446071 0.68491 0.270483
0.131204 0.163267 0.705529
0.238528 0.288445 0.473027
0.361604 0.638396 0
0.149656 0.332231 0.518113
0.30962 0.368822 0.321558
0.559636 0 0.440364
0.0116291 0.157526 0.830845
0.733911 0.266089 0
0.00474401 0.659646 0.33561
0.082097 0.253323 0.66458
0.270365 0.460825 0.26881
0.262737 0 0.737263
0.108868 0.400454 0.490678
0.24685 0.166465 0.586684
1 0 0
0.696204 0.303796 0
0.162327 0.211906 0.625767
0.186799 2.07389e-17 0.813201
0.0959346 0.11473 0.789335
1.2323e-17 0.502483 0.497517
0.449561 0 0.550439
0.425784 0.245796 0.32842
0.583591 0.416409 0
0.394367 0.335713 0.26992
0.11382 0.299484 0.586695
0.147404 0.453384 0.399212
0.32871 0.24259 0.4287
0.325151 0.674849 0
0.489243 0.0319854 0.478771
0.75 0 0.25
0.546387 0.453613 0
2.45215e-18 0.0999891 0.900011
0.0319499 0.541608 0.426442
1.83931e-17 0.75 0.25
1.48669e-17 0.606216 0.393784
0.16454 0.078564 0.756896
0.581706 0.168294 0.25
0.143687 0.856313 0
0 1 0
0.274508 0.328037 0.397455
0.653037 0.0969625 0.25
0.885712 0.114288 0
0.462963 0.287037 0.25
0.658552 0.341448 0
0.435259 0.564741 0
0.847631 0.152369 0
0.239305 0.0563936 0.704302
0.371253 0.171449 0.457298
0.621064 0.378936 0
0.0717674 0.928233 0
0.10968 0.64032 0.25
0.463657 0.175894 0.360449
0.509175 0.490825 0
0.923766 0.0762345 0
0.035879 0.964121 0
0.0768403 0.0668045 0.856355
0.112864 1.25304e-17 0.887136
0.687152 0.0221466 0.290701
0.0366761 0.0238018 0.939522
0.252205 0.747795 0
0.291845 0.08322 0.624936
0.398272 0.601728 0
9.8864e-18 0.403129 0.596871
0.200364 0.249847 0.549789
0.33867 3.75999e-17 0.66133
0.177743 0.497443 0.324815
0.809633 0.190367 0
0.0884134 0.557602 0.353984
0.0794071 0.4763 0.444293
0.408128 0.083069 0.508803
7.44841e-18 0.303717 0.696283
0.35831 0.283151 0.358539
0.215877 0.784123 0
0.190725 0.371758 0.437517
0.341966 0.408034 0.25
0.0601386 0.199218 0.740643
0.107682 0.892318 0
0.0382066 0.340857 0.620936
0.472075 0.527925 0
0.377796 0.0303686 0.591835
0.17969 0.82031 0
5.63399e-18 0.229732 0.770268
0.511236 0.217889 0.270874
0.0359098 0.429534 0.534556
0.517706 0.0862411 0.396053
0.961892 0.038108 0
0.230234 0.414604 0.355162
0.288689 0.711311 0
0.771617 0.228383 0
0.331543 0.122987 0.545469
0.597866 0.0630549 0.339079
0.142149 0.579832 0.278019
0.634424 0 0.365576
1.06096e-16 4.92584e-18 1
0.205823 0.128763 0.665413
0.286067 0.205965 0.507967
0.548993 0.134537 0.31647
0.217996 0.532004 0.25
0.440184 0.129111 0.430705
