7.08724e-17 0.626874 0.373126
0.617529 0.101622 0.280848
0.344117 0.267457 0.388426
0.514009 0.485991 0
0.292883 0.707117 0
2.93765e-18 0.0852381 0.914762
0.0278342 0.189982 0.782184
0.0193479 0.435193 0.54546
0.338066 0 0.661934
1.80687e-17 3.74425e-17 1
0.0731606 0.926839 0
0.199195 0.1162 0.684605
0.23085 0.395367 0.373783
0.588082 0.411918 0
0.112664 0.512051 0.375285
9.33192e-17 1 0
0.524442 0.146324 0.329234
0.962333 0.0376666 0
0.185711 0 0.814289
0.0215505 0.556067 0.422382
3.5778e-17 0.383394 0.616606
0.359158 0.0816179 0.559224
0.232228 0.517772 0.25
0.440192 0.559808 0
0.207143 0.216699 0.576158
0.161912 0.558695 0.279392
0.0492381 0.0179681 0.932794
5.2128e-18 0.151253 0.848747
0.076826 0.226141 0.697033
0.318356 0.159025 0.522619
1.03016e-18 0.506336 0.493664
0.737168 0.262832 0
0.155124 0.304037 0.540839
0.52782 0 0.47218
0.114681 0.266589 0.61873
0.298581 0.0674657 0.633953
0.182918 0.817082 0
0.66246 0.33754 0
0.112491 0.147503 0.740005
0.550958 0.449042 0
0.406543 0.343457 0.25
0.503733 0.211222 0.285045
0.849584 0.150416 0
0.381274 0.306706 0.31202
0.21956 0.78044 0
0.427465 0.225965 0.34657
2.58481e-17 0.75 0.25
0.0223112 0.312145 0.665544
0.16056 0.186718 0.652722
0.0804733 0.5831 0.336427
0.338005 0.411995 0.25
0.108495 0.390056 0.501449
1 0 0
0.257691 0.140728 0.60158
0.685298 0.0647021 0.25
0.0739033 0.346574 0.579523
0.152216 0.430521 0.417263
0.75 0 0.25
0.500953 0.0641452 0.434902
0.0365807 0.963419 0
0.412648 0.106383 0.480969
0.190872 0.348611 0.460516
0.408944 0 0.591056
0.150964 0.0700307 0.779005
0.26189 0 0.73811
0.477046 0.522954 0
0.120296 0.629704 0.25
0.256208 0.743792 0
0.88712 0.11288 0
0.699817 0.300183 0
0.109742 0.890258 0
0.380879 0.1857 0.433421
0.0747291 0.0965455 0.828725
0.233135 0.0528808 0.713984
0.464376 0.137191 0.398433
0.57726 0.17274 0.25
0.271273 0.445166 0.283561
0.924678 0.0753224 0
0.403281 0.596719 0
0.267477 0.311524 0.420999
0.625144 0.374856 0
0.0477308 0.651906 0.300364
0.475103 0.274897 0.25
0.812092 0.187908 0
0.234028 0.26002 0.505952
0.116496 0 0.883504
0.0733093 0.469828 0.456863
0.455205 0.0222556 0.522539
0.191123 0.476142 0.332735
0.30017 0.228309 0.471521
0.0214377 0.704433 0.274129
0.366442 0.633558 0
0.601957 0 0.398043
0.146329 0.853671 0
0.566638 0.0732782 0.360083
0.774566 0.225434 0
0.306745 0.357204 0.336051
0.667481 0.00352018 0.328999
0.329645 0.670355 0
9.07186e-18 0.263227 0.736773
