0.26826 0.0685496 0.663191
0.191632 0.334867 0.473501
0.516526 0 0.483474
3.77487e-17 0.263625 0.736375
0.549401 0.163541 0.287057
0.466228 0.131417 0.402355
0.22923 0.259853 0.510918
0.0912617 0.409916 0.498822
0.0336583 0.684054 0.282288
0.75 0 0.25
0.146096 0.0699848 0.783919
0.671468 0.328532 0
0.390422 0.609578 0
0.178138 0 0.821862
0.198684 0.551316 0.25
0.102306 0.272368 0.625325
0.51 0.49 0
0.422319 0.267465 0.310217
0.834902 0.165098 0
0.752989 0.247011 0
0.314646 0.397078 0.288276
0.356967 0.0219612 0.621072
0.451855 0.0317899 0.516355
0.543738 0.036461 0.419801
7.50387e-17 0.524046 0.475954
0.418911 0 0.581089
0.344049 0.256037 0.399914
4.10265e-17 0.388546 0.611454
0.234333 0.0145648 0.751102
0.103858 0.149117 0.747025
0.452819 0.203462 0.343719
0.142522 0.311084 0.546394
0.116106 0.883894 0
0.876165 0.123835 0
0.0074111 0.452028 0.540561
0.0995865 0.650413 0.25
0.186226 0.226685 0.587089
0.122642 0.589966 0.287393
0.59037 0.40963 0
1 0 0
0.189027 0.103581 0.707391
0.0640742 0 0.935926
0.0686621 0.102987 0.828351
0.0820947 0.554666 0.363239
1.76965e-18 1.09253e-16 1
0.28315 0.358711 0.358139
0.293144 0.456856 0.25
6.50521e-18 0.75 0.25
0.264569 0.306216 0.429215
0.712011 0.287989 0
2.09663e-17 0.651762 0.348238
0.594735 0.0760938 0.329171
0.272385 0.177691 0.549923
0.305331 0 0.694669
0.128724 0.464436 0.40684
0.0610942 0.493136 0.44577
0.272054 0.727946 0
0.163626 0.390593 0.445781
0.0772594 0.922741 0
0.0186895 0.192976 0.788335
0.430044 0.569956 0
0.350764 0.649236 0
0.311279 0.688721 0
0.429052 0.0964154 0.474532
0.673163 0.00730006 0.319537
0.469954 0.530046 0
0.615129 0 0.384871
0.319134 0.0953573 0.585508
0.235428 0.472627 0.291946
1.0559e-16 1 0
0.0386066 0.961393 0
0.683519 0.063546 0.252935
0.0670037 0.356005 0.576991
0.21073 0.415994 0.373276
0.230143 0.144361 0.625496
0.917423 0.0825771 0
0.452433 0.297567 0.25
0.523312 0.109742 0.366946
0.384657 0.365343 0.25
0.0699879 0.228145 0.701867
0.550172 0.449828 0
0.161555 0.50675 0.331696
0.358466 0.310053 0.331481
0.958699 0.0413009 0
0.14843 0.18617 0.665399
0.358535 0.126781 0.514684
0.232913 0.767087 0
0.793868 0.206132 0
0.631146 0.368854 0
0.309746 0.215823 0.47443
0.154961 0.845039 0
0.391721 0.180114 0.428164
0.620082 0.129918 0.25
0.00921772 0.587619 0.403163
1.51402e-17 0.143387 0.856613
0.00410193 0.0754002 0.920498
0.0157932 0.317986 0.666221
0.105343 0.0235958 0.871061
0.193856 0.806144 0
0.520225 0.229775 0.25
