0.0659645 0.569696 0.364339
0.648037 0.351963 0
0.463998 0 0.536002
0.445449 0.304551 0.25
0.725748 0.274252 0
0.416759 0.583241 0
0.644202 0 0.355798
0.264221 0.735779 0
0.100618 0 0.899382
0.31912 0.184214 0.496666
0.115296 0.178233 0.70647
0.259594 0.325088 0.415318
0.0302823 0.224739 0.744979
0.286684 0 0.713316
0.358045 0 0.641955
0.193404 0.16537 0.641226
0.502094 0.165611 0.332295
0.0375566 0.962443 0
0.193951 0.530284 0.275765
0.580353 0.140789 0.278859
0.463667 0.121196 0.415137
0.505079 0.0311575 0.463763
0.22623 0.77377 0
0.0254021 0.0358746 0.938723
0.649447 0.100553 0.25
0.0870937 0.130537 0.782369
0.389656 0.0293814 0.580963
0.256621 0.493379 0.25
0.127187 0.33533 0.537483
9.41267e-18 0.185067 0.814933
0.215316 0 0.784684
0.105108 0.504628 0.390264
0.384589 0.312309 0.303103
0.75 8.32667e-17 0.25
0.0792298 0.67077 0.25
9.89572e-17 0.611288 0.388712
0.213221 0.290029 0.496749
0.84301 0.15699 0
0.92142 0.0785802 0
0.279753 0.429495 0.290751
0.38817 0.159636 0.452194
0.356028 0.393972 0.25
1.2167e-18 1.09806e-16 1
0.225888 0.399328 0.374784
0.311881 0.348123 0.339996
0.188361 0.811639 0
0.169988 0.260605 0.569408
0.00513294 0.680253 0.314614
0.288888 0.258573 0.452539
0.112889 0.887111 0
0.607543 0.0628415 0.329615
0.464785 0.245565 0.28965
7.8538e-17 0.485152 0.514848
0.803853 0.196147 0
0.572198 0 0.427802
0.271803 0.0656021 0.662595
6.84898e-17 1 0
0.348288 0.103703 0.548009
0.167946 0.0781604 0.753893
6.69081e-17 0.413311 0.586689
0.0240047 0.344178 0.631817
0.143326 0.026688 0.829986
0.103542 0.585915 0.310543
0.424212 0.0788355 0.496953
0.538185 0.0860953 0.37572
1 0 0
0.244683 0.20847 0.546847
0.208131 0.101677 0.690191
0.532035 0.467965 0
0.0641527 0.0824106 0.853437
0.340448 0.659552 0
0.150651 0.849349 0
0.177886 0.476489 0.345625
0.493439 0.506561 0
0.540338 0.209662 0.25
0.0752322 0.924768 0
0.0770252 0.26816 0.654815
0.690192 0.027237 0.282571
0.88221 0.11779 0
0.35681 0.248733 0.394457
0.57061 0.42939 0
0.171016 0.364906 0.464078
5.64984e-18 0.111084 0.888916
0.686851 0.313149 0
4.80231e-17 0.296653 0.703347
0.764755 0.235245 0
0.149948 0.600052 0.25
0.144222 0.427847 0.427931
0.142904 0.232037 0.625059
0.280409 0.127506 0.592085
0.960662 0.0393376 0
0.0156013 0.537146 0.447253
0.0640605 0.378402 0.557537
1.01177e-17 0.75 0.25
0.425175 0.209561 0.365264
0.378518 0.621482 0
0.302216 0.697784 0
0.0760039 0.445071 0.478925
0.455088 0.544912 0
0.60927 0.39073 0
