0.674937 0.0750634 0.25
0.136794 0.269249 0.593957
0.249038 0.142755 0.608207
7.56995e-18 0.262458 0.737542
0.0787196 0.92128 0
0.878252 0.121748 0
0.430107 0.0924744 0.477418
0.328004 3.64157e-17 0.671996
0.0625778 0.301767 0.635655
0.0543643 0.503044 0.442591
3.16228e-17 0.75 0.25
0.0182507 0.388504 0.593246
0.369895 0.380105 0.25
0.315886 0.684114 0
0.355657 0.644343 0
0.374326 0.0606791 0.564995
0.0856276 0.227551 0.686821
0.0612771 0.686248 0.252475
0.675928 0.324072 0
0.0869665 0.10566 0.807374
0.434979 0.225091 0.339929
0.286737 0.169882 0.543381
0.122667 0.148921 0.728411
0.27698 0.414652 0.308367
0.515437 0.484563 0
0.0731942 0.42743 0.499376
0.630293 0.0589789 0.310728
0.29738 0.0753208 0.627299
0.258587 0.0203562 0.721056
1 0 0
3.14023e-17 2.41088e-17 1
2.88426e-17 1 0
0.0340376 0.192366 0.773597
0.470064 0.139576 0.39036
2.54459e-17 0.603502 0.396498
0.75 0 0.25
0.435548 0.564452 0
0.174189 0.411166 0.414645
0.674421 7.48758e-17 0.325579
0.837719 0.162281 0
0.465502 0.00863636 0.525861
0.509475 0.177005 0.313519
0.395564 0.604436 0
0.243864 0.36713 0.389006
0.534736 5.93676e-17 0.465264
0.918832 0.0811682 0
3.29473e-18 0.0781413 0.921859
0.1387 0.010324 0.850976
0.353536 0.131276 0.515188
0.238234 0.25463 0.507136
0.138332 0.611668 0.25
0.141892 0.386514 0.471594
0.188536 0.321453 0.490012
0.756731 0.243269 0
0.276162 0.723838 0
0.595501 0.404499 0
0.403411 0.308962 0.287627
0.599642 0.0046758 0.395682
0.554911 0.0962853 0.348804
0.161345 0.521266 0.317389
0.0959059 0.598846 0.305248
0.208398 0 0.791602
0.471486 0.278514 0.25
0.215817 0.534183 0.25
0.716317 0.283683 0
0.39492 0.17694 0.428139
1.92204e-17 0.455851 0.544149
0.157592 0.842408 0
0.236593 0.763407 0
0.401682 4.45957e-17 0.598318
0.540789 0.209211 0.25
0.0711685 0.561862 0.366969
0.55539 0.44461 0
0.600799 0.141228 0.257973
0.197048 0.802952 0
0.797224 0.202776 0
0.959442 0.0405583 0
0.101618 0.346548 0.551834
0.323483 0.337496 0.339021
0.276198 0.295663 0.428139
0.118155 0.881845 0
2.2337e-17 0.529768 0.470232
0.0393155 0.960684 0
0.075079 8.33544e-18 0.924921
0.358942 0.260541 0.380517
0.00265098 0.66755 0.3298
1.41406e-17 0.335374 0.664626
0.209464 0.454849 0.335687
0.635637 0.364363 0
4.50734e-18 0.156274 0.843726
0.507115 0.0640328 0.428853
0.166176 0.184978 0.648846
0.292883 0.457117 0.25
0.0565438 0.0630019 0.880454
0.31921 0.215848 0.464942
0.205526 0.22301 0.571463
0.166953 0.069792 0.763255
0.123173 0.480852 0.395975
0.475418 0.524582 0
0.210638 0.103204 0.686158
