0.727387 0.272613 0
0.0367807 0.0259296 0.93729
0.49638 0.0813804 0.42224
0.0793114 0.201911 0.718777
0.596395 0.0963327 0.307272
0.402376 0.190605 0.407019
0.382537 0.301717 0.315747
0.264771 0.178382 0.556847
0.231039 0 0.768961
3.49845e-17 0.560318 0.439682
0.037998 0.600133 0.361869
0.688603 0.311397 0
0.341728 0.658272 0
0.506076 0.138727 0.355197
0.113547 0.886453 0
4.2051e-17 9.67269e-17 1
0.540107 0 0.459893
0.0791701 0.0728083 0.848022
0.482018 0.267982 0.25
0.246875 0.42797 0.325155
0.308068 0.0681759 0.623756
0.158607 0.16085 0.680543
0.157128 0.483248 0.359624
0.119361 0.571947 0.308691
0.194518 0.405077 0.400405
0.638511 7.08889e-17 0.361489
0.298039 0.207695 0.494266
0.211436 0.505301 0.283263
0.126385 0.110336 0.763279
0.0756968 0.924303 0
1.21222e-17 0.75 0.25
2.27125e-17 0.363767 0.636233
0.10732 0.446247 0.446433
0.805159 0.194841 0
0.238067 0.335948 0.425985
0.279956 0.019439 0.700605
0.145131 0.368709 0.486161
7.06711e-18 0.437241 0.562759
0.160291 0.274703 0.565005
0.649822 0.350178 0
0.0846564 0.327434 0.58791
0.418438 0.581562 0
0.197698 0.205613 0.596689
0.199822 0.294387 0.505791
0.186801 0.563199 0.25
0.363669 0.160171 0.47616
0.664231 0.0857688 0.25
0.07803 0.522926 0.399044
0.162911 0.0213528 0.815737
0.347716 0.26086 0.391424
0.198996 0.0758832 0.725121
0.0285049 0.293205 0.67829
0.570806 0.0408367 0.388358
0.75 0 0.25
0.275656 0.273263 0.45108
0.611121 0.388879 0
0.0378285 0.962171 0
0.33921 0.392206 0.268583
1 0 0
0.265493 0.734507 0
0.522243 0.195299 0.282458
0.410051 0.339949 0.25
0.435857 0.117519 0.446624
4.12001e-17 0.659867 0.340133
0.303599 0.696401 0
0.287836 0.462164 0.25
0.0661156 0.401846 0.532038
0.151456 0.848544 0
0.883051 0.116949 0
0.441237 0.223547 0.335215
0.22738 0.77262 0
0.379952 0.620048 0
0.495351 0.504649 0
0.326739 0.109715 0.563546
6.29216e-18 0.100776 0.899224
0.533902 0.466098 0
0.10506 0.64494 0.25
0.423311 4.6997e-17 0.576689
0.0400191 0.684943 0.275038
0.572484 0.427516 0
1.57091e-17 0.2516 0.7484
0.844082 0.155918 0
0.922028 0.0779724 0
0.395444 0.0753571 0.529199
0.189397 0.810603 0
2.84719e-18 0.176155 0.823845
0.351619 0 0.648381
0.456852 0.543148 0
0.0553684 0.149022 0.795609
0.296728 0.35059 0.352681
0.68425 0.0200251 0.295725
0.766238 0.233762 0
0.582794 0.167206 0.25
0.113597 0.24466 0.641743
0.0194794 0.489982 0.490539
0.111636 3.71824e-17 0.888364
0.472757 0.0222863 0.504956
0.236991 0.118271 0.644738
0.961012 0.0389876 0
6.24369e-17 1 0
