0.463271 0 0.536729
0.0399281 0.563501 0.396571
0.271948 0.276358 0.451694
0.535148 0.119241 0.345611
0.706928 0.293072 0
0.581025 0.418975 0
0.0821614 0.917839 0
0.135195 0.173159 0.691646
0.123337 0.876663 0
0.347376 0 0.652624
0.649944 0.100056 0.25
0.136225 0.0716563 0.792119
0.874578 0.125422 0
5.05917e-17 0.0912688 0.908731
0.0653157 0.440176 0.494508
0.486247 0.263753 0.25
0.0200114 0.402698 0.577291
0.247259 0.752741 0
0.353069 0.109878 0.537053
0 0.633036 0.366964
0.271019 0 0.728981
0.573229 0.0290565 0.397715
0.219122 0.46802 0.312858
0 0 1
0.145314 0.281017 0.573669
0.0410777 0.958922 0
0.488342 0.0851068 0.426551
0.179827 0.435582 0.384592
0.118855 1.31955e-17 0.881145
0 1 0
0.0411282 0.222363 0.736509
0.14412 0.397858 0.458022
0.45527 0.54473 0
0.664966 0.335034 0
0.0123113 0.685427 0.302261
0.790842 0.209158 0
0.0770446 0.672838 0.250118
0.393145 0.023297 0.583558
0.958218 0.0417825 0
0.622974 0.377026 0
0 0.356089 0.643911
0.313998 0.194014 0.491988
0.312457 0.31805 0.369493
0.689342 0.0271186 0.283539
0.0435431 0.0158997 0.940557
0.75 8.32667e-17 0.25
0.643732 0 0.356268
0.205884 0.794116 0
0.534501 0 0.465499
0.132874 0.516677 0.350449
0.916416 0.0835841 0
0.194839 2.16314e-17 0.805161
0.371805 0.628195 0
0.0888974 0.146333 0.76477
0.0322928 0.128392 0.839315
0 0.469629 0.530371
0.179081 0.548644 0.272275
0.453535 0.160527 0.385938
0.0657795 0.319036 0.615184
0.250349 0.0562609 0.69339
0.0942479 0.248193 0.657559
0.396428 0.146265 0.457307
0.0867837 0.593018 0.320198
0.164585 0.835415 0
0.179994 0.0912378 0.728768
0.413637 0.586363 0
0 0.75 0.25
0.139098 0.610902 0.25
0.288787 0.711213 0
0.220216 0.129861 0.649922
0 0.53684 0.46316
0.354024 0.236028 0.409948
3.18759e-17 0.289185 0.710815
0.268452 0.159719 0.571829
0.248332 0.501668 0.25
0.0831481 0.057682 0.85917
0.606184 0.0778484 0.315967
0.748878 0.251122 0
0 0.194424 0.805576
0.317448 0.432552 0.25
0.305699 0.0794735 0.614827
0.497166 0.502834 0
0.351829 0.36575 0.282422
0.832729 0.167271 0
0.510223 0.196652 0.293126
0.092649 0.483132 0.424219
0.187469 0.318208 0.494323
0.391253 0.288155 0.320593
0.26907 0.395335 0.335595
0.228579 0.356252 0.415168
0.103352 0.360311 0.536338
0.330283 0.669717 0
0.429666 0.222023 0.348311
0.229402 0.238845 0.531752
0.182002 0.20579 0.612209
0.53907 0.46093 0
0.43532 0.0663279 0.498352
0.419947 0.330053 0.25
0.579708 0.170292 0.25
1 0 0
