0.436397 0.280182 0.283421
4.17552e-17 0.75 0.25
0.286752 0.0164392 0.696809
0.453728 0.546272 0
0.463077 0.213358 0.323566
0.544469 0.0596131 0.395918
0.636289 0.113711 0.25
0.763873 0.236127 0
0.213068 0.418588 0.368344
0.23335 0.176312 0.590338
0.260737 0.489263 0.25
0.388076 0.0998945 0.51203
0.0809358 8.08711e-17 0.919064
0.572924 6.36073e-17 0.427076
0.92111 0.0788898 0
0.301086 0.698914 0
0.320262 0.253541 0.426196
0.648545 0 0.351455
0.96045 0.0395496 0
0.269263 0.335693 0.395045
0.0749719 0.925028 0
0.415498 0.584502 0
0.119165 0.174373 0.706461
0.163372 0.511495 0.325132
0.150085 0.849915 0
0.0369752 0.690533 0.272492
0.18497 0.56503 0.25
0.646757 0.353243 0
0.155471 0.215664 0.628865
0.530732 0.469268 0
0.0920285 0.42914 0.478832
0.36246 0.172042 0.465498
0.234172 1.03993e-16 0.765828
0.107863 0.300927 0.59121
0.72476 0.27524 0
0.497281 1.10419e-16 0.502719
0.179508 0.380746 0.439747
0.11245 0.63755 0.25
0.161858 7.18794e-17 0.838142
0.0398858 0.513246 0.446868
0.0716056 0.609982 0.318412
1.36533e-17 0.187559 0.812441
0.11251 0.88749 0
0.569294 0.430706 0
0.595434 0.0836951 0.320871
0.0760466 0.257106 0.666847
5.24653e-18 0.0720728 0.927927
4.49879e-18 0.652019 0.347981
0.803033 0.196967 0
0.0661438 0.383209 0.550648
0.511292 0.140446 0.348262
0.466189 0.113945 0.419867
0.881639 0.118361 0
0.275804 0.217159 0.507038
0.562674 0.172793 0.264533
0.425757 0.00682509 0.567418
3.5185e-17 0.483345 0.516655
0.339538 0.0646889 0.595774
0.359978 0.293863 0.346159
0.129891 0.466219 0.403889
0.0657369 0.0511927 0.88307
0.842276 0.157724 0
5.60086e-17 2.72581e-17 1
0.306553 0.3735 0.319947
0.339165 0.660835 0
0.336521 0.413479 0.25
7.27949e-17 1 0
1 0 0
0.146021 0.340829 0.51315
0.240556 0.455684 0.30376
0.309571 0.139997 0.550432
0.18777 0.81223 0
0.359479 0 0.640521
3.00683e-17 0.413055 0.586945
0.508699 0.241301 0.25
0.492236 0.507764 0
0.0212367 0.343609 0.635155
0.0374408 0.962559 0
0.75 0 0.25
0.266156 0.0932011 0.640643
0.0286809 0.22549 0.745829
0.0220049 0.122207 0.855788
0.263236 0.736764 0
0.122929 0.0672364 0.809834
0.377315 0.622685 0
0.199397 0.128432 0.672171
2.15503e-17 0.296042 0.703958
0.409637 0.198615 0.391748
4.2424e-17 0.582788 0.417212
0.191719 0.258431 0.54985
0.0823185 0.14121 0.776472
0.60802 0.39198 0
0.451659 0.0684383 0.479903
0.225399 0.774601 0
0.404498 0.345502 0.25
0.685748 0.314252 0
0.0917081 0.545762 0.36253
0.686374 0.0379234 0.275702
0.231473 0.297479 0.471048
0.177518 0.0824451 0.740037
