0.68561 0.0643897 0.25
0.272385 0.727615 0
0.35762 0.239017 0.403363
0.529033 0.145946 0.325021
2.33295e-17 0.75 0.25
0.205812 0.0329329 0.761255
0.669082 5.77398e-06 0.330912
0.11313 0.187633 0.699237
0.657551 0.342449 0
0.26286 0.475236 0.261904
0.0469429 0.018048 0.935009
0.695845 0.304155 0
0.119795 0.479848 0.400356
0 0.0860656 0.913934
0.417382 0.0876061 0.495012
0.0564394 0.631192 0.312369
0.155849 0.844151 0
0.15966 0.403363 0.436977
0.0186749 0.35996 0.621365
0.114961 0 0.885039
0.471069 0.225564 0.303368
0.10227 0.0699926 0.827738
0.20973 0.43859 0.35168
0.848264 0.151736 0
0.254065 0.170845 0.57509
0.61877 0.10217 0.279061
0.312149 0.201079 0.486772
0.111463 0.368356 0.520181
0.92417 0.0758303 0
0.0230188 0.234908 0.742073
0.349254 0 0.650746
0.619253 0.380747 0
0.580917 0.419083 0
0.278868 0.282192 0.43894
0.388357 0.611643 0
0.181683 0 0.818317
0.573381 0.0662718 0.360348
0.167286 0.513354 0.319359
0.962073 0.0379268 0
0.596971 0 0.403029
0.0748365 0.675163 0.25
0.465402 0.534598 0
0.326045 0.322481 0.351474
0.886278 0.113722 0
0.449119 0 0.550881
1.09287e-16 2.94905e-17 1
0.197565 0.324689 0.477746
0.311149 0.688851 0
0.426966 0.573034 0
0.137848 0.601428 0.260724
0.381011 0.0378603 0.581129
0.157129 0.107144 0.735727
1 0 0
0.395087 0.158572 0.446342
0.247901 0.0675512 0.684548
0.294761 0.390887 0.314351
0.0331035 0.526661 0.440235
0.810193 0.189807 0
0.503987 0.496013 0
0 0.672918 0.327082
0.542402 0.457598 0
0.75 0 0.25
0.243469 0.360779 0.395752
0.523049 0 0.476951
1.85355e-17 0.595882 0.404118
0.494012 0.255988 0.25
1.52641e-17 0.490714 0.509286
0.167238 0.277103 0.55566
0.206504 0.543496 0.25
0.0389757 0.961024 0
0 1 0
0.0767767 0.147978 0.775245
9.52671e-18 0.306266 0.693734
0.341064 0.124855 0.534082
0.296955 0.0900458 0.612999
0.349755 0.650245 0
0.481224 0.0592582 0.459517
0.495895 0.104357 0.399748
0.116897 0.883103 0
0.734009 0.265991 0
0.414275 0.335725 0.25
0.772128 0.227872 0
5.89813e-18 0.189614 0.810386
0.0779497 0.92205 0
0.394551 0.282439 0.32301
0.0721014 0.267983 0.659915
0.57375 0.17625 0.25
0.0872084 0.558216 0.354576
0.234177 0.242544 0.523278
0.0731925 0.443414 0.483394
0.202739 0.143799 0.653462
0.338203 0.411797 0.25
0.439446 0.1885 0.372054
0.194699 0.805301 0
0.153645 0.223304 0.623051
0.0288929 0.116219 0.854888
0.233551 0.766449 0
0.280043 0 0.719957
0.0909321 0.319494 0.589574
1.31722e-17 0.423463 0.576537
