0.281572 0.114051 0.604377
0.532592 0.0408823 0.426526
0.17746 0.061341 0.761199
0.165697 0.430855 0.403448
0.523208 0.226792 0.25
0 0.365281 0.634719
0.0396743 0.687366 0.272959
0.00119776 0.508459 0.490343
0.412314 0.19777 0.389916
0.506683 0.493317 0
0.214368 2.37996e-17 0.785632
0.621552 0.378448 0
0.0287751 0.296558 0.674666
0.205203 0.351239 0.443558
0.250202 0.180067 0.569731
0.284189 3.15513e-17 0.715811
0.455784 0.246328 0.297888
0.285933 0.316597 0.397469
1.31204e-17 0.25445 0.74555
0.128275 0.383 0.488725
0.352407 0.647593 0
0.114531 0.255233 0.630236
0.601186 6.67451e-17 0.398814
0.238813 0.511187 0.25
0.196388 0.803612 0
0.235516 0.764484 0
0.962432 0.0375675 0
0.503092 0 0.496908
0.131022 0.513565 0.355413
0.563106 0.0819293 0.354965
0.544905 0.140463 0.314632
0.0804664 0.33554 0.583994
0.462376 0.0950097 0.442614
0.0597728 4.64528e-17 0.940227
0.773724 0.226276 0
0 0.437541 0.562459
0.391213 0.608787 0
0.351675 0.0829694 0.565355
0.735812 0.264188 0
0.134878 0.135997 0.729125
0.0582458 0.412937 0.528817
0.544979 0.455021 0
0.330179 0.353085 0.316737
0 0.580481 0.419519
0.232617 0.0821068 0.685277
7.78805e-18 0.151037 0.848963
3.86728e-17 0.75 0.25
0.0950302 0.0970472 0.807923
0.924834 0.0751661 0
5.50092e-18 1 0
0.0786894 0.921311 0
0.811679 0.188321 0
0.0382459 0.18157 0.780184
1 0 0
0.394669 4.38171e-17 0.605331
0.46836 0.53164 0
0.659743 0.340257 0
0.323262 0.0281295 0.648609
0.0580972 0.547275 0.394628
0.118015 0.881985 0
0.436696 0.0299936 0.53331
0.363126 0.171338 0.465536
0.313607 0.686393 0
0.58335 0.41665 0
0.168922 0.56383 0.267248
0.42982 0.57018 0
0.359961 0.390039 0.25
0.67562 7.50089e-17 0.32438
0.849455 0.150545 0
0.0393381 0.960662 0
0.0814676 0.597934 0.320599
0.205236 0.473243 0.321521
0.144476 0 0.855524
5.13255e-17 5.96968e-17 1
0.392094 0.112815 0.495091
0.325537 0.245268 0.429195
0.672793 0.0772071 0.25
0.288269 0.201486 0.510245
0.290815 0.440566 0.268619
0.63471 0.0586138 0.306676
0 0.652725 0.347275
0.0863815 0.468103 0.445515
0.887229 0.112771 0
0.274554 0.725446 0
0.157279 0.842721 0
0.595607 0.154393 0.25
3.27391e-17 0.0795367 0.920463
0.0878111 0.211731 0.700458
0.189286 0.1593 0.651414
0.114129 0.635871 0.25
0.158278 0.305779 0.535943
0.237496 0.275432 0.487073
0.75 0 0.25
0.180517 0.231053 0.58843
0.484269 0.157938 0.357794
0.248255 0.395335 0.356409
0.430391 0.319609 0.25
0.069173 0.0530984 0.877729
0.375628 0.279515 0.344857
0.697789 0.302211 0
