0.34936 0.258822 0.391819
0 0.391214 0.608786
0.106828 0.893172 0
0.36201 0.150429 0.487561
0.168448 0.352182 0.47937
0.213849 0.786151 0
0.520016 0.034007 0.445977
0.069904 0.509032 0.421063
0.321136 0.678864 0
2.22108e-17 0.263924 0.736076
0.333005 0.416995 0.25
0.750866 0.249134 0
0.478401 0.133924 0.387676
0.315035 0 0.684965
0.0109818 0.315448 0.67357
0.621731 0.0439091 0.33436
0.249137 0.00180814 0.749054
0.246582 0.430433 0.322986
0.486296 0 0.513704
0.249573 0.750427 0
0.0815669 0.405266 0.513167
0.822142 0.177858 0
0.29846 0.228435 0.473106
0.164874 0.226191 0.608935
0.281418 0.103663 0.614918
0.0607278 0.35283 0.586442
1 0 0
0.132334 0.309652 0.558014
0.361884 0.35891 0.279207
0.456098 0.20639 0.337512
0.160841 0.473055 0.366104
4.99244e-17 0.541671 0.458329
0.185056 0 0.814944
0.116946 0.0388783 0.844176
0.0212488 0.595435 0.383316
0.0712019 0.928798 0
0.392752 0.607248 0
0.142444 0.857556 0
0.265847 0.484153 0.25
0.55491 0.136828 0.308262
0.416666 0 0.583334
0.0322274 0.0942645 0.873508
0.428611 0.571389 0
0.572071 0.427929 0
1.06374e-16 1 0
0.212762 0.267224 0.520014
0.356934 0.643066 0
0.0843888 0.625616 0.289995
0.0832736 0 0.916726
0.439405 0.310595 0.25
0.928937 0.0710627 0
0.00045049 0.466692 0.532858
0.464475 0.535525 0
0.323041 0.135056 0.541903
0.663794 0.0862062 0.25
0.400221 0.281184 0.318595
6.13102e-17 0.665205 0.334795
0.0866833 0.266145 0.647171
5.16192e-18 0.0613377 0.938662
0.500347 0.499653 0
0.440099 0.0919311 0.46797
0.245699 0.187485 0.566816
0.30128 0.342084 0.356637
0.285324 0.714676 0
0.786498 0.213502 0
0.111947 0.550358 0.337695
0.25635 0.307327 0.436323
0.964468 0.0355322 0
0.384249 0.0670106 0.54874
0.229288 0.0676239 0.703088
0.119546 0.179308 0.701146
0.198193 0.519442 0.282364
0.178119 0.821881 0
0.509197 0.237912 0.252891
0 0.167711 0.832289
0.591649 0 0.408351
0.15709 0.0906331 0.752277
0.85779 0.14221 0
0.0356126 0.964387 0
0.342857 0.0298994 0.627244
0.586133 0.163867 0.25
0.041163 0.204804 0.754033
0.542902 0.0864741 0.370624
0.536233 0.463767 0
6.5627e-17 4.53953e-17 1
0.679416 0.320584 0
0.117115 0.43741 0.445474
0.688951 0 0.311049
0.159051 0.590949 0.25
0.0598248 0.690175 0.25
0.75 0 0.25
0.398741 0.183597 0.417662
0.0825029 0.125866 0.791631
0.715165 0.284835 0
0.893378 0.106622 0
0.643661 0.356339 0
6.91256e-17 0.75 0.25
0.198414 0.144898 0.656687
0.607863 0.392137 0
0.209086 0.39015 0.400764
