0.235304 0.200232 0.564464
0.235259 0.283401 0.48134
0.137885 0.133979 0.728135
0.310956 0.173766 0.515278
0.764049 0.235951 0
0.143768 0.333139 0.523094
0.522813 5.80439e-17 0.477187
0.624515 6.93351e-17 0.375485
0.0916188 0.309406 0.598975
0.0431486 0.181443 0.775409
0.186233 0.26394 0.549828
0 0.75 0.25
0.512721 0.12737 0.359909
0.196506 2.18166e-17 0.803494
0.163686 0.426299 0.410015
0.75 0 0.25
0.506998 0.243002 0.25
0.27104 0.12149 0.60747
0.548812 0.173512 0.277676
0.433376 0.170648 0.395976
5.16845e-17 0.566195 0.433805
0.60534 0.39466 0
0.0605154 0.383727 0.555758
0.445557 0.554443 0
0.64507 0.35493 0
1 0 0
0.921534 0.0784656 0
0.614873 0.135127 0.25
0.375835 0.351903 0.272262
0.684806 0.315194 0
0.525584 0.474416 0
3.85241e-17 0.422025 0.577975
0.67141 0.0716506 0.256939
0.960793 0.0392069 0
0.405336 0.594664 0
0.803559 0.196441 0
0.330609 0.323476 0.345915
0.0772159 0.469215 0.453569
0.106989 0.404982 0.488029
8.62129e-17 1 0
0.120119 0 0.879881
0.068809 0.0690521 0.862139
0.0218465 0.685288 0.292866
0.473302 0.0866904 0.440007
0.388273 0.134848 0.476879
0.272884 0 0.727116
0.842967 0.157033 0
0.422941 0.0594996 0.51756
0.25209 0.362784 0.385126
0.138115 0.236832 0.625053
0.311184 0.0333281 0.655488
4.25141e-17 0.493129 0.506871
0.29644 0.260992 0.442569
0.150123 0.599877 0.25
5.83561e-17 0.639281 0.360719
0.196837 0.351854 0.45131
0.451252 5.00991e-17 0.548748
0.211838 0.454262 0.3339
7.70942e-18 0.0894231 0.910577
0.0456004 0.0149208 0.939479
0.203318 0.796682 0
0.555502 0.0364792 0.408018
0.286293 0.402804 0.310903
0.177299 0.536927 0.285774
3.20298e-17 0.350881 0.649119
0.438624 0.311376 0.25
0.32443 0.42557 0.25
0.243943 0.756057 0
0.0896729 0.660327 0.25
0.226384 0.0837165 0.689899
0.0922441 0.208137 0.699619
0.379714 0 0.620286
0.365098 0.634902 0
0.186348 0.163541 0.65011
0 0.253006 0.746994
0.0407243 0.959276 0
0.565479 0.434521 0
0.162696 0.837304 0
0.250068 0.499932 0.25
0.68424 0.00605064 0.30971
0.0563877 0.541015 0.402597
0.0395791 0.283406 0.677015
0.388428 0.259109 0.352463
0.130934 0.503976 0.36509
1.0945e-16 1.57268e-18 1
0.590155 0.0837189 0.326126
0.465581 0.215538 0.318882
1.44599e-17 0.158405 0.841595
0.0831861 0.58866 0.328154
0.724565 0.275435 0
0.284432 0.715568 0
0.32475 0.67525 0
0.122061 0.877939 0
0.0989108 0.0988452 0.802244
0.173619 0.0578597 0.768521
0.358161 0.217246 0.424593
0.882271 0.117729 0
0.347034 0.0867598 0.566206
0.485611 0.514389 0
0.0813963 0.918604 0
