0 0.75 0.25
0.139484 0.52903 0.331486
0.0370039 0.688476 0.27452
0.612899 0.387101 0
0.30668 0.44332 0.25
0.22296 0.309136 0.467904
0.0311768 0.0296057 0.939217
0.228602 0.0403285 0.73107
0.666058 0.0839423 0.25
0.75 0 0.25
0.253593 0.359764 0.386643
0.110573 0.431832 0.457595
0.109064 0.296465 0.594471
0.408624 0.0894947 0.501881
0.0349478 0.579078 0.385974
0.189386 0.810614 0
0.574039 0.425961 0
0.282789 0.237009 0.480202
0.0756068 0.924393 0
0.146811 0.343193 0.509996
0.683398 0.0173459 0.299257
0.634093 7.03985e-17 0.365907
0.380795 0.619205 0
0.186679 0.563321 0.25
0.264344 0.0775053 0.658151
0.382596 0 0.617404
1 0 0
0.45427 0.215106 0.330625
0.380677 0.369323 0.25
0.729374 0.270626 0
0.265682 0.734318 0
0.806897 0.193103 0
0.12296 0.102683 0.774357
0.0361946 0.318083 0.645723
0.496531 0.503469 0
0.0740298 0.0722612 0.853709
0.176798 0.396242 0.426961
0.961414 0.0385857 0
0.105078 1.1666e-17 0.894922
0.601383 0.148617 0.25
0.073703 0.180096 0.746201
0.297184 0.11172 0.591096
0.307524 0.281262 0.411214
2.09017e-17 0.376531 0.623469
0.071662 0.387189 0.541149
0.234476 0.494565 0.270959
0.535194 0.464806 0
0 0.103501 0.896499
0.487599 0.147514 0.364887
0.209644 0 0.790356
2.39065e-17 0.215331 0.784669
0.334366 0.150184 0.51545
0.111939 0.638061 0.25
1.09583e-16 1.43891e-18 1
0.690581 0.309419 0
0.194484 0.450838 0.354678
0.651754 0.348246 0
0.146894 0.206346 0.646761
0.533175 0.0692705 0.397555
0.0262763 0.148154 0.82557
0.173851 0.126598 0.699551
0.308402 3.42395e-17 0.691598
0.339544 0.327977 0.332478
0.564302 6.26501e-17 0.435698
2.45215e-17 0.441739 0.558261
0.424108 0.299974 0.275918
5.55112e-17 1 0
0.0909967 0.501307 0.407697
0.44165 0.119471 0.438879
0.457949 0.542051 0
0.0823223 0.238396 0.679281
0 0.650605 0.349395
0.493585 0.0302714 0.476144
0.342302 0.657698 0
0.254472 0.201176 0.544352
0.084967 0.602867 0.312166
0.580074 0.0958377 0.324088
0.113449 0.886551 0
0.419372 0.580628 0
0.371818 0.194817 0.433365
0.922859 0.0771413 0
0.535792 0.184434 0.279774
0.456736 5.07078e-17 0.543264
0.388277 0.246778 0.364945
0.768224 0.231776 0
3.03009e-17 0.545852 0.454148
0.219161 0.16227 0.618569
0.363656 0.0613132 0.575031
0.151799 0.0279529 0.820248
0.227532 0.772468 0
0.183824 0.255721 0.560455
0.303876 0.696124 0
0 0.281546 0.718454
0.151315 0.848685 0
0.845629 0.154371 0
0.28054 0.405898 0.313562
0.0377379 0.962262 0
0.0313603 0.476878 0.491762
0.88429 0.11571 0
0.493787 0.256213 0.25
