0.921273 0.0787265 0
0.297753 0.284372 0.417875
0.326781 0.0326908 0.640529
7.92074e-18 0.679283 0.320717
0.376235 0.23925 0.384516
0.564828 6.27085e-17 0.435172
0.0603717 0.632447 0.307181
0.415104 0.0366013 0.548295
0.239309 0.077613 0.683078
0.75 8.32667e-17 0.25
0.19478 0.154666 0.650555
0.272956 0.391531 0.335513
0.0753892 0.674611 0.25
0.323389 0.325058 0.351553
0.608651 0.391349 0
0.0220552 0.241402 0.736542
0.153469 0.36728 0.479252
0.557468 0.192532 0.25
0.21456 0.53544 0.25
0.0281361 0.118833 0.853031
0.57806 0.0942094 0.327731
0.263848 0.736152 0
0.33978 0.66022 0
0.240244 0.467914 0.291841
0.342482 0.196432 0.461086
0.361057 0.369742 0.269201
0.061116 0.535206 0.403678
0.421446 0.159684 0.41887
0.0475919 0.0182333 0.934175
0.285147 0.107391 0.607463
0.154115 0.111122 0.734762
1 0 0
0.403681 0.2823 0.314019
0.15324 0.237587 0.609174
0.0752049 0.924795 0
0.0740753 0.276279 0.649646
0.156382 0.49412 0.349498
0.960591 0.039409 0
0.11284 0.88716 0
0.686332 0.313668 0
0.15055 0.84945 0
0.301781 0.698219 0
0.232767 0.194609 0.572624
0.725284 0.274716 0
0.842654 0.157346 0
0.265807 0.239572 0.494621
0.229371 0.333101 0.437528
8.18677e-18 0.0873171 0.912683
0.225928 0.774072 0
0.458749 0.0825801 0.458671
0.0771642 0.397215 0.525621
0.494256 0.244564 0.26118
0.454385 0.545615 0
9.3759e-17 1 0
0.492906 0.507094 0
0.388671 4.31512e-17 0.611329
0.11113 0.196111 0.692759
4.96268e-17 0.529301 0.470699
1.8138e-17 0.193454 0.806546
0.416013 0.583987 0
0.188221 0.811779 0
0.609115 0.127865 0.26302
0.381136 0.111698 0.507165
0.0220468 0.362435 0.615518
0.685976 0 0.314024
0.621335 0.0172303 0.361435
0.489891 5.43889e-17 0.510109
3.1225e-17 0.75 0.25
0.149869 0.599376 0.250755
0.284688 3.16067e-17 0.715312
8.68527e-17 1.07436e-16 1
0.460764 0.205288 0.333948
5.70589e-17 0.60857 0.39143
0.764346 0.235654 0
0.312441 0.147677 0.539883
0.0365994 0.472296 0.491105
0.647382 0.352618 0
0.102748 0.0712633 0.825989
0.0757453 0.152678 0.771577
0.50295 0.135847 0.361203
0.195613 0.415831 0.388556
0.531574 0.0606509 0.407775
0.037603 0.962397 0
0.184229 2.04535e-17 0.815771
0.569971 0.430029 0
0.110269 0.321116 0.568615
0.80343 0.19657 0
0.114025 0.449847 0.436128
0.109614 0.564397 0.32599
0.881936 0.118064 0
0 0.431579 0.568421
0.531438 0.468562 0
0.207633 0.034017 0.75835
2.93333e-17 0.312858 0.687142
0.432654 0.317346 0.25
0.377847 0.622153 0
0.190202 0.283661 0.526137
0.313066 0.436934 0.25
0.673743 0.0762568 0.25
0.116675 1.29536e-17 0.883325
