0.279297 0.200732 0.51997
0 0.558018 0.441982
0 1 0
0.105908 0.135011 0.759081
0.669193 0.0808074 0.25
0.383186 0.116107 0.500707
0.543837 0.0205899 0.435573
0.0359947 0.964005 0
0.203504 0.0914088 0.705087
0.608871 0.115634 0.275495
0.373295 0.376705 0.25
0.0641947 0.212333 0.723472
0.140622 0.00993323 0.849445
0.241038 0.149944 0.609017
0.312849 0.137281 0.54987
0.885913 0.114087 0
0.30149 0.427555 0.270955
0.559566 0.190434 0.25
0.111453 0.48826 0.400288
0.399302 0.600698 0
0.246781 0.389934 0.363285
0.217558 0 0.782442
0.492968 0 0.507032
0.0176893 0.0473696 0.934941
0.847854 0.152146 0
0.0425589 0.344898 0.612543
0.216684 0.783316 0
0.734318 0.265682 0
0.289474 0.710526 0
0.287564 0.306726 0.40571
0.621599 0.378401 0
0.510027 0.489973 0
0.16123 0.0652186 0.773552
0.251703 0.498297 0.25
0 0.406064 0.593936
0.334024 0.0749652 0.591011
0 0.621332 0.378668
1 0 0
0.2402 0.279195 0.480605
0.372815 0.259319 0.367866
0.436054 0.563946 0
0 0.312947 0.687053
0 0.75 0.25
0.457384 0.0772399 0.465376
0.696629 0.303371 0
0.145553 0.168376 0.686071
0.295693 0 0.704307
0.450845 0.212616 0.336539
0.0869611 0.258711 0.654328
0.201311 0.24474 0.553949
0.494918 0.115504 0.389578
0.961937 0.0380632 0
0.0864107 0.411631 0.501958
0.584256 0.415744 0
0.0719728 0.928027 0
0.616374 0 0.383626
0.486376 0.263624 0.25
0.809959 0.190041 0
0.273422 0.0612088 0.665369
0.18041 0.81959 0
0.0398887 0.497627 0.462484
0.013471 0.669263 0.317266
0.0744783 0.0869393 0.838582
0.772172 0.227828 0
0.373619 0 0.626381
0.413339 0.168072 0.418589
6.6563e-17 9.21642e-17 1
0.108055 0.891945 0
0.146493 0.335023 0.518484
0.75 0 0.25
0 0.465833 0.534167
0.525146 0.160155 0.314699
0.180148 0.569852 0.25
0 0.241752 0.758248
0.923941 0.0760592 0
0 0.119192 0.880808
0.332528 0.218837 0.448635
0.0175953 0.172263 0.810142
0.21535 0.464618 0.320032
0.681142 0.00792635 0.310931
0.148344 0.521157 0.3305
0.144155 0.855845 0
0.362609 0.637391 0
0.168938 0.207588 0.623473
0.577622 0.072038 0.35034
0.25293 0.74707 0
0.152254 0.428101 0.419645
0.108901 0.614136 0.276963
0.330888 0.342238 0.326874
0.19647 0.357916 0.445614
0.0706036 0.574279 0.355118
0.0687697 0.68123 0.25
0.417027 0.303925 0.279049
0.0894965 0 0.910504
0.421378 0.0243311 0.554291
0.659133 0.340867 0
0.325991 0.674009 0
0.116979 0.301216 0.581805
0.472899 0.527101 0
0.547142 0.452858 0
