0.312877 0.437123 0.25
0.236977 0.763023 0
0.507081 0.0654047 0.427514
0.0787955 0.921205 0
0.115067 0.0308879 0.854045
0.203166 0.546834 0.25
0.405976 0.0381068 0.555917
0.374602 4.15892e-17 0.625398
0.67677 0.32323 0
0.919055 0.0809454 0
0.131693 0.6089 0.259407
0.531566 0.218434 0.25
0.0789796 0 0.92102
0.436177 0.563823 0
0.878568 0.121432 0
0.233155 0.0181661 0.748679
0.416522 0.333478 0.25
0.0629164 0.463259 0.473825
0.316425 0.683575 0
0.596542 0.0203986 0.38306
0.077688 0.672312 0.25
0.28121 0.171125 0.547665
0.757396 0.242604 0
0 0.497694 0.502306
0.275732 0.0633719 0.660897
0 0.75 0.25
0.152593 0.466946 0.380461
0.190594 0.33504 0.474366
0.547209 0.105097 0.347693
0.157843 0.842157 0
0.396091 0.603909 0
0.599379 0.150621 0.25
0.636516 0.363484 0
0.238139 0.25099 0.510871
0.79775 0.20225 0
0.75 8.32667e-17 0.25
0.197361 0.802639 0
0.253929 0.473978 0.272093
0.139614 0.416205 0.444182
0.194666 0.215779 0.589555
0.153011 0.1768 0.670189
0.118318 0.881682 0
0 0.372311 0.627689
0.424042 0.213752 0.362206
0.356279 0.643721 0
0.0982182 0.570935 0.330847
0.0393894 0.960611 0
0.475298 5.27686e-17 0.524702
0.0425952 0.0896397 0.867765
0.303315 3.36747e-17 0.696685
8.64733e-17 0.153377 0.846623
0 0 1
0.275546 0.288579 0.435875
0.192384 0.0995562 0.70806
0.464479 0.262454 0.273067
0.139771 0.0743042 0.785924
0.959537 0.0404634 0
0 0.255535 0.744465
0.184168 0 0.815832
0.625278 0.08032 0.294402
0.307202 0.335783 0.357015
0.223298 0.431693 0.345009
0.546829 0 0.453171
0.354845 0.243621 0.401534
0.452857 0.144725 0.402417
0.172211 0.515519 0.31227
0.071646 0.336726 0.591628
0.691089 0.0589112 0.25
0.32529 0.0896129 0.585097
0 1 0
0.666652 7.40133e-17 0.333348
0.235416 0.369424 0.39516
0.34201 0.376499 0.281491
0.0743492 0.218299 0.707352
0.0235883 0.617729 0.358682
1 0 0
0.503651 0.177563 0.318786
0.556268 0.443732 0
0.383555 0.292834 0.323612
0.0304535 0.181665 0.787881
0.276636 0.723364 0
0.365897 0.132041 0.502063
0.717072 0.282928 0
0.596261 0.403739 0
9.00497e-17 0.0620187 0.937981
0.327955 0.203556 0.46849
0.838145 0.161855 0
0.104296 0.140218 0.755486
0.102605 0.379498 0.517897
0.431974 0.093191 0.474835
8.19942e-17 0.684952 0.315048
0.516185 0.483815 0
0.236678 0.137649 0.625673
0 0.570569 0.429431
0.153053 0.295889 0.551058
0.0777838 0.518567 0.403649
0.476171 0.523829 0
0.11036 0.258588 0.631051
0.0147768 0.426152 0.559071
0.0215441 0.302896 0.67556
