0.283846 0.716154 0
0.0406478 0.959352 0
0.324165 0.675835 0
0.0954936 0.423086 0.48142
0.689703 0.028367 0.28193
0.230871 0.212577 0.556553
0.336029 0 0.663971
1 0 0
0.364369 0.635631 0
0.524951 0.475049 0
0 0.595312 0.404688
0.0865395 0.554219 0.359242
0.201015 0.298244 0.500741
0.842547 0.157453 0
0.298843 0.189909 0.511248
0.12467 0.155535 0.719795
0.468206 0.252862 0.278932
0 0.691793 0.308207
0.146436 0.263414 0.59015
0.605673 0.066948 0.327379
0.763529 0.236471 0
0.198816 0.551184 0.25
0.387811 0.282014 0.330175
0.512216 0 0.487784
0.44483 0.55517 0
0.163384 0.51255 0.324067
0.131184 0.336497 0.532319
0.161055 0.0808201 0.758125
0.093287 0 0.906713
0.2386 0.0576066 0.703793
0.277857 0.394646 0.327497
0.121919 0.878081 0
0.64431 0 0.35569
0.0758449 0.117227 0.806928
0.604666 0.395334 0
0.644551 0.355449 0
0.421516 0.206794 0.37169
0.370604 0.0342866 0.59511
1.08707e-17 0.102284 0.897716
0.803069 0.196931 0
0.0812899 0.91871 0
0.203045 0.796955 0
0.440326 0 0.559674
0.358772 0.364354 0.276874
0.203435 0.433161 0.363404
0.647817 0.102183 0.25
0.45173 0.131166 0.417104
0 0 1
0.115568 0.0403113 0.844121
0 0.401691 0.598309
0.960681 0.0393192 0
0.178274 0.190002 0.631725
0.0716569 0.361173 0.56717
0.427599 0.322401 0.25
0.881928 0.118072 0
0.40665 0.0832572 0.510093
0.0616798 0.300453 0.637867
0.484943 0.515057 0
0.536871 0.213129 0.25
0 0.75 0.25
0.239317 0.348586 0.412098
0.564817 0.435183 0
0.32421 0.121945 0.553845
0.315722 0.434278 0.25
0.48302 0.0602626 0.456718
0.190332 0 0.809668
1.77334e-17 0.166856 0.833144
0.314061 0.316278 0.369662
0.167464 0.384675 0.44786
0.263154 0 0.736846
3.54087e-17 0.333165 0.666835
0.0280721 0.0370664 0.934862
0.285158 0.0919234 0.622919
0.375813 0.160541 0.463646
0.404634 0.595366 0
0.497485 0.171401 0.331114
0.162498 0.837502 0
0.75 0 0.25
0.532795 0.0944851 0.37272
0.0427564 0.521078 0.436166
0.246788 0.480325 0.272887
0 0.503131 0.496869
1.0628e-16 1 0
0.0385911 0.628617 0.332792
0.124402 0.471297 0.404301
0.243455 0.756545 0
0.0913128 0.229353 0.679335
0.344971 0.236677 0.418352
0.684274 0.315726 0
2.81205e-17 0.264589 0.735411
0.127835 0.598985 0.273181
0.271561 0.267676 0.460763
0.921299 0.0787006 0
0.0824961 0.667504 0.25
0.723942 0.276058 0
0.0263541 0.444729 0.528917
0.577826 0.14493 0.277244
0.573837 0.00884623 0.417317
0.0385644 0.197049 0.764387
0.210266 0.127677 0.662057
