0.421384 0.0691712 0.509445
0.482153 0.267847 0.25
0.334479 0.238626 0.426895
0.463162 0 0.536838
0.0751499 0.60464 0.32021
0.613883 0.136117 0.25
1.60153e-17 0.469742 0.530258
0.145952 0.170582 0.683466
0.025104 0.575552 0.399344
0.310655 0 0.689345
0.579859 0.107267 0.312875
0.505311 0.0246542 0.470035
0.202125 0.367768 0.430107
0.284175 0.450449 0.265376
0.366742 0.633258 0
0.121525 0.878475 0
0.450258 0.234173 0.315569
0.075475 0.0738823 0.850643
0.286269 0.322461 0.39127
0.242042 0.407127 0.350831
0.0976409 0.251116 0.651243
0.140874 0.0585379 0.800588
0.155838 0.447628 0.396533
0.0719298 0.489849 0.438222
0.160105 0.57254 0.267356
0.169486 0.1003 0.730214
0.458995 0.111522 0.429482
0.449683 0.550317 0
0.0632341 0.22116 0.715606
0.408179 0.591821 0
0.414798 0.194563 0.390639
0.542502 0.197677 0.25982
0.67444 0 0.32556
3.47718e-17 0.64698 0.35302
0.615732 0.0332842 0.350984
0.325591 0.674409 0
0.354457 0.395543 0.25
0.396243 0 0.603757
0.412247 0.325083 0.26267
0.75 0 0.25
3.40939e-17 1 0
0.0310152 0.029591 0.939394
0.371308 0.280884 0.347807
0.786177 0.213823 0
3.39054e-18 0.0994471 0.900553
0.701285 0.298715 0
0.322171 0.360767 0.317062
0.0602564 0.320054 0.61969
0.4912 0.5088 0
0.616745 0.383255 0
0.957153 0.0428474 0
0.194379 0.4857 0.319921
0.871557 0.128443 0
0.498331 0.155947 0.345722
0.284737 0.715263 0
9.32135e-18 0.273402 0.726598
0.229733 0.520267 0.25
0.0300192 0.138066 0.831915
0.532952 0.467048 0
0.1621 0.8379 0
0.379069 0.152534 0.468398
0.743601 0.256399 0
0.0120322 0.407935 0.580033
0.106635 0.643365 0.25
0.0320727 0.689372 0.278555
0.0810533 0.918947 0
0.226547 0.0645301 0.708923
0.091808 0.14685 0.761342
0.828882 0.171118 0
0.914337 0.0856629 0
0.0405666 0.959433 0
0.138601 0.28444 0.576959
0.24381 0.75619 0
0.271017 0.15047 0.578514
1.07008e-16 1.78918e-17 1
2.87568e-17 0.535062 0.464938
0.11098 0.413976 0.475044
0.574931 0 0.425069
1.08235e-17 0.201387 0.798613
0.659006 0.340994 0
0.324033 0.0528521 0.623115
0.202839 0.797161 0
1.8643e-17 0.34688 0.65312
4.03086e-17 0.75 0.25
0.100867 0 0.899133
0.1717 0 0.8283
0.242206 0.109938 0.647856
0.113453 0.529663 0.356884
0.220435 0.239371 0.540194
0.535314 0.0759397 0.388746
0.25221 0.281629 0.46616
0.682776 0.063894 0.25333
0.30149 0.194295 0.504214
0.574805 0.425195 0
0.186915 0.199619 0.613466
1 0 0
0.348933 0.102289 0.548778
0.24248 0 0.75752
0.0852627 0.370801 0.543936
0.16892 0.327178 0.503903
