0.269463 0.094363 0.636174
0.0398744 0.960126 0
0.541699 0 0.458301
0.672051 0.185695 0.158456
0.119763 0.630237 0.25
0.100052 0.414667 0.485281
0.155728 0.0987734 0.745499
0.533359 0.107131 0.35951
8.13881e-17 0.0731717 0.926828
0.399992 0.217123 0.382885
0.0418507 0.68803 0.270119
0.0677633 0.259086 0.673151
0.63326 0.11674 0.25
0.476553 0.523447 0
0.197986 0.552014 0.25
0.199243 0.800757 0
0.700688 0.299312 0
0.443445 0.247023 0.309532
9.73183e-17 0.290387 0.709613
0 0.651743 0.348257
0.184838 0.263817 0.551345
0.377174 4.18747e-17 0.622826
0.419447 0.0313461 0.549206
0.516 0.484 0
0.437102 0.562898 0
0.103616 0.187511 0.708872
0.630924 0.356727 0.0125984
0 0.521936 0.478064
0.342179 0.0674489 0.590372
0.340841 0.409159 0.25
0.856157 0.143843 0
0.396464 0.105091 0.498444
0.476388 0 0.523612
0.318351 0.681649 0
0.313342 0.260959 0.425699
0.14703 0.223797 0.629173
0.149234 0.00278251 0.847983
0.30815 0.377988 0.313862
3.06319e-17 1 0
0.58071 0.0257692 0.393521
0.358475 0.299021 0.342504
1 0 0
0.652246 0 0.347754
0.108372 0.539377 0.35225
9.94033e-17 1.1619e-17 1
0.308544 3.42552e-17 0.691456
0.75 0 0.25
0.185702 0.380769 0.43353
0.48151 0.26849 0.25
0.0659856 0.159655 0.774359
0.225548 0.302392 0.47206
0.0706181 0.493434 0.435948
0.397589 0.602411 0
0.228994 0.425157 0.345849
0.0797278 0.920272 0
0.21334 0 0.78666
0.602319 0.0836606 0.31402
0.0768046 0.604461 0.318735
0.229794 0.179728 0.590478
0.357981 0.642019 0
0.107634 0.0786499 0.813716
0.134876 0.346191 0.518933
0.270015 0.221953 0.508031
0.488446 0.0699592 0.441595
0.0211591 0.345574 0.633267
0.765964 0.234036 0
0.238963 0.761037 0
0.927548 0.0724517 0
0.278681 0.721319 0
0.661207 0.214948 0.128109
3.12013e-17 0.75 0.25
0.147594 0.457375 0.39503
0.0248852 0.446678 0.528437
0.406582 0.338354 0.255064
0.355042 0.181483 0.463475
0.594889 0.405111 0
0.0762032 0 0.923797
0.4967 0.174461 0.328839
0.443961 0.142817 0.413221
0.0601466 0.0570691 0.882784
0.651393 0.27113 0.0795422
0.963794 0.0362062 0
0.159427 0.840573 0
0.180082 0.507208 0.312709
0.82083 0.17917 0
0.190343 0.138406 0.671251
0.31059 0.142286 0.547124
0.0978803 0.312091 0.590028
0.269703 0.475375 0.254922
0.119582 0.880418 0
0.0146271 0.579941 0.405431
0.269081 0.340348 0.390571
0.688322 0.0402317 0.271446
0.557135 0.192865 0.25
0.891798 0.108202 0
0 0.215396 0.784604
0 0.40791 0.59209
0.555444 0.444556 0
0.238221 0.0445098 0.717269
0.00434663 0.141037 0.854616
