0.619436 6.87713e-17 0.380564
0.17514 0.134239 0.690622
0.960847 0.0391527 0
5.31546e-19 6.88574e-17 1
0.610483 0.389517 0
0.145138 0.567002 0.287859
0.211601 0.0604512 0.727948
3.44031e-17 0.275373 0.724627
3.60604e-18 0.643189 0.356811
0.501121 0 0.498879
0.384219 0.100313 0.515469
0.0626046 0.247061 0.690334
0.259228 0.0941211 0.646651
0.338579 0.0658478 0.595573
0.465368 0.0694751 0.465156
0.0641473 0.113572 0.82228
0.423164 0.326836 0.25
0.553007 0.0202162 0.426776
0.614027 0.135973 0.25
0.233126 0.372963 0.393911
0.151325 0.848675 0
0.0155192 0.570927 0.413553
0.765589 0.234411 0
0.206216 0.543784 0.25
0.240399 0 0.759601
0.882626 0.117374 0
0.0132979 0.205653 0.781049
1 0 0
0.456326 0.543674 0
0.0377893 0.962211 0
0.804493 0.195507 0
0.075596 0.924404 0
0.72669 0.27331 0
0.374531 0.221531 0.403938
0.0632009 0 0.936799
0.0962346 0.0337353 0.87003
0.6492 0.3508 0
0.84355 0.15645 0
2.90206e-18 0.517625 0.482375
0.67017 0.0136655 0.316164
0.22002 0.296843 0.483137
0.68787 0.31213 0
0.0902018 0.407099 0.502699
0.105897 0.644103 0.25
0.494742 0.505258 0
0.10402 0.522004 0.373976
0.533206 0.466794 0
0.454602 0.232723 0.312675
0.0648789 0.481296 0.453825
0.113454 0.886546 0
0.430017 0.0143034 0.55568
0.516555 0.10189 0.381555
0.30332 0.69668 0
0.303238 0.00849259 0.68827
8.40745e-19 0.149959 0.850041
0.921701 0.0782991 0
0.338284 0.182123 0.479593
0.0305242 0.688136 0.28134
0.129842 0.331777 0.538381
0.341507 0.658493 0
0.265233 0.734767 0
4.32736e-17 0.346375 0.653625
0.258174 0.219604 0.522223
2.50589e-18 0.446962 0.553038
0.355737 0.365364 0.2789
0.0889999 0.295865 0.615135
0.227185 0.772815 0
0.189286 0.810714 0
0.417952 0.582048 0
0.496586 0.253414 0.25
0.178721 0.360691 0.460589
0.373943 0 0.626057
0.175888 0.255269 0.568843
0.75 0 0.25
0.137492 0.0826804 0.779827
0.241366 0.484465 0.27417
0.270973 0.404735 0.324292
0.425241 0.143895 0.430864
0.291917 0.270003 0.43808
0 0.75 0.25
0.316936 0.319289 0.363776
0.588084 0.0820775 0.329838
0.185931 0.467142 0.346928
0.0378693 0.37769 0.584441
0.48124 0.166783 0.351978
0.391068 0.275618 0.333315
5.6065e-18 1 0
0.218566 0.17485 0.606584
4.47142e-19 0.0797543 0.920246
0.379653 0.620347 0
0.545689 0.182042 0.272268
0.167694 0 0.832306
0.0696799 0.601785 0.328535
0.137784 0.212082 0.650134
0.143666 0.436198 0.420136
0.314147 0.435853 0.25
0.682001 0.0679987 0.25
0.571816 0.428184 0
0.298926 0.140561 0.560512
0.0956939 0.166366 0.73794
