0.237341 0.274701 0.487957
0.564299 0.0989151 0.336786
0.243714 0.756286 0
0.17433 0.00293818 0.822731
0.13149 0.43568 0.432829
0.914411 0.0855895 0
0.416732 0.305494 0.277774
7.93566e-17 0.0942663 0.905734
0.631113 0.0503167 0.31857
0.155905 0.200342 0.643753
0.599906 0.150094 0.25
0.692067 7.68349e-17 0.307933
0.0863386 0.517607 0.396055
0.092733 0.657267 0.25
0.293171 0.0804658 0.626363
0.106886 0 0.893114
0.0359395 0.0233167 0.940744
0.458651 0.0967153 0.444634
0.5135 0 0.4865
0.160515 0.589485 0.25
0.278988 0.309572 0.41144
0.284641 0.715359 0
0.416205 0.0680889 0.515707
0.326091 0.230735 0.443174
0 0.560286 0.439714
0.367053 0.632947 0
0.701661 0.298339 0
0.171923 0.464462 0.363614
0.308969 0.441031 0.25
0.75 0 0.25
0.537886 0.045128 0.416986
0.0617149 0.598826 0.339459
0.285627 0.195101 0.519272
0.0192971 0.687881 0.292822
0.377142 0.026376 0.596482
0.575585 0.424415 0
0 1 0
0.269812 0.414452 0.315736
0.20289 0.79711 0
0.209642 0.127417 0.66294
8.0681e-17 0.459196 0.540804
1.84682e-17 0.163225 0.836775
0 0.390465 0.609535
0.0753235 0.238099 0.686578
0.207937 0.490977 0.301086
0.0808546 0.919145 0
0.093389 0.403731 0.50288
0.245634 0.161582 0.592784
0 0.75 0.25
0.185788 0.354924 0.459288
0.533626 0.466374 0
0.377753 0.372247 0.25
0.336412 0 0.663588
0.411338 0.183755 0.404907
0.532755 0.188473 0.278772
0.0824924 0.0603116 0.857196
0.445502 0 0.554498
0.162018 0.837982 0
0.65936 0.34064 0
0.18377 0.0950114 0.721218
0.82916 0.17084 0
0.617321 0.382679 0
0.369 0.266622 0.364378
0.0669143 0.360775 0.572311
0.491735 0.508265 0
0.023111 0.322117 0.654772
0.238035 2.64272e-17 0.761965
0.606716 6.7359e-17 0.393284
0.121448 0.878552 0
0.234703 0.515297 0.25
0.325788 0.674212 0
0.450543 0.222355 0.327102
0.786615 0.213385 0
0.142559 0.0732769 0.784165
0.450105 0.549895 0
0 0.277224 0.722776
0.0636429 0.127698 0.808659
0.0215332 0.209277 0.76919
0.371688 0.148958 0.479355
0.871726 0.128274 0
0.107836 0.160489 0.731675
0.0404284 0.959572 0
0.265561 0.0356433 0.698795
0.48913 0.26087 0.25
0.130206 0.552359 0.317435
0.226926 0.386257 0.386817
0.149208 0.318563 0.532229
0 0.633783 0.366217
0.109781 0.280706 0.609513
0.40836 0.59164 0
0.333057 0.112501 0.554443
0.957188 0.0428118 0
7.50366e-17 1.5169e-17 1
0.670475 0.0795248 0.25
0.744012 0.255988 0
0.196386 0.238739 0.564875
0.324941 0.342285 0.332773
0.0378448 0.488297 0.473858
1 0 0
0.492543 0.140202 0.367255
