0.130171 0.508123 0.361706
0.451532 0.548468 0
0.256099 0.138064 0.605837
2.41566e-18 0.155602 0.844398
0.221279 0.457109 0.321611
0.618676 0.381324 0
0.137258 0.249942 0.6128
0.381981 0.368019 0.25
0.392524 0 0.607476
0.534819 0.465181 0
0.245389 0.754611 0
0.66079 0.33921 0
0.286456 0.713544 0
0.598101 0.114285 0.287613
0.386683 0.255112 0.358204
0.211176 0.0976844 0.691139
0.829846 0.170154 0
7.74369e-17 0.75 0.25
0.179021 0.424834 0.396146
0.344662 0.213344 0.441994
1.27499e-17 1.12786e-18 1
0.293113 0.0630772 0.643809
0.368877 0.631123 0
0.627305 0.0313085 0.341386
0.42119 0.0465612 0.532248
0.204409 0.795591 0
0 0.345753 0.654247
0.493182 0.506818 0
0.343703 0.331437 0.324859
0.0922504 0.473376 0.434373
0.302724 0.294377 0.402899
0.54786 0.0757939 0.376347
0.250601 0.0144902 0.734908
0 0.0884352 0.911565
0.276296 0.473704 0.25
0.182646 0.297319 0.520035
6.39989e-17 0.61985 0.38015
0.213605 0.536395 0.25
0.0472113 0.449022 0.503767
0.0408116 0.959188 0
0.46432 0.101255 0.434424
0.745118 0.254882 0
0.0785738 0.590795 0.330631
0.262257 0.255026 0.482717
0.320833 0 0.679167
0.327608 0.672392 0
6.75524e-18 0.435133 0.564867
0.122467 0.877533 0
4.00163e-18 0.257762 0.742238
0.75 0 0.25
0.156634 0.553764 0.289602
0.069246 0.118696 0.812058
0.120625 0 0.879375
0.163447 0.836553 0
0.690577 0 0.309423
0.0925753 0.0568093 0.850615
0.262661 0.377261 0.360078
0.702858 0.297142 0
0.122772 0.144433 0.732795
0.310575 0.410942 0.278483
0.302035 0.173389 0.524577
0.668431 0.0815688 0.25
0.174094 0.175177 0.650729
0.576611 0.423389 0
0.587116 0 0.412884
0.0453167 0.284993 0.66969
0.51204 0.145737 0.342224
1 0 0
0.218109 0.216502 0.565389
0.428994 0.299568 0.271438
0.0469167 0.0147281 0.938355
0.567411 0.182589 0.25
0.141085 0.390105 0.468811
0 0.523071 0.476929
0.0392708 0.552437 0.408292
0.0631496 0.671842 0.265009
0.158407 0.0714924 0.770101
0.195658 0 0.804342
0.497892 0.252108 0.25
0.425987 0.176132 0.397882
0.410209 0.589791 0
0.0886421 0.215668 0.69569
0.467642 0.215895 0.316463
0.342211 0.0904968 0.567292
0.103283 0.36398 0.532737
0.38462 0.131216 0.484164
0.124113 0.625887 0.25
0.484054 0 0.515946
0.514441 0.0285614 0.456997
5.55112e-17 1 0
0.0816704 0.91833 0
0.914809 0.0851907 0
0.220801 0.339601 0.439598
0.032127 0.19228 0.775593
0.787528 0.212472 0
7.07198e-17 0.684944 0.315056
0.0961886 0.316892 0.58692
0.872253 0.127747 0
0.957404 0.042596 0
0.0343545 0.373278 0.592368
