0.278854 0.721146 0
0.0872326 0.506014 0.406754
0.598785 0.401215 0
0.799317 0.200683 0
0.125032 0.4288 0.446168
0.879581 0.120419 0
0.95986 0.0401396 0
0.558728 0.441272 0
0.238956 0.761044 0
0.333458 0.195446 0.471096
0.542136 0.0177706 0.440094
3.02469e-17 0.254328 0.745672
0.0524715 0.213676 0.733853
0.421826 0.0209349 0.557239
0.0910351 0.623056 0.285909
0.122325 0.172957 0.704718
0.337435 0.0722087 0.590356
0.0676309 0.137168 0.795201
0.332455 0.325711 0.341834
0.0528289 0.468863 0.478308
0.50557 0.100519 0.393911
0.398618 0.601382 0
0.47861 0.52139 0
0.250305 0 0.749695
0.119442 0.880558 0
0.618256 0.0996393 0.282104
0.153611 0.347277 0.499112
0.11004 0.322296 0.567663
0.475139 0.16272 0.36214
0.587897 0.162103 0.25
4.95487e-17 0.416626 0.583374
0.0879156 0.0670044 0.84508
0.155033 0.251495 0.593473
0.180054 0.461273 0.358673
1.59177e-17 0.75 0.25
0.25298 0.468504 0.278516
0.576223 0.0732126 0.350564
0.297748 0.15366 0.548592
0.0596583 0.30614 0.634201
0.262788 0.107382 0.62983
3.9982e-17 0.336185 0.663815
0.18886 0.151049 0.660091
0.39573 0.297232 0.307039
0.195339 0.391301 0.41336
0.25652 0.356451 0.38703
0.670902 0.00458624 0.324512
0.488455 0.261545 0.25
0.115415 0 0.884585
1.06474e-16 4.54799e-18 1
0.490632 0 0.509368
0.0737199 0.391435 0.534845
0.333202 0.416798 0.25
0.75921 0.24079 0
0.414721 0.151831 0.433448
0.678986 0.321014 0
0.15927 0.84073 0
0.377931 0.109283 0.512786
0.0937031 0.239766 0.666531
0.28504 0.396521 0.318438
0.919722 0.0802784 0
0.0599499 0.574118 0.365932
0.45624 0.0726058 0.471155
0.369458 0.240547 0.389995
0.839449 0.160551 0
0.247733 0.239429 0.512837
0.0796138 0.920386 0
5.51906e-17 1 0
0.372748 0 0.627252
0.318768 0.681232 0
0.199094 0.800906 0
0.410842 0.339158 0.25
0.218635 0.069476 0.711889
0.303558 0.0180414 0.678401
0.0600576 0.689942 0.25
0.609492 0 0.390508
0.438596 0.561404 0
1.41215e-17 0.665369 0.334631
0.441734 0.224605 0.333661
0.146306 0.0955654 0.758129
0.217217 0.308237 0.474546
0.0397744 0.0240031 0.936223
0.15955 0.59045 0.25
0.358682 0.641318 0
0.518673 0.481327 0
0.75 0 0.25
0.294218 0.277103 0.428679
6.94698e-17 0.584131 0.415869
0.225457 0.524543 0.25
0.139039 0.538823 0.322139
0.719101 0.280899 0
0.0398045 0.960196 0
0.638883 0.361117 0
0.179758 0.00977775 0.810464
3.66012e-18 0.172455 0.827545
1 0 0
5.95079e-17 0.500367 0.499633
0.221542 0.197639 0.58082
0.686699 0.0633006 0.25
0.526131 0.187754 0.286114
2.1147e-18 0.0996393 0.900361
