0.193551 0.439439 0.36701
0.357619 0.314495 0.327886
0.629473 0.370527 0
0.85315 0.14685 0
0 0 1
0.23198 0.368402 0.399619
0.704641 0.295359 0
0.587933 0.0839106 0.328157
0.135184 0.610944 0.253872
0.569849 0 0.430151
0.1209 0.8791 0
0.0725669 0.293458 0.633975
0 1 0
0.514867 0.485133 0
0.427642 0.222314 0.350044
0 0.75 0.25
0.0297161 0.557536 0.412748
0.267184 0.303089 0.429727
0.0806728 0.919327 0
0.239158 0.173207 0.587635
0.494128 0.0252094 0.480662
0.525918 0.161472 0.31261
0.0586976 0.00690868 0.934394
0.256115 0.472024 0.271861
0.644413 0.105587 0.25
0.206746 0.543254 0.25
0.339312 0.270587 0.390101
0.390882 0.182216 0.426901
0.441232 0.281638 0.27713
0.296995 0.101899 0.601106
0.173452 0.0917227 0.734826
0.502099 0.247901 0.25
0.320648 0.0262125 0.653139
0.119021 0.204081 0.676899
0.0838357 0.376579 0.539585
0.684668 0.0318738 0.283458
0.0697923 0.680208 0.25
0.75 0 0.25
0.553239 0.446761 0
0.176804 0.339876 0.48332
0.111336 0.123885 0.764779
0.200938 0.799062 0
5.75414e-17 0.518287 0.481713
0.0221814 0.267924 0.709895
0.102639 0.0590316 0.83833
0.309143 0.225173 0.465684
2.48018e-17 0.223395 0.776605
9.13102e-18 0.0822449 0.917755
0.926573 0.0734272 0
0.436868 0.100977 0.462155
0.479721 0.138302 0.381977
0.280617 0.719383 0
0.460911 0 0.539089
0.359609 0.640391 0
0.0336277 0.451267 0.515106
0.125453 0.309651 0.564895
0.243392 0.0686815 0.687926
0.573212 0.176788 0.25
0.35276 0.137091 0.510149
0.476066 0.523934 0
0.16086 0.83914 0
0.198334 0.145472 0.656194
0.0143643 0.671897 0.313739
0.742028 0.257972 0
0.39858 0.60142 0
0.040355 0.959645 0
0.591582 0.408418 0
0.437221 0.562779 0
0.390612 0.0563061 0.553082
0.240824 0.759176 0
0.115425 0.522123 0.362452
0.0810001 0.592035 0.326965
0.963251 0.0367492 0
0.779241 0.220759 0
1 0 0
0.816181 0.183819 0
0.642719 0 0.357281
4.13515e-18 0.623845 0.376155
0.378402 0 0.621598
0.532328 0.0658482 0.401824
0.0726697 0.18607 0.741261
0.667172 0.332828 0
0.2895 0.389375 0.321124
0.199933 0.00845828 0.791608
0.175677 0.506075 0.318247
0.134678 0.410529 0.454793
0.134023 1.48795e-17 0.865977
0.0883599 0.479377 0.432263
0.320247 0.679753 0
0.275625 0.190051 0.534325
4.56279e-17 0.410979 0.589021
1.69681e-17 0.152835 0.847165
0.271031 0 0.728969
0 0.340351 0.659649
0.395617 0.354383 0.25
0.162111 0.2346 0.603289
0.889866 0.110134 0
0.325842 0.424158 0.25
0.0580534 0.115042 0.826904
0.216706 0.267136 0.516157
