1.36492e-17 0.525357 0.474643
0.203494 0.796506 0
0.0405467 0.959453 0
0.685919 0.0262501 0.287831
0.179777 0.231509 0.588714
0.0981507 0.153581 0.748269
0.344685 0.137632 0.517683
6.97112e-18 0.268317 0.731683
0.432288 0.0855084 0.482204
0.285469 0.714531 0
0.111605 0.638395 0.25
0.914462 0.0855383 0
0.450787 0.549213 0
2.16995e-19 1.10805e-16 1
0.516197 0.153431 0.330372
0.035755 0.689683 0.274562
0.270302 0.417015 0.312683
0.0668757 0.233181 0.699943
0.0650381 0.106186 0.828776
0.23286 0.377143 0.389997
0.702222 0.297778 0
1.94857e-17 0.75 0.25
0.00164772 0.0768474 0.921505
0.220336 0.148833 0.630831
0.300815 0.449185 0.25
0.382942 0.0625545 0.554504
0.534101 0.465899 0
1 0 0
0.353543 0.378234 0.268223
0.016074 0.579231 0.404695
0.481302 5.34353e-17 0.518698
0.387695 0.287588 0.324717
0.492381 0.507619 0
0.617762 0.382238 0
0.575709 0.424291 0
0.36774 0.63226 0
0.326615 0.673385 0
0.348011 0.251226 0.400763
3.77642e-18 0.145353 0.854647
0.0999795 0.0268709 0.87315
0.172039 0 0.827961
0.492811 0.257189 0.25
0.409176 0.590824 0
0.162045 0.405619 0.432336
0.140076 0.315864 0.544059
0.267156 0.298577 0.434267
0.475482 0.117138 0.40738
0.343126 0.0163216 0.640553
0.0150567 0.197913 0.78703
0.559068 0.0720783 0.368854
0.516003 0.0331866 0.450811
0.389195 0.167043 0.443762
0.59836 0.110172 0.291468
0.223431 0.263556 0.513013
0.3029 0.100884 0.596216
0.262698 0.182848 0.554453
0.311634 0.335599 0.352767
0.659879 0.340121 0
0.121801 0.878199 0
0.228832 0.521168 0.25
0.135792 0.473338 0.39087
0.066638 0.361405 0.571957
0.659682 0.0903182 0.25
0.139493 0.0726288 0.787878
0.0725772 0.607181 0.320241
5.41233e-17 0.395052 0.604948
0.180055 0.108298 0.711647
0.161754 0.564921 0.273324
0.0655791 0.493964 0.440456
0.106381 0.538469 0.35515
0.29078 9.68493e-17 0.70922
0.829261 0.170739 0
0.0934756 0.414787 0.491737
0.222547 0.0195916 0.757861
0.0811527 0.918847 0
0.465219 0.230317 0.304465
0.428945 0.199194 0.371861
5.85354e-17 1 0
0.0135201 0.324515 0.661965
0.244353 0.755647 0
0.56573 0.18427 0.25
0.305609 0.217371 0.47702
0.648064 7.19495e-17 0.351936
0.0625963 9.03446e-17 0.937404
0.786638 0.213362 0
0.744258 0.255742 0
0.411453 0 0.588547
0.098405 0.27811 0.623485
0.257001 0.070591 0.672408
0.162532 0.837468 0
0.957222 0.0427779 0
0.0105825 0.455002 0.534415
0.419907 0.330093 0.25
0.201546 0.46385 0.334604
1.6877e-17 0.649592 0.350408
0.183252 0.341428 0.475319
0.871849 0.128151 0
0.141998 0.19128 0.666722
0.75 0 0.25
0.583004 6.47265e-17 0.416996
