0.0470029 0.491294 0.461703
0.0560933 0.683035 0.260872
0.510537 0.0134499 0.476013
8.11389e-17 0.75 0.25
4.6388e-17 1 0
0.421761 0.182746 0.395493
0.231239 0.518761 0.25
0.0977813 0.412886 0.489333
0.347196 0.652804 0
0.381789 0.142738 0.475473
0.653174 0 0.346826
3.11818e-17 0.672196 0.327804
0.385844 0.614156 0
0.16955 0 0.83045
0.16054 0.558275 0.281185
0.154104 0.845896 0
0.463082 0.536918 0
0.269914 0.730086 0
0.540176 0.459824 0
0.230989 0.401137 0.367874
0 0.393839 0.606161
0.384815 0 0.615185
0.596319 0.0851777 0.318503
0.809008 0.190992 0
0.23129 0.76871 0
0.54785 0.063132 0.389018
0.381861 0.267209 0.350931
0.194792 0.361504 0.443704
0.633916 0.116084 0.25
0.271178 0.447756 0.281066
0.0161013 0.607772 0.376126
0.317766 0.031656 0.650579
0.308571 0.691429 0
0.847272 0.152728 0
0.284942 0.312159 0.402899
0.7707 0.2293 0
0.121502 0.0826545 0.795844
0.335983 0.228664 0.435352
0.421053 0.0644369 0.51451
0.686815 0.0412599 0.271925
0.75 0 0.25
0.424477 0.575523 0
0.0700524 0.0694084 0.860539
0.509188 0.141358 0.349454
4.03539e-17 7.06684e-17 1
0.101215 0.305232 0.593552
0.23702 0.0795634 0.683417
0.192664 0.807336 0
0.961855 0.0381446 0
0.277713 0 0.722287
0.732348 0.267652 0
0.188001 0.160471 0.651528
0.234103 0.197871 0.568026
6.05231e-17 0.559439 0.440561
0.142909 0.443396 0.413696
0.30802 0.358712 0.333267
0.885507 0.114493 0
0.373607 0.339961 0.286432
0.463718 0.219435 0.316846
0.00485334 0.172688 0.822459
0.578671 0.421329 0
0.150194 0.33388 0.515926
0.247627 0.274172 0.478202
0.466528 0.099826 0.433646
0.0622378 0.373311 0.564451
1 0 0
0.694012 0.305988 0
0.186979 0.480363 0.332659
0.101123 0.520358 0.378518
0.100174 0 0.899826
0.20634 0.0305222 0.763138
0.0859018 0.150385 0.763713
0.438805 0.311195 0.25
0.191369 0.260981 0.547649
0.617152 0.382848 0
0.157893 0.122237 0.71987
0.304572 0.178035 0.517393
0.338954 0.411046 0.25
0.58123 6.45295e-17 0.41877
0.0606879 0.214567 0.724745
0.560708 0.173709 0.265583
0.655605 0.344395 0
0.0770273 0.922973 0
0.0748188 0.265511 0.65967
0.115565 0.884435 0
0.501656 0.498344 0
0.273488 0.121222 0.60529
0.923684 0.0763163 0
2.02607e-18 0.321168 0.678832
0.025782 0.0331162 0.941102
0.145794 0.22654 0.627666
0.455045 5.05201e-17 0.544955
2.16397e-17 0.466493 0.533507
0.123064 0.626936 0.25
0.0384985 0.961502 0
1.16327e-17 0.107526 0.892474
0.347227 0.089387 0.563386
0.508296 0.241704 0.25
0.0805779 0.587942 0.33148
2.66694e-17 0.246516 0.753484
