0.33301 0.0766677 0.590322
0.243152 0.756848 0
1.08888e-17 0.593822 0.406178
0.312693 0.341113 0.346194
0.882184 0.117816 0
0.763939 0.236061 0
0.324065 0.675935 0
0.434892 0.222621 0.342487
0.485041 0.514959 0
0.2837 0.7163 0
0.136129 0.349057 0.514814
0.0842523 0.556718 0.35903
0.072557 0.256988 0.670455
0.584459 0.149022 0.266519
0.554245 0.115025 0.33073
0.112655 0.177042 0.710303
0.404457 0.0628383 0.532704
0.475116 0.254652 0.270231
0.52498 0.47502 0
0.479746 0.154784 0.36547
0.386036 0.298574 0.31539
0.517321 0.0735588 0.40912
4.84731e-18 0.0845503 0.91545
0.0244992 0.220277 0.755224
0.352938 0.392715 0.254347
0.724415 0.275585 0
0.0453333 0.0984806 0.856186
0.16481 0.517319 0.317871
0.423212 0.326788 0.25
1.2682e-17 0.691615 0.308385
0.685566 0.036972 0.277462
0.272954 0.29316 0.433886
0 0.486611 0.513389
0.436026 4.84086e-17 0.563974
0.44493 0.55507 0
0.565073 0.434927 0
0.202636 0.797364 0
0.0820129 0.133109 0.784878
1.01016e-17 0.176199 0.823801
0.161052 0.0895354 0.749412
0.193311 0.13539 0.671298
0 0 1
0.267262 0.421607 0.31113
0.281704 0.468296 0.25
0.238523 0.0406612 0.720816
0.348262 0.257035 0.394703
0.118427 0.481116 0.400457
1.66855e-17 0.291041 0.708959
0.64497 0.35503 0
0.684661 0.315339 0
0.648697 0.101303 0.25
0.92149 0.0785099 0
0.103715 0.303449 0.592835
0.0382779 0.629067 0.332655
0.0405208 0.959479 0
0.536796 0.213204 0.25
0.121566 0.878434 0
0.0810441 0.918956 0
0.236916 0.37083 0.392253
0.266158 0.0977257 0.636116
0.199976 0.450459 0.349564
0.842806 0.157194 0
0.205564 0.544436 0.25
0.13295 0.0410012 0.826049
0.443628 0.103714 0.452658
2.37647e-17 0.414522 0.585478
0.130693 0.599994 0.269313
0.960815 0.0391855 0
0.0311188 0.524465 0.444416
0.15147 0.219291 0.629239
0.0165841 0.344472 0.638944
0.559617 0 0.440383
0.083537 0.438565 0.477898
0.0623098 0.385679 0.552011
0.108808 1.20801e-17 0.891192
0.364359 0.635641 0
0.286223 0.227194 0.486583
0.044332 0.0200832 0.935585
1 0 0
0.365034 0.135712 0.499254
1.37526e-17 0.75 0.25
0.206486 0 0.793514
0.230856 0.185107 0.584037
0.75 0 0.25
0.389767 0.184792 0.425442
0.163411 0.400696 0.435893
0.209587 0.312933 0.477479
0.162096 0.837904 0
0.364906 0.00554591 0.629548
0.0826598 0.66734 0.25
0.189298 0.262506 0.548196
5.73305e-17 1 0
0.404671 0.595329 0
0.803379 0.196621 0
0.301773 0.156212 0.542015
0.305495 0 0.694505
0.605086 0.394914 0
0.489945 0.0156682 0.494386
0.658152 0 0.341848
0.597703 0.0373933 0.364903
