0.586389 0.413611 0
0.354646 0.645354 0
0.0794571 0.920543 0
0.120635 0.277144 0.602221
0 0.75 0.25
0.271412 0.22578 0.502807
0.470911 0.529089 0
0.0263568 0.501685 0.471958
0.358545 0.0673706 0.574084
0.688264 0.024795 0.286941
0 0.273542 0.726458
0.0589381 0.1735 0.767562
0.0873787 0.338853 0.573768
0.200174 0.127985 0.671841
4.16491e-17 0.0684725 0.931528
0.101244 0.44329 0.455466
0.813365 0.186635 0
0.483462 0.071611 0.444927
0.180962 0.399482 0.419557
0 0.199699 0.800301
0.21757 0.444377 0.338053
0.395553 4.39152e-17 0.604447
0.280143 0.0951726 0.624685
0.583335 0.166665 0.25
0.390834 0.225554 0.383612
0.161543 0.204027 0.63443
0.460128 0.289872 0.25
0.316234 0.143843 0.539923
0.193103 1.07194e-16 0.806897
0.0649856 0.538485 0.396529
1 0 0
0 1 0
0.569897 0.0213361 0.408767
0.0397501 0.96025 0
2.50553e-17 0.471412 0.528588
0.639824 7.10347e-17 0.360176
0.0820501 0.231807 0.686143
0.260449 0.353459 0.386092
0.962828 0.0371716 0
0.236728 0.177281 0.585992
0.0359459 0.685781 0.278273
0.083323 0.591119 0.325558
2.02543e-17 0.381082 0.618918
0.432211 0.567789 0
0.52002 0.217744 0.262236
0.388817 0.352977 0.258206
0.315733 0.684267 0
0.75 8.32667e-17 0.25
0.127176 0.148372 0.724452
0.354458 0.184739 0.460803
0.345549 0.311415 0.343036
0.520125 5.77455e-17 0.479875
0.775837 0.224163 0
0.126399 7.01655e-17 0.873601
0.548046 0.451954 0
0.136194 0.487 0.376807
0.161263 0.530767 0.30797
0.50953 0.49047 0
0.307405 0.269426 0.423169
0.192139 0.262416 0.545445
0.738176 0.261824 0
0.00888325 0.127165 0.863951
0.0303563 0.312983 0.65666
0.234123 0.0590895 0.706788
0.184163 0.565837 0.25
0.40181 0.1026 0.49559
0.602681 0.0767852 0.320533
0.276584 0.723416 0
0.662606 0.337394 0
0.449218 0.0164336 0.534348
0.426142 0.261342 0.312516
0.651959 0.0980412 0.25
0.295145 0.392484 0.312371
3.06428e-17 0.576541 0.423459
0.265226 8.83379e-17 0.734774
0.109544 0.640456 0.25
0.25557 0.491853 0.252577
0.925543 0.0744566 0
0.19806 0.80194 0
0.14059 0.358588 0.500822
0.850843 0.149157 0
0.325064 0.0103394 0.664596
0.439872 0.146932 0.413196
0.0862643 0.089639 0.824097
0.482571 0.18322 0.334209
0.39355 0.60645 0
0.624535 0.375465 0
0.0471056 0.409547 0.543347
0.888211 0.111789 0
0 0.647966 0.352034
0.1589 0.0715502 0.76955
0.158617 0.841383 0
0.529402 0.110299 0.360299
5.55024e-17 8.78905e-21 1
0.0655389 0.0184545 0.916007
0.237433 0.762567 0
0.700465 0.299535 0
0.223213 0.311668 0.465119
0.326718 0.423282 0.25
0.119149 0.880851 0
