0.293756 0.306729 0.399516
0.148372 0.851628 0
0.648195 7.19641e-17 0.351805
0.483625 0.0537291 0.462645
0.0734829 0.184564 0.741953
0.154594 0.595406 0.25
0.357927 0.31773 0.324343
0.527047 0.472953 0
0.221148 2.45523e-17 0.778852
0.187193 0.28586 0.526947
0.239853 0.0907291 0.669418
0.0740241 0.925976 0
0.185716 0.814284 0
4.77088e-17 0.420765 0.579235
0.0269949 0.461202 0.511803
0.272926 0.121139 0.605935
0.0682114 0.279233 0.652556
0.11289 0.108509 0.778601
0.880084 0.119916 0
0.800608 0.199392 0
0.444325 0.142333 0.413342
0.164046 0.144909 0.691045
0.11547 0.315362 0.569168
0.174027 0.53459 0.291382
0.262526 0.374727 0.362747
0.41197 0.58803 0
0.26832 0.235094 0.496586
0.210505 0.454969 0.334526
0.192812 0.0657363 0.741451
9.04372e-17 1 0
0.260548 0.739452 0
0.112032 0.212444 0.675524
0.523048 0.109007 0.367945
2.61265e-17 0.230421 0.769579
0.327963 0.252277 0.41976
0.0217226 0.355316 0.622961
0.601679 0.0772633 0.321058
0.521201 0.228799 0.25
0.227283 0.194866 0.57785
0.0920912 0.618198 0.289711
0.406097 0.0984045 0.495499
1.42013e-18 0.60082 0.39918
0.0806305 0.485159 0.43421
0.120759 0.414114 0.465128
0.0829036 0.380888 0.536209
1.2545e-18 0.530745 0.469255
0.604603 0.395397 0
0.183647 0.402191 0.414162
0.571715 0.0325458 0.395739
0.103259 0 0.896741
0.336183 0.663817 0
0.568319 0.158828 0.272853
0.413203 0.336797 0.25
0.404826 0.228834 0.36634
0.323723 0.032439 0.643838
0.0617225 0.688278 0.25
0 0.106308 0.893692
0.347646 0.402354 0.25
0.761107 0.238893 0
0.0660615 0.574228 0.359711
0 0.303196 0.696804
0.21176 0.331207 0.457033
0.363754 0.181668 0.454578
0.450051 0.549949 0
0.128107 0.500511 0.371382
0.75 0 0.25
0.959935 0.0400652 0
0.488489 0.511511 0
0.157357 0.23275 0.609893
0.0177199 0.158585 0.823695
0.565718 0.434282 0
0.920025 0.0799751 0
0.250077 0.499923 0.25
0.483845 0.18719 0.328965
0.721743 0.278257 0
0.373987 0.626013 0
0.223127 0.776873 0
0.0369959 0.963004 0
0.31649 0.153305 0.530205
0.0720935 0.0742257 0.853681
0.111212 0.888788 0
0.840393 0.159607 0
0.288712 0.424217 0.287071
0 0 1
0.393753 0 0.606247
1 0 0
0.153613 0.0200908 0.826296
0.640184 0.109816 0.25
0.643482 0.356518 0
8.50395e-17 0.75 0.25
0.688293 0.0347467 0.27696
0.0289279 0.0319792 0.939093
0.448175 0.27068 0.281145
0.682677 0.317323 0
0.290082 3.22056e-17 0.709918
0.362097 0.0711692 0.566734
0.46148 5.12346e-17 0.53852
7.60598e-17 0.670804 0.329196
0.298238 0.701762 0
0.547251 6.07571e-17 0.452749
