0.22765 0.77235 0
0.576049 0.143422 0.280529
0.379079 0.252753 0.368168
1.10782e-17 0.263633 0.736367
0.386609 0.363391 0.25
3.20284e-17 2.34828e-17 1
0.0364209 0.194508 0.769072
0.0977952 0.352819 0.549386
0.381696 0.0139776 0.604327
0.456815 0.543185 0
0.293731 0.302609 0.403661
4.20411e-18 0.100047 0.899953
0.248216 0.383572 0.368212
0.572304 0.427696 0
0.0378605 0.962139 0
0.453443 0 0.546557
0.495182 0.504818 0
0.235518 0.514482 0.25
0.197032 0 0.802968
3.83658e-18 0.528443 0.471557
0.418477 0.581523 0
0.336971 0.101634 0.561395
0.189596 0.810404 0
0.804957 0.195043 0
0.136058 0.265684 0.598258
0.380256 0.619744 0
0.0940628 0 0.905937
0.0761186 0.112017 0.811865
0.151567 0.848433 0
5.44511e-18 0.75 0.25
0.882849 0.117151 0
0.533732 0.466268 0
0.209434 0.103692 0.686875
0.649707 0.350293 0
4.20213e-17 1 0
0.265739 0.734261 0
0.533513 0.0865927 0.379895
0.416231 0.0707299 0.513039
0.165475 0.584525 0.25
0.423964 0.188366 0.38767
1.40035e-17 0.333248 0.666752
0.0757461 0.924254 0
0.0293618 0.0353421 0.935296
0.921894 0.078106 0
0.303897 0.696103 0
0.0934628 0.618998 0.287539
0.501274 0.0251814 0.473545
0.324116 0 0.675884
0.169896 0.185043 0.645061
0.284809 0.41189 0.303301
0.311079 0.438921 0.25
1.83701e-17 0.437162 0.562838
0.96093 0.0390702 0
0.2517 0.145539 0.602761
0.461357 0.288643 0.25
0.025819 0.379381 0.5948
0.127584 0.400278 0.472138
0.610962 0.389038 0
0.0874907 0.226293 0.686216
0.335488 0.222071 0.44244
0.843817 0.156183 0
0.213514 0.225491 0.560995
0.208832 0.350158 0.44101
0.162332 0.0728766 0.764791
0.0455804 0.452855 0.501564
0.378113 0.146841 0.475046
0.604499 0.0641374 0.331364
0.340907 0.331853 0.32724
0.646896 0.103104 0.25
0.495894 0.169329 0.334777
0.11362 0.88638 0
0.133643 0.529228 0.337129
0.167049 0.438772 0.394179
0.25261 0.0156961 0.731694
0.536128 0.213872 0.25
0.0636315 0.686369 0.25
0.0639051 0.299301 0.636794
2.51791e-17 0.599199 0.400801
0.75 8.32667e-17 0.25
0.688823 0.028181 0.282996
0.122271 0.149426 0.728303
0.120305 0.034015 0.84568
0.432657 0.260788 0.306555
0.29 0.0686663 0.641333
0.173163 0.309802 0.517034
0.460095 0.111364 0.428541
0.253331 0.265388 0.481282
0.727275 0.272725 0
0.205665 0.476541 0.317794
4.864e-18 0.669958 0.330042
0.342047 0.657953 0
0.0609228 0.569978 0.369099
0.642239 0 0.357761
0.568802 0 0.431198
0.766118 0.233882 0
0.29515 0.182845 0.522005
0.0873948 0.489279 0.423326
0.688479 0.311521 0
6.88336e-18 0.163807 0.836193
1 0 0
