0.169897 0.150346 0.679757
0.10747 0.615031 0.2775
0.133425 0.21353 0.653045
0.56011 0.18989 0.25
0.402392 0.0645528 0.533055
0.23794 0.396515 0.365545
7.4377e-18 0.107189 0.892811
0.892336 0.107664 0
0.0658896 0.58738 0.346731
0.417508 0.582492 0
0.285634 0.0524249 0.661941
0.66584 0.0841601 0.25
0.215665 0 0.784335
1 0 0
0.153092 0.846908 0
0.497106 0 0.502894
0.203377 0.077659 0.718964
0.690851 7.66998e-17 0.309149
0.325512 0.0931095 0.581378
0.196897 0.481942 0.321161
0.120747 0.108045 0.771207
0.393849 0.298964 0.307187
0.316604 0.35094 0.332457
0.784356 0.215644 0
0.638982 0.361018 0
6.93889e-18 1 0
0.0132445 0.374052 0.612703
0.0383178 0.961682 0
0.156144 0.312088 0.531768
0.065767 0.684233 0.25
0.229387 0.770613 0
0.429775 0 0.570225
0.26722 0.73278 0
0.193762 0.227864 0.578374
0.153863 0.0270191 0.819118
0.243012 0.133304 0.623683
0.241714 0.508286 0.25
0.75 0 0.25
0.0766282 0.923372 0
0.452367 0.221976 0.325656
0.10592 0 0.89408
0.528978 0.471022 0
0.964159 0.0358414 0
0.119992 0.524262 0.355746
0.238092 0.266415 0.495492
0.320862 0.222469 0.456668
3.04501e-18 0.438832 0.561168
0.410162 0.180067 0.409772
0.60245 0.39755 0
0.279044 0.180268 0.540688
0.928288 0.0717123 0
2.23882e-17 0.322648 0.677352
0.0786096 0.492733 0.428657
0.565784 0.434216 0
0.0257451 0.154027 0.820227
0.00195336 0.673119 0.324928
0.281292 0.43878 0.279929
0.0779944 0.353803 0.568202
0.362403 0 0.637597
0.342693 0.657307 0
5.44029e-17 1.10824e-18 1
0.45485 0.54515 0
0.748264 0.251736 0
0.1732 0.5768 0.25
0.0975937 0.283847 0.61856
0.0744466 0.0744858 0.851068
0.278113 0.308637 0.41325
0.197145 0.353624 0.449231
0.625283 0.0382006 0.336516
0.711936 0.288064 0
0.191175 0.808825 0
0.363467 0.14234 0.494193
0.543824 0.0860361 0.370139
0.0380522 0.457992 0.503956
0.675437 0.324563 0
0.49401 0.2534 0.25259
3.71473e-17 0.535349 0.464651
0.423589 0.326411 0.25
5.20417e-18 0.75 0.25
0.450592 0.0992249 0.450184
0.523269 0.0397902 0.43694
0.499418 0.153027 0.347555
0.820452 0.179548 0
0.114929 0.885071 0
0.115441 0.400651 0.483909
0.380005 0.619995 0
0.0303212 0.0315916 0.938087
0.0833922 0.181427 0.735181
0.305013 0.694987 0
0.350205 0.399795 0.25
0.276553 3.07035e-17 0.723447
0.592606 0.122942 0.284451
0.0388019 0.256961 0.704237
0.491934 0.508066 0
1.54348e-17 0.222438 0.777562
0.360637 0.261029 0.378334
0.856382 0.143618 0
0.15725 0.439511 0.403239
4.20069e-17 0.605384 0.394616
0.593499 0 0.406501
