0.305372 0.409986 0.284641
2.10985e-17 0.351229 0.648771
0.599526 0 0.400474
0.427061 0.0918122 0.481127
0.291219 0.284667 0.424114
0.460989 0 0.539011
0.348668 0.130762 0.520569
0.259485 0.0665209 0.673994
1 0 0
0.584096 0.415904 0
6.00704e-17 1 0
0.622295 0.377705 0
0.0788647 0.921135 0
0.177023 0 0.822977
0.887376 0.112624 0
0.438355 0.223222 0.338424
0.468867 0.531133 0
0.391807 0.0401779 0.568015
0.217348 0.143848 0.638804
0.288551 0 0.711449
0.0758152 0.170412 0.753772
0.0930795 0.440666 0.466255
0.128908 0.299303 0.571789
0.660504 0.339496 0
0.130226 0.47932 0.390455
0.0894453 0.558488 0.352067
0.586422 0.163578 0.25
0.150944 0.350012 0.499045
0.05599 0.631388 0.312622
0.0391224 0.525344 0.435533
0.0574431 0.330085 0.612472
0.849733 0.150267 0
2.81017e-17 0.75 0.25
0.071127 0.391615 0.537258
0.352618 0.647382 0
0.27291 0.47709 0.25
0.17103 0.515109 0.31386
0.259094 0.365573 0.375333
0.507396 0.492604 0
0.924923 0.0750772 0
0.17915 0.399317 0.421533
2.52108e-17 0.672844 0.327156
0.308019 0.0920715 0.599909
1.85464e-17 0.49498 0.50502
0.376492 0.373508 0.25
0.623878 0.0914781 0.284644
0.467403 0.147905 0.384692
0.235812 0.764188 0
0.334439 0.330145 0.335416
0.00862203 0.277779 0.713599
0.962476 0.0375244 0
0.308871 0.213016 0.478113
0.203941 0.546059 0.25
0.688445 0.0615545 0.25
0 0 1
2.56255e-17 0.426591 0.573409
0.105411 0 0.894589
0.364943 0.253137 0.38192
0.0738334 0.676167 0.25
0.157526 0.842474 0
0.541338 0.124165 0.334497
0.220075 0.442024 0.337901
8.11926e-18 0.216693 0.783307
0.736475 0.263525 0
0.0247727 0.144906 0.830321
0.498967 0.0705067 0.430526
0.313714 0.686286 0
0.811914 0.188086 0
2.23193e-17 0.595673 0.404327
0.671046 0 0.328954
0.360476 0 0.639524
0.0867942 0.255463 0.657743
0.774229 0.225771 0
0.136466 0.603131 0.260403
0.0787419 0.0641422 0.857116
3.80432e-18 0.101533 0.898467
0.274746 0.725254 0
0.0319141 0.0280313 0.940055
0.412424 0.303132 0.284444
0.430168 0.569832 0
0.0394635 0.960536 0
0.216531 0.0268229 0.756646
0.516173 0.20005 0.283777
0.545861 0.454139 0
0.171866 0.111192 0.716942
0.391073 0.175453 0.433474
0.698475 0.301525 0
0.391404 0.608596 0
0.262763 0.17709 0.560148
0.75 0 0.25
0.212389 0.258424 0.529188
0.118247 0.881753 0
0.124062 0.0876186 0.78832
0.196679 0.803321 0
0.576191 0.0568343 0.366975
0.226706 0.313283 0.460011
0.125959 0.188598 0.685443
0.481244 0.268756 0.25
0.52801 0 0.47199
0.17285 0.2208 0.60635
