0.0874686 0.558916 0.353615
0.786915 0.213085 0
0.267288 0.134 0.598712
0.744521 0.255479 0
0.829429 0.170571 0
0.957266 0.0427337 0
2.35236e-17 0.496455 0.503545
1.47649e-17 0.311606 0.688394
0.392484 0.134582 0.472934
9.71445e-17 4.63542e-24 1
2.10778e-17 0.0712894 0.928711
4.21646e-17 0.142609 0.857391
0.233784 0.210862 0.555354
0.585892 0.139652 0.274457
0.0344746 0.530035 0.435491
0.244655 0.755345 0
0.409416 0.590584 0
0.20635 0 0.79365
0.204198 0.431964 0.363839
0.492432 0.507568 0
0.615244 6.83058e-17 0.384756
0.299326 0.0630464 0.637628
0.122036 0.877964 0
0.557154 0.0422831 0.400563
0.274886 0.252531 0.472583
0.75 0 0.25
0.48285 0.252814 0.264335
0.0813599 0.448042 0.470598
0 0.598463 0.401537
0.137381 0.601547 0.261072
0.0415328 0.237306 0.721161
0.285796 0.714204 0
0.91459 0.0854105 0
0.130912 0.311347 0.557741
0.249162 0.47614 0.274698
0.20183 0.295448 0.502722
0.326902 0.673098 0
0.20513 0.54487 0.25
0.106412 0.373138 0.52045
0.702214 0.297786 0
0.478571 0.0869187 0.434511
0.872003 0.127997 0
0.42839 0.0612242 0.510386
0.40758 0.257906 0.334514
0.151057 0.109317 0.739627
0.123137 0.477962 0.398901
1.89772e-17 0.400504 0.599496
0.256028 0.0130675 0.730905
0.0599109 0.157092 0.782997
0.0565016 0.631814 0.311685
0.661318 0.0886824 0.25
0.0813169 0.918683 0
0.0592377 0.0585859 0.882176
0.368234 0.631766 0
0.0752989 8.35986e-18 0.924701
0.106502 0.0810436 0.812454
0.525649 0 0.474351
0.0858544 0.269354 0.644791
0.349566 0.0932393 0.557195
0.368099 0.360981 0.270921
0.334811 0.3201 0.345089
0.432586 0.317414 0.25
0.162562 0.391494 0.445944
0.327171 0 0.672829
1.37661e-17 0.75 0.25
0.0334595 0.423551 0.542989
0.16285 0.83715 0
0.691444 0.00613896 0.302417
1.62913e-17 0.221286 0.778714
0.191606 0.161174 0.64722
0.547373 0.202627 0.25
0.279759 0.392899 0.327343
0.387698 0.00982591 0.602476
0.45592 0 0.54408
0.43822 0.165958 0.395822
0.358934 0.214121 0.426945
4.73832e-17 1 0
0.575897 0.424103 0
0.534078 0.465922 0
0.203654 0.796346 0
0.165391 0.513135 0.321474
0.116088 0.190612 0.6933
0.479617 0.19159 0.328793
0.313495 0.173278 0.513227
0.529408 0.116227 0.354365
0.309906 0.289467 0.400627
0.0406556 0.959344 0
0.620124 0.0566006 0.323275
0.0747557 0.675244 0.25
0.450868 0.549132 0
1 0 0
0.318671 0.431329 0.25
0.237483 0.345021 0.417496
0.65999 0.34001 0
0.161555 0.238182 0.600263
0.144139 0.00608366 0.849777
0.0451155 0.340999 0.613886
0.22318 0.084304 0.692516
0.617893 0.382107 0
1.23754e-17 0.674236 0.325764
