0.158755 0.0795354 0.761709
0 0.652677 0.347323
0.4245 0.5755 0
0.121553 0.0317997 0.846647
0.600263 0.0264303 0.373307
0.344887 0.403677 0.251436
0.469108 0.149061 0.381831
0.204218 0.113894 0.681888
0.270002 0.729998 0
0.0828516 0.122255 0.794893
0.184359 0.565641 0.25
0.428131 0.00728372 0.564585
0.00381462 0.509832 0.486354
0.809053 0.190947 0
0.154182 0.845818 0
0 0.164045 0.835955
0.668904 0 0.331096
4.33451e-18 0.060614 0.939386
7.15101e-17 1 0
0.235248 0.280226 0.484526
0.392618 0.194675 0.412706
0 0.366914 0.633086
0.732464 0.267536 0
0.55304 0.109 0.33796
0.347267 0.652733 0
0.278047 0.323358 0.398595
0.111881 0.638119 0.25
0.75 0 0.25
0.1681 0.441311 0.390589
0.0770714 0.922929 0
0.151674 0.313411 0.534915
0.0952208 0.258321 0.646458
0.559527 0 0.440473
0.308633 0.691367 0
0.241498 0.155288 0.603214
0.617254 0.382746 0
0.201674 0.35952 0.438806
0.321954 0.104677 0.57337
0.191019 0.243058 0.565923
0.492457 0 0.507543
0.371113 0 0.628887
0.770792 0.229208 0
0.598083 0.151917 0.25
0.276659 0.196656 0.526685
0.0385341 0.961466 0
0.0603339 0.550317 0.389349
0 0.75 0.25
0.317371 0.365735 0.316894
0.0347496 0.0906603 0.87459
3.15144e-17 0.440698 0.559302
0 0.580861 0.419139
0.19302 0 0.80698
0.385884 0.614116 0
0.655671 0.344329 0
0.128645 0.162916 0.708439
0.244126 0.409857 0.346017
0.437562 0.102232 0.460206
0.629182 0.0825121 0.288306
0.127317 0.389782 0.482901
0.280835 0.469165 0.25
0.69409 0.30591 0
0.501721 0.498279 0
0.847278 0.152722 0
0.23866 0.0264072 0.734933
0.923665 0.0763353 0
0.885468 0.114532 0
0.0605216 0.204873 0.734605
1 0 0
0.457807 0.277742 0.264451
1.7095e-17 0.239057 0.760943
0.0139673 0.298172 0.68786
0.961856 0.038144 0
0.213511 0.492915 0.293574
0.504521 0.18538 0.3101
0.192791 0.807209 0
0.0860212 0.599041 0.314938
0.304582 0 0.695418
0.57872 0.42128 0
0.514074 0.0685746 0.417351
0.540222 0.459778 0
0.231395 0.768605 0
0.0763198 0.337232 0.586449
0.13662 0.519876 0.343504
0.355047 0.15401 0.490943
0.427671 0.237944 0.334385
0.692354 0.0576462 0.25
0.315865 0.240883 0.443253
0.410355 0.339645 0.25
0.0383767 0.687843 0.27378
0.281187 0.0703853 0.648427
0.115626 0.884374 0
2.05859e-18 1.08964e-16 1
0.0889821 0.472911 0.438107
0.395379 0.0715529 0.533068
0.083374 0 0.916626
0.358021 0.286696 0.355283
0.527741 0.222259 0.25
0.163892 0.204071 0.632037
0.463119 0.536881 0
0.0587576 0.416045 0.525198
