0.0108171 0.240811 0.748371
0.681256 0.318744 0
0.0729668 0.586596 0.340438
0.314741 0.142036 0.543223
0.91999 0.0800096 0
0.523283 0.476717 0
0.520253 0 0.479747
0.384907 0.2813 0.333793
0.628631 0.037809 0.33356
0.152411 0.436484 0.411105
0.75 0 0.25
0.666127 0.083873 0.25
0.229928 0.18705 0.583021
0.483962 0.516038 0
0.194522 0.805478 0
0.385737 0 0.614263
0.231386 0.518614 0.25
1 0 0
0.311422 0.688578 0
0.0644456 0.275217 0.660338
0.272453 0.727547 0
0.147509 0.106815 0.745677
0.263638 0.453999 0.282363
0.402495 0.0912336 0.506272
0.271661 0.103798 0.624541
0.42821 0.139053 0.432738
0.720908 0.279092 0
0.077983 0.46722 0.454797
0.364889 0.352828 0.282283
0.315131 0.01609 0.668779
7.96518e-17 0.75 0.25
0.261228 0 0.738772
0.474547 0.247188 0.278265
0.038879 0.961121 0
0.691769 0 0.308231
0.380013 0.585147 0.0366858
0.641673 0.358327 0
0.299594 0.31738 0.383026
0.593385 6.5879e-17 0.406615
0.0269821 0.54795 0.425068
0.493015 0.0588447 0.44814
0.0225086 0.107519 0.869972
0.481411 0.122629 0.39596
0.562675 0.437325 0
0.0641369 0.685863 0.25
0.185011 0.273077 0.541912
0.114127 0.518303 0.36757
0.287716 0.37917 0.333114
0.0750067 0.00501881 0.919975
0.110275 0.30414 0.585585
0.0777672 0.922233 0
0.116678 0.883322 0
0.186315 0.149445 0.664241
0.142911 0 0.857089
0.596682 0.129335 0.273984
0.959976 0.0400244 0
4.07931e-17 1 0
0.121831 0.383521 0.494648
0.350428 0.649572 0
0.330278 0.248037 0.421686
5.69574e-17 0.614387 0.385613
0.0753092 0.360881 0.56381
1.31844e-17 0.504985 0.495015
0.147809 0.228051 0.62414
0 0.388511 0.611489
0.800432 0.199568 0
0.274436 0.220387 0.505176
0.186062 0.488155 0.325783
0.352679 0.0659187 0.581402
0.41787 0.212659 0.369472
0.101457 0.193639 0.704904
0.226793 0.0710121 0.702195
0.198965 0.355901 0.445134
0.00634231 0.672978 0.32068
0.444663 0.555337 0
0.0688286 0.149497 0.781675
0.155578 0.844422 0
0.190712 0.0207327 0.788555
0.0241327 0.437537 0.53833
0.435714 0.314286 0.25
0.602186 0.397814 0
1.13962e-17 0.18054 0.81946
0.238645 0.292434 0.468921
0.17009 0.57991 0.25
0 0 1
1.98282e-17 0.314121 0.685879
0.760659 0.239341 0
0.233481 0.766519 0
0.548224 0.201776 0.25
0.225761 0.401986 0.372253
0.448743 0.00793767 0.54332
0.509014 0.166741 0.324245
0.84024 0.15976 0
0.101776 0.0704238 0.8278
0.107148 0.61914 0.273711
0.358723 0.177242 0.464036
0.880081 0.119919 0
0.555093 0.0835644 0.361342
4.91386e-17 0.0647549 0.935245
0.331634 0.418366 0.25
