0.0790122 0.0753009 0.845687
0.422245 0.327755 0.25
0.0567864 0.149502 0.793712
0.106997 1.1879e-17 0.893003
0.0110079 0.489891 0.499101
0.919434 0.0805662 0
0.430993 0.10075 0.468257
0.182155 2.02233e-17 0.817845
2.61967e-17 0.75 0.25
0.341681 0.0646565 0.593663
0.109585 0.248053 0.642362
0.500225 0.0597285 0.440047
0.086319 0.913681 0
0.0339614 0.028874 0.937165
0.199533 0.343539 0.456928
0.0625807 0.531343 0.406076
0.593088 0.406912 0
0.516218 0.166921 0.316862
0 0.557377 0.442623
0.685635 0.0287675 0.285598
0.157007 0.0545808 0.788412
0.406982 0.169902 0.423116
0.0788094 0.207371 0.71382
9.92867e-18 1.01094e-16 1
0 0.30511 0.69489
0.246255 0.390191 0.363554
0.0161426 0.669856 0.314001
0.0432075 0.956793 0
0.878988 0.121012 0
0.716212 0.283788 0
0.00612424 0.241787 0.752089
0.439584 0.215683 0.344733
5.83773e-17 0.175272 0.824728
0.258611 0.110765 0.630623
0.220756 0.269583 0.50966
0.121843 0.614924 0.263233
0.384533 0.615467 0
0.213489 0.0779673 0.708544
0.634396 0.365604 0
0.00897495 0.359617 0.631408
0.510005 0.489995 0
0.355483 0.256273 0.388244
0.19668 0.189295 0.614025
0.48397 0.257113 0.258916
0.342165 0.657835 0
0.480129 0.130868 0.389003
0.167371 0.421725 0.410904
0.554684 0.195316 0.25
0.0932807 0.454517 0.452203
0.273681 0.306808 0.419511
0.656899 0.093101 0.25
0.347607 0.188175 0.464219
0.0617145 0.401732 0.536554
0.650118 7.21776e-17 0.349882
0.0863164 0.582878 0.330806
0.393034 0.292779 0.314187
0.290589 0.234032 0.475379
0.959721 0.0402791 0
0.172229 0.827771 0
0.186307 0.563693 0.25
0.392632 0.081227 0.526141
0.468173 0.531827 0
0.350205 0.383388 0.266407
0.214665 0.785335 0
0.316362 0.34517 0.338468
0.29991 0.70009 0
0.0800014 0.323708 0.59629
0.551813 0.448187 0
0.129337 0.369022 0.501641
0.426377 0.573623 0
0.75 8.32667e-17 0.25
4.78076e-17 0.430612 0.569388
0.596992 0.120786 0.282223
0.239558 0.498914 0.261527
1 0 0
0.838331 0.161669 0
0.560254 0.0822308 0.357515
0.757 0.243 0
0.2575 0.7425 0
0.312145 0.144514 0.543341
0.44931 0.000975652 0.549714
0.125792 0.122071 0.752137
0.243196 0.200651 0.556153
0.587913 0.00852032 0.403566
1.07322e-16 1 0
0.675351 0.324649 0
0.303616 0.0212051 0.675179
0.0676136 0.682386 0.25
0.15517 0.286822 0.558008
0.138545 0.50509 0.356365
0.209793 0.463861 0.326346
0 0.62617 0.37383
0.30451 0.44549 0.25
0.129301 0.870699 0
0.376609 0 0.623391
0.797759 0.202241 0
1.13131e-17 0.101899 0.898101
0.162814 0.157834 0.679352
0.52293 5.80569e-17 0.47707
0.257152 2.85496e-17 0.742848
