0.249488 0.106776 0.643735
6.76135e-18 0.0810453 0.918955
0.0935175 0.308635 0.597847
0.0371449 0.962855 0
0.391245 0.358755 0.25
0.165045 7.32947e-17 0.834955
0.324895 0.202447 0.472657
0.370213 0.629787 0
0.75 0 0.25
0.0250565 0.618172 0.356771
0.360341 0 0.639659
1.57484e-17 0.343666 0.656334
0.148557 0.851443 0
0.320377 0.408547 0.271076
0.171676 0.153622 0.674703
0.137858 0.226164 0.635978
0.474219 0.150534 0.375246
0.371588 0.10302 0.525392
0.19976 0.0700781 0.730161
0.296475 0.703525 0
0.611855 0.138145 0.25
0.518373 0.0762965 0.40533
0.109795 0.447037 0.443168
0.538174 0.211826 0.25
0.701947 0.298053 0
0.17398 0.277634 0.548386
0.41811 0.0129237 0.568966
0.106233 0.574165 0.319602
1 0 0
6.90789e-18 0.75 0.25
0.569796 0.103289 0.326915
0.326964 0.0709736 0.602062
0.219451 0.325239 0.45531
0.664912 0.335088 0
0.962612 0.0373879 0
0.41938 0.126806 0.453814
0.6821 0 0.3179
0.289276 0.0185493 0.692174
1.24557e-17 0.271811 0.728189
0.62792 0.37208 0
0.0302811 0.380735 0.588984
0.39293 0.189572 0.417498
8.34269e-17 1 0
0.333322 0.666678 0
0.0742984 0.925702 0
0.147343 0.602657 0.25
0.351639 0.265152 0.38321
0.739113 0.260887 0
0.776252 0.223748 0
0.480529 0.519471 0
0.18842 0.404293 0.407288
2.06557e-17 0.450754 0.549246
0.0380899 0.115766 0.846144
0.110793 0.0884548 0.800752
0.0683392 0.248967 0.682694
0.925242 0.074758 0
0.231258 0.444857 0.323885
0.464591 0.285324 0.250085
0.407031 0.592969 0
0.510042 0.183439 0.306519
0.197434 0.532881 0.269685
0.0772611 0.402018 0.520721
0.667194 0.0726416 0.260165
0.111456 0.888544 0
0.290579 0.292331 0.417091
0.153144 0.489788 0.357068
0.0736462 0.528905 0.397449
0.0225636 0.495631 0.481805
0.43015 0.235783 0.334067
0.491164 0 0.508836
1.72317e-21 1.11021e-16 1
0.06033 2.67919e-17 0.93967
0.0922491 0.0317339 0.876017
0.591005 0.408995 0
0.222592 0.777408 0
0.0775773 0.668723 0.2537
0.850653 0.149347 0
0.291087 0.153655 0.555258
0.88793 0.11207 0
0.215026 0.192963 0.592011
0.269551 0.480449 0.25
3.1373e-17 0.684631 0.315369
0.185587 0.814413 0
0.61393 0.0246606 0.361409
0.517281 0.482719 0
0.365668 0.319966 0.314366
0.443784 0.556216 0
2.60789e-17 0.5691 0.4309
0.45889 0.0592454 0.481865
0.0441415 0.196318 0.75954
0.273556 0.367288 0.359156
0.251232 0.241704 0.507063
0.813437 0.186563 0
0.554106 0.445894 0
0 0.177529 0.822471
0.259494 0.740506 0
0.124022 0.139283 0.736695
0.144744 0.358381 0.496875
0.236556 1.05052e-16 0.763444
0.566616 6.2907e-17 0.433384
