0.501965 0.498035 0
0 0.568069 0.431931
0.171317 5.70601e-17 0.828683
1.10761e-16 2.60844e-19 1
0.683951 0.0480892 0.26796
0.386818 0.613182 0
0.0687029 0.0819911 0.849306
0.537888 0.212112 0.25
0 0.11248 0.88752
0.693526 0.306474 0
0.0387947 0.961205 0
0 0.242927 0.757073
0.770038 0.229962 0
0.30041 0.422762 0.276828
0.533563 0.0202231 0.446214
0.0792155 0.592011 0.328773
0.665959 7.39363e-17 0.334041
0.425237 0.574763 0
0.257002 0.492998 0.25
0.290869 0.351592 0.357539
0.0988125 0.133053 0.768135
0.0897069 0.449977 0.460316
0.229717 0.383495 0.386788
0.364988 0.108914 0.526099
0.193794 0.806206 0
0.271197 0.728803 0
0.241057 0.244765 0.514178
0.583181 0.070027 0.346792
0.0980656 0 0.901934
0.309788 0.690212 0
0.884969 0.115031 0
0.357916 0 0.642084
0.566131 0.143477 0.290392
0.00742241 0.494184 0.498393
0.146823 0.230786 0.622391
0.0208711 0.362528 0.616601
0 0.75 0.25
0.463618 0.536382 0
0.446726 0.0734699 0.479804
0.157186 0.415927 0.426888
0.808326 0.191674 0
0.75 0 0.25
0.232527 0.767473 0
0.0119311 0.172125 0.815944
0.236448 0.116329 0.647223
0.143286 0.0577721 0.798941
0.318196 0.197932 0.483872
0.96167 0.0383296 0
0.320164 0.075273 0.604563
0.0238649 0.0382828 0.937852
0.468335 0.244157 0.287508
0.192201 0.0841868 0.723612
0.0586198 0.53565 0.40573
0.155032 0.844968 0
0.106056 0.643944 0.25
0 0.432991 0.567009
0.409634 0.0201097 0.570256
0.427919 0.192714 0.379367
0.181498 0.568502 0.25
0.185075 0.340592 0.474333
0 0.315343 0.684657
0.731788 0.268212 0
0.168029 0.287355 0.544616
0.0317198 0.685799 0.282481
0.502241 0.100624 0.397135
0.923292 0.0767076 0
0.368856 0.381144 0.25
0.343731 0.244631 0.411638
0.401129 0.151133 0.447738
0.0748913 0.396799 0.52831
0 0.643169 0.356831
0.244564 0 0.755436
0.635858 0.114142 0.25
0.140822 0.167455 0.691723
0.65528 0.34472 0
0.0776374 0.270133 0.65223
0.480873 0 0.519127
0.116311 0.883689 0
8.687e-17 1 0
0.846645 0.153355 0
0.209875 0.194826 0.595299
0.2844 0.0276408 0.687959
0.156398 0.537177 0.306425
0.103776 0.32534 0.570883
0.617039 0.382961 0
0.578753 0.421247 0
0.283437 0.155321 0.561242
0.439957 0.310043 0.25
0.267433 0.294967 0.4376
0.492395 0.167773 0.339832
0.128058 0.494687 0.377255
1 0 0
0.352397 0.333518 0.314084
0.0628943 0.212819 0.724287
0.599329 0 0.400671
0.348383 0.651617 0
0.209426 0.457032 0.333542
0.540328 0.459672 0
0.387407 0.271197 0.341396
0.0775874 0.922413 0
