0.105806 0.0296564 0.864538
0.286059 0.399043 0.314898
5.96076e-17 0.363755 0.636245
0.186993 0.451784 0.361223
0.0736151 0.676385 0.25
0.0945712 0.322581 0.582848
0.342978 0.204242 0.45278
0.1227 0.424785 0.452516
0.685684 0.314316 0
0.0353042 0.297421 0.667275
0.566473 0.433527 0
0.0749707 0.222347 0.702682
0.202411 0.382532 0.415057
1 0 0
0 0.674521 0.325479
0.0663029 0.10349 0.830207
0.882611 0.117389 0
0.238832 0.294209 0.466959
0.0945223 0.493623 0.411854
0 0.135898 0.864102
0.348877 0.316071 0.335051
7.86007e-17 8.79327e-17 1
2.52769e-17 1 0
0.242277 0.483037 0.274686
0.0408368 0.959163 0
0.646061 0.353939 0
0.122475 0.877525 0
0.0765356 0 0.923464
0.0699802 0.391828 0.538192
0.531996 0 0.468004
0.325635 0.674365 0
0.198511 0.551489 0.25
0.17969 0 0.82031
0.675883 0 0.324117
0.267201 0.0660039 0.666795
0 0.599038 0.400962
0.0543581 0.633848 0.311794
0.0168133 0.190646 0.792541
0.460621 0.289379 0.25
0.921728 0.0782724 0
0.526654 0.473346 0
0.104155 0.147602 0.748243
0 0.75 0.25
0.461918 0.0879797 0.450103
0.163236 0.836764 0
0.151548 0.523146 0.325306
0.422976 0.0549344 0.522089
0.129729 0.252912 0.61736
0.671217 0.0787831 0.25
0.203927 0.796073 0
0.593252 0.147663 0.259085
0.18781 0.274785 0.537405
0.366069 0.633931 0
0.519409 0.06399 0.416601
0.491412 0.183725 0.324863
0.60232 0.00314061 0.39454
6.57348e-18 0.260059 0.739941
0.349706 0.081104 0.56919
0.625752 0.0628305 0.311418
0.803981 0.196019 0
0.430518 0.263134 0.306347
0.130537 0.604333 0.26513
0 0.533846 0.466154
0.534928 0.215072 0.25
0.392785 0.232655 0.374561
0.438087 0.159975 0.401938
0.843241 0.156759 0
0.151552 0.185005 0.663443
0.153069 0.349028 0.497904
0.725157 0.274843 0
0.606285 0.393715 0
0.382898 0.131025 0.486077
0.302415 0.17563 0.521955
0 0.432351 0.567649
0.0727903 0.563176 0.364034
0.386407 0.363047 0.250546
0.314 0.436 0.25
0.146181 0.0705811 0.783238
0.267509 0.349696 0.382795
0.0816902 0.91831 0
0.244563 0.755437 0
0.454828 0 0.545172
0.285168 0.714832 0
0.215768 0.153606 0.630626
0.546036 0.106417 0.347547
0.00424606 0.0636151 0.932139
0.233505 0.209286 0.557209
0.406229 0.593771 0
0.310062 0.270718 0.41922
0.234345 0.0141555 0.7515
0.305678 0 0.694322
0.764556 0.235444 0
0.285753 0.115933 0.598314
0.0348863 0.468101 0.497013
0.486525 0.513475 0
0.446462 0.553538 0
0.75 0 0.25
0.960901 0.0390986 0
0.188641 0.102924 0.708435
0.377704 0 0.622296
