0.761173 0.238827 0
0.0355538 0.344583 0.619863
0.00569569 0.0588197 0.935485
6.89385e-17 0.601577 0.398423
0.684152 0.0177097 0.298139
0 0.675792 0.324208
0.107128 0.0346142 0.858258
2.68338e-17 0.312521 0.687479
0.371926 0.144687 0.483387
0.368651 0.312951 0.318398
0.304634 0.232936 0.46243
0.800482 0.199518 0
0.0549311 0.526019 0.41905
0.38981 0.0332031 0.576987
0.457938 0.161439 0.380622
0.113435 0.108522 0.778043
0.304263 0.390118 0.305619
0.193197 0.392401 0.414402
6.43969e-17 0.75 0.25
0.144924 0.479927 0.375149
0.274807 0.35109 0.374103
0.919951 0.0800494 0
0.366252 0 0.633748
0.14789 0.85211 0
0.450062 0.549938 0
0.422363 0.239828 0.337809
0.405927 0.344073 0.25
0.411643 0.588357 0
0.226123 0.440284 0.333593
4.07857e-17 1.47255e-17 1
0.161887 0.342288 0.495824
0.604055 0.395945 0
0.0894823 0.256057 0.654461
0.87996 0.12004 0
0.207021 0.253127 0.539852
0.526546 0.473454 0
0.568396 0.0391115 0.392493
0.0275199 0.245905 0.726575
0.260155 0.739845 0
0.036889 0.963111 0
0.636078 7.06189e-17 0.363922
0.721745 0.278255 0
0.643006 0.356994 0
0.083182 0.378842 0.537976
0.429962 0.0688145 0.501224
0 1 0
0.185046 0.814954 0
0.221708 0.0132935 0.764998
0.0778483 8.6429e-18 0.922152
0.073844 0.926156 0
0.112203 0.432324 0.455473
0.285689 3.17178e-17 0.714311
0.258109 0.491891 0.25
0.281898 0.19558 0.522522
0.388858 0.192346 0.418796
0.300305 0.0585606 0.641134
0.533168 0.124829 0.342002
0.143497 0.16141 0.695092
0.682153 0.317847 0
0.565091 0.434909 0
0.125198 0.296474 0.578328
0.0609371 0.0986423 0.840421
0.334354 0.108933 0.556714
0 0.130894 0.869106
0.187619 0.526095 0.286287
0.373597 0.626403 0
0.222307 0.777693 0
0.488253 0.511747 0
0.0760479 0.178595 0.745357
0.48261 0.088335 0.429055
0.0608391 0.630303 0.308858
0.576989 0.173011 0.25
0.535648 0 0.464352
0.171163 0 0.828837
0.242152 0.306024 0.451824
0.465633 0 0.534367
0.95999 0.0400098 0
0.18635 0.0772842 0.736366
0.474645 0.275355 0.25
0.17384 0.206185 0.619975
0.332006 0.417994 0.25
0.100534 0.559483 0.339983
0 0.515715 0.484285
0.110813 0.889187 0
0.224449 0.108279 0.667272
0.605102 0.094709 0.300189
0.335596 0.664404 0
0.332117 0.275021 0.392862
1 0 0
0.666418 0.0835824 0.25
0.297798 0.702202 0
0.506057 0.206257 0.287686
0.252757 0.153484 0.593758
0.0360471 0.456817 0.507136
4.31166e-17 0.203293 0.796707
0.153835 0.596165 0.25
0.840318 0.159682 0
0.75 8.32667e-17 0.25
0.0769073 0.673093 0.25
3.57853e-17 0.416774 0.583226
