0.123422 0.355592 0.520986
0.122009 1.35457e-17 0.877991
0.446418 4.95623e-17 0.553582
0.0991643 0.0768633 0.823972
0.1931 2.14385e-17 0.8069
0.0458306 0.392617 0.561552
0.257468 0.394773 0.347759
0.107956 0.436395 0.455648
0.259944 0.490056 0.25
0 0.299906 0.700094
0.246252 0.0524556 0.701292
0.0818603 0.66814 0.25
0.335969 0.664031 0
0.586491 0.413509 0
0.636448 0 0.363552
0.268579 0.272743 0.458678
0.710952 0.289048 0
0.459518 0.0958384 0.444643
1 0 0
0.154042 0.595958 0.25
0.143089 0.136413 0.720498
0.425274 0.181818 0.392908
0.0840987 0.915901 0
0.628009 0.371991 0
0.75 8.32667e-17 0.25
0.202783 0.314403 0.482814
0.419731 0.580269 0
0.503405 0.246595 0.25
0.369371 0.380629 0.25
0.302803 0.07589 0.621307
0 0.189758 0.810242
0.126144 0.873856 0
0.0384765 0.473477 0.488047
0.231374 0.230634 0.537992
0.310304 0.187342 0.502354
0.391105 0.136129 0.472766
0 0.083953 0.916047
0.835013 0.164987 0
0.291143 0.316624 0.392233
0.210139 0.789861 0
0.958809 0.0411912 0
0.296055 0.429587 0.274358
0.17754 0.381901 0.440559
0.377863 0.622137 0
0.0525601 0.0145073 0.932933
0.170181 0.0653003 0.764519
0 0.542962 0.457038
0.752386 0.247614 0
0.194152 0.42863 0.377218
0.338413 0.344439 0.317148
0.198301 0.521282 0.280418
0.529517 0.149995 0.320487
0.793785 0.206215 0
0.112931 0.569918 0.317151
0.0749138 0.521217 0.403869
0.344465 0 0.655535
0.0428697 0.621257 0.335873
0.268723 0 0.731277
0.665342 0.0846583 0.25
0.479231 0.0315077 0.489261
0.543598 0 0.456402
0.544893 0.455107 0
0.0263716 0.116959 0.85667
0.152644 0.491946 0.35541
0 0.75 0.25
0.3839 0.268249 0.347851
0.430452 0.310529 0.259019
0.157115 0.276642 0.566243
0.0420517 0.957948 0
0 0.365017 0.634983
0.115127 0.243773 0.6411
0.876369 0.123631 0
0.252053 0.747947 0
0 1 0
0.602312 0.0957237 0.301964
0.0216622 0.239917 0.738421
0.669503 0.330497 0
0.217406 0.117257 0.665337
0.347454 0.227019 0.425527
0.294021 0.705979 0
0 0.691428 0.308572
0.0700072 0.156085 0.773908
0.91759 0.0824102 0
0 0.604357 0.395643
0.386481 0.030949 0.58257
0.564069 0.044446 0.391485
0.188582 0.190717 0.620702
0.461529 0.538471 0
0.0735291 0.31722 0.609251
0.354876 0.104111 0.541013
0.168144 0.831856 0
0.464688 0.222892 0.312421
0 0.45276 0.54724
0.502379 0.121558 0.376062
0.503184 0.496816 0
0.268606 0.150433 0.580961
0.577468 0.172532 0.25
1.51517e-17 9.58706e-17 1
0.683937 0.0185748 0.297488
0.0934634 0.209354 0.697182
