0.085809 0.0344767 0.879714
0.117899 0.882101 0
0 0.375435 0.624565
0.123676 0.0705498 0.805774
0.417215 4.63201e-17 0.582785
1.52811e-18 0.0819124 0.918088
1.74151e-17 6.58516e-17 1
0.235172 0.764828 0
0.582207 0.167793 0.25
0.591366 0.0744384 0.334196
0.405536 0.344464 0.25
0.62191 0.37809 0
0 0.613296 0.386704
0.284599 0.102716 0.612685
0.406547 0.176387 0.417066
0.325075 0.217114 0.457811
0.0299366 0.119833 0.85023
0.545193 0.454807 0
0.698097 0.301903 0
0.511935 0.208786 0.27928
0.313291 0.686709 0
0.156483 0 0.843517
0.189833 0.560167 0.25
0 0.192172 0.807828
0.7739 0.2261 0
0.264746 0.485254 0.25
0.652035 0.0979652 0.25
0.191529 0.347702 0.46077
0.849514 0.150486 0
0.167271 0.0975564 0.735172
0.352057 0.647943 0
0.92488 0.0751204 0
0.429515 0.570485 0
0.223242 0 0.776758
0.246077 0.0504653 0.703458
0 0.498285 0.501715
0.274288 0.725712 0
0.08002 0.149084 0.770896
0 1 0
0.084226 0.268965 0.646809
0 0.303597 0.696403
0.0786651 0.921335 0
0.390847 0.609153 0
0.450961 0.0842195 0.46482
0.335659 0.41091 0.253431
0.303996 0.359223 0.336782
0.310657 0 0.689343
0.436722 0.224773 0.338505
0.476173 0.273827 0.25
0.530736 0.0579531 0.411311
0.241553 0.182617 0.575829
0.0105267 0.668556 0.320917
0.243242 0.264086 0.492672
0.485821 0.130776 0.383403
0.163158 0.514235 0.322607
0.636091 7.06203e-17 0.363909
0.468274 0.531726 0
0.367739 0.0729732 0.559288
0.0293882 0.234538 0.736074
0.341017 0.026553 0.63243
0.506726 0.493274 0
0.0722405 0.46214 0.46562
0.157667 0.219888 0.622445
0.811737 0.188263 0
0.0658347 0.342591 0.591574
0.685669 0.0241607 0.29017
0.381721 0.30773 0.310549
0.118016 0.184504 0.69748
0.143449 0.315352 0.541199
0.0577846 1.92461e-17 0.942215
0.736004 0.263996 0
0.381871 0.124932 0.493197
0.308194 0.158626 0.533181
0.0175023 0.428721 0.553777
1 0 0
0.559058 6.20679e-17 0.440942
0.0767963 0.577986 0.345218
0.223218 0.398388 0.378394
0.24204 0.448511 0.309449
0.157024 0.842976 0
0.193584 0.248691 0.557725
0 0.75 0.25
0.583538 0.416462 0
0.204094 0.137922 0.657984
0.75 8.32667e-17 0.25
0.117919 0.613424 0.268657
0.887133 0.112867 0
0.0238729 0.544912 0.431215
0.105593 0.389544 0.504863
0.352794 0.264762 0.382444
0.0684231 0.681577 0.25
0.0393356 0.960664 0
0.541443 0.142514 0.316042
0.659992 0.340008 0
0.482968 0.00437136 0.512661
0.196157 0.803843 0
0.273243 0.310273 0.416484
0.154751 0.429202 0.416046
0.96248 0.0375197 0
0.113263 0.497598 0.38914
