0.143263 0.376789 0.479948
0.285868 0.18315 0.530982
1.39788e-17 1.10921e-16 1
0.448703 0.105081 0.446215
0.365106 0.145682 0.489212
0.691275 0.0587246 0.25
0.245856 0 0.754144
4.50531e-17 0.526877 0.473123
0.602905 0.0323967 0.364699
0.631898 0.368102 0
1 0 0
0.630612 0.0922338 0.277155
0.0761608 0.420325 0.503514
0.220379 0.336057 0.443564
0.0811614 0 0.918839
0.155654 0.844346 0
1.09821e-17 0.128431 0.871569
0.036462 0.690759 0.272778
0.210581 0.110098 0.679321
0.524936 0.0733991 0.401664
0.753729 0.246271 0
0.168513 0.522992 0.308495
0.161052 0.0705926 0.768356
0.131137 0.145482 0.723381
0.322233 0.424689 0.253078
0.201084 0.226248 0.572668
0.299641 0.302942 0.397417
0.75 0 0.25
0.460848 0.214699 0.324453
0.109042 0.0337978 0.85716
0.334728 0 0.665272
5.13373e-17 1 0
0.5825 0.1675 0.25
0.0699225 0.299665 0.630412
0.562874 0 0.437126
0.170698 0.295906 0.533396
0.835535 0.164465 0
0.440892 0 0.559108
0.410524 0.184396 0.40508
0.0776734 0.922327 0
0.713067 0.286933 0
0.432788 0.287009 0.280202
0.794619 0.205381 0
0.557889 0.123094 0.319017
2.82319e-17 0.33016 0.66984
0.0131214 0.583149 0.403729
0.0606053 0.177933 0.761462
0.471019 0.528981 0
0.331473 0.224177 0.44435
0.0762659 0.10428 0.819454
0.672332 0.327668 0
0.233919 0.766081 0
0.669352 0 0.330648
0.252587 0.260787 0.486626
0 0.397141 0.602859
3.51465e-17 0.75 0.25
0.038814 0.961186 0
0.0119258 0.263428 0.724647
0.260474 0.489526 0.25
0.431319 0.568681 0
0.0980235 0.337928 0.564048
0.39166 0.60834 0
0.510387 0.239613 0.25
0.490443 0.149778 0.35978
0.18599 0.56401 0.25
0.551364 0.448636 0
0.404017 0.0712589 0.524724
0.0722704 0.610052 0.317678
0.010735 0.0579928 0.931272
0.377532 0.264448 0.35802
0.492512 0.0180658 0.489422
0.406437 0.343563 0.25
0.064761 0.495406 0.439833
0.0983241 0.547711 0.353964
0.250841 0.137256 0.611904
0.178435 0.411888 0.409677
0.91766 0.0823402 0
0.352083 0.647917 0
0.341547 0.351594 0.306859
0.165516 0.193833 0.640652
0.511184 0.488816 0
0.179549 0 0.820451
0.224006 0.450162 0.325832
0.111463 0.638537 0.25
0 0.202506 0.797494
0.116618 0.883382 0
0.591664 0.408336 0
0.00590347 0.456495 0.537602
0.136211 0.475265 0.388524
0.312488 0.687512 0
0.0965215 0.230379 0.673099
0.876541 0.123459 0
0.321292 0.10075 0.577958
3.05623e-17 0.652175 0.347825
0.273191 0.726809 0
0.194749 0.805251 0
0.264602 0.380269 0.355129
0.366728 0.0268236 0.606448
0.958808 0.0411924 0
0.267858 0.0432346 0.688907
