0.166461 0.119629 0.71391
6.15891e-17 0.666213 0.333787
0.13348 0.194212 0.672309
0.588046 0.161954 0.25
0.844907 0.155093 0
0.345186 0.654814 0
0.180145 0.413609 0.406246
0.883609 0.116391 0
0.424773 0.127695 0.447532
1 0 0
0.184216 0.530921 0.284863
0.767638 0.232362 0
0.0180889 0.30184 0.680071
0.191908 0.808092 0
0.395724 0.201744 0.402532
0.410438 0 0.589562
0.57512 0.42488 0
0.72905 0.27095 0
0.137329 0.481899 0.380772
0.687352 0.0191408 0.293507
0.652058 0.347942 0
0.0787533 0.628571 0.292676
0.253962 0.0783009 0.667737
0.383474 0.616526 0
0.299024 0.114243 0.586732
0.256107 0.493893 0.25
1.00478e-17 0.362626 0.637374
0.379157 0.0803384 0.540505
0.280203 0.233297 0.486499
0.632888 0 0.367112
0.690501 0.309499 0
0.115198 0.884802 0
3.08741e-18 0.111425 0.888575
0.212484 0.156346 0.63117
0.192254 0.0592073 0.748538
0.10444 8.11659e-17 0.89556
6.82101e-18 0.24617 0.75383
0.398085 0.328387 0.273528
0.326755 0.244845 0.428399
0.360208 0.389792 0.25
0.198959 0.285516 0.515525
1.28787e-17 0.464793 0.535207
0.476543 0.163307 0.360151
0.45827 0.0573613 0.484369
0.153562 0.846438 0
0.613593 0.386407 0
0.0370844 0.389217 0.573698
0.268596 0.731404 0
0.498388 0.501612 0
0.36622 0.288188 0.345592
0.0159824 0.596608 0.387409
0.0957223 0.134649 0.769628
0.0635484 0.506405 0.430047
0.0280597 0.0350295 0.936911
1.49478e-17 0.539465 0.460535
0.341004 0.159904 0.499092
0.299956 0.419886 0.280159
0.230677 0.3296 0.439723
0.437624 0.240585 0.321791
9.24465e-17 1 0
0.101443 0.55656 0.341997
0.0659421 0.217022 0.717035
0.961187 0.0388126 0
0.519527 0.210452 0.270021
0.0917008 0.28197 0.626329
0 0 1
0.558861 0 0.441139
0.300772 0.313861 0.385367
0.657178 0.0928223 0.25
0.217916 7.25806e-17 0.782084
0.0384099 0.96159 0
0.0829816 0.428567 0.488452
0.513394 0.0837533 0.402853
0.0692846 0.0824543 0.848261
0.341127 0.0266131 0.63226
0.555196 0.127742 0.317063
0.0768027 0.923197 0
0.265877 0.379901 0.354222
0.484648 1.07613e-16 0.515352
0.3069 0.6931 0
0.80624 0.19376 0
0.057957 0.692043 0.25
0.470071 0.279929 0.25
0.0100436 0.174997 0.81496
0.922361 0.0776385 0
0.23028 0.76972 0
0.536697 0.463303 0
0.217057 0.454719 0.328223
0.295396 0 0.704604
0.116999 0.334177 0.548824
0.249507 0.195274 0.555218
0.167576 0.241458 0.590967
0.147027 0.0296637 0.823309
0.597268 0.0611842 0.341548
0.75 0 0.25
0.151714 0.598286 0.25
0.460078 0.539922 0
2.07814e-17 0.75 0.25
0.152301 0.375129 0.472569
0.42179 0.57821 0
