0.350969 0.649031 0
0.684259 0.0657414 0.25
0.23758 0.450413 0.312007
0.0403551 0.246748 0.712897
0.119667 0.467754 0.412578
0.31229 0.68771 0
6.94179e-17 1.38488e-17 1
0.0752402 0.669372 0.255387
0.848862 0.151138 0
0.924501 0.0754995 0
0.215934 0.285093 0.498973
0.252624 0.327117 0.420259
0.0779354 0.172162 0.749903
0.384526 0.0690799 0.546394
0.0962347 0.289124 0.614641
0.162338 0.13679 0.700872
0 0.0791515 0.920849
0.168499 0.0268582 0.804643
0.696974 0.303026 0
0.810992 0.189008 0
0.109601 0.10127 0.789129
0.0333349 0.614719 0.351946
0.544095 0.455905 0
0.242922 0 0.757078
0.125404 0.211819 0.662778
0.256698 0.0875236 0.655779
0.273598 0.726402 0
0.136321 0.331969 0.531709
0.734975 0.265025 0
0.0696339 7.73092e-17 0.930366
0.0227125 0.342168 0.63512
0.569855 0.088177 0.341968
0.428503 0.571497 0
0.356821 0.297179 0.346
0.4291 0.103644 0.467257
0.117421 0.882579 0
0.1956 0.8044 0
0.305992 0.107843 0.586165
0.0391482 0.960852 0
0.428739 0 0.571261
0.142093 0.607907 0.25
1 0 0
0.607455 0.0152296 0.377315
0 0.58413 0.41587
0.292493 0.372322 0.335185
2.46048e-18 0.68484 0.31516
0.513627 0.0678436 0.41853
0 0.75 0.25
0.549691 0 0.450309
0.431958 0.226346 0.341697
0.0857347 0.42801 0.486255
0.152152 0.501571 0.346277
0.518425 0.164839 0.316736
0.467016 0.532984 0
0.201504 0.0683978 0.730099
0.0783095 0.921691 0
0 0.210803 0.789197
0.360743 0 0.639257
0.582466 0.417534 0
0.389694 0.610306 0
0.343491 0.150996 0.505513
0.61726 0.116038 0.266703
0.258908 0.195982 0.545111
0.0135442 0.143506 0.84295
0 0.415735 0.584265
0.139256 0 0.860744
0.337444 0.412556 0.25
0.15652 0.84348 0
0.103478 0.572141 0.324381
0.386251 0.187881 0.425867
0.0617486 0.0640473 0.874204
0.56124 0.18876 0.25
0.29639 0.233949 0.469661
0.47737 0.0185437 0.504086
0 0.307341 0.692659
0.0641299 0.378948 0.556922
0.20418 0.412687 0.383133
0.486724 0.246072 0.267204
0.168179 0.375235 0.456585
0.886743 0.113257 0
0.234615 0.765385 0
0.213462 0.165178 0.62136
0.471042 0.141854 0.387105
0.380288 0.343497 0.276215
0.175247 0.246179 0.578574
0.297129 0.0166493 0.686221
0.443724 0.306276 0.25
0.330872 0.267842 0.401286
3.59279e-18 1 0
0.671541 0 0.328459
0.96225 0.0377498 0
0.265899 0.484101 0.25
0.620645 0.379355 0
0.0423716 0.51901 0.438618
0.77301 0.22699 0
0 0.486908 0.513092
0.195644 0.539928 0.264428
0.75 0 0.25
0.658829 0.341171 0
0.505502 0.494498 0
