0.566512 0.183488 0.25
0 0.362695 0.637305
0.00483076 0.290515 0.704654
0.316236 0.683764 0
0.258549 0.0402011 0.70125
0.838399 0.161601 0
0.636503 0.363497 0
0.113051 0.491864 0.395086
0.717184 0.282816 0
0.290257 0.0855569 0.624186
0.523314 0.143907 0.33278
0 0.75 0.25
0.207077 0.252841 0.540082
0.419002 0.263943 0.317055
0.173681 0.0297104 0.796608
0.475769 0.524231 0
0.161096 0.341227 0.497677
0.0901837 0.110146 0.79967
0.676807 0.323193 0
0.75 0 0.25
0.248385 0.168594 0.583021
0.23603 0.302539 0.461431
0.233334 0.415832 0.350834
0.329042 0.126091 0.544866
0.367047 0.167361 0.465592
0.130627 0.165056 0.704317
0.317134 0.388321 0.294545
0.0624305 0.328029 0.609541
0.0521466 0.593951 0.353903
5.3582e-17 0.669664 0.330336
0.0958089 0.377903 0.526288
0 0.486221 0.513779
0.229478 0.506794 0.263728
0.593099 6.58472e-17 0.406901
0.628695 0.0330676 0.338238
0.435783 0.564217 0
0.527765 0 0.472235
0.0808394 0.447004 0.472156
0.0154667 0.418837 0.565696
0 0.152232 0.847768
0.0787689 0.921231 0
0.13564 0.545438 0.318922
0.356021 0.643979 0
1 0 0
0.293422 0.456578 0.25
0.132457 0.28996 0.577584
0.0993008 0.626958 0.273741
0.757605 0.242395 0
0.430172 4.77587e-17 0.569828
0.139947 1.55373e-17 0.860053
0.387532 0.362468 0.25
0.197242 0.802758 0
0.367656 0.0406399 0.591705
0.0604294 0.192208 0.747363
0.596241 0.403759 0
0.169029 0.208022 0.622948
0.959613 0.0403871 0
0.471473 0.103552 0.424975
0.463849 0.0301691 0.505982
0.0882083 0.247899 0.663893
0.452813 0.18072 0.366467
0 0.0639432 0.936057
0.211036 0.124445 0.664519
0.797991 0.202009 0
0.276459 0.723541 0
0.157667 0.842333 0
0.162316 0.093043 0.744641
0.515939 0.484061 0
0.919233 0.0807671 0
0.409653 0.0940796 0.496268
0.348533 0.307433 0.344033
0.388371 0.215252 0.396377
0.556125 0.443875 0
0.0393817 0.960618 0
0.0372831 0.52488 0.437837
1.10886e-16 1.36659e-19 1
0.190883 0.473826 0.335291
0.601407 0.113574 0.285019
0 0.224334 0.775666
0.0511295 0.0747095 0.874161
0.333542 0 0.666458
0.17189 0.57811 0.25
3.98525e-17 1 0
0.269616 0.344348 0.386036
0.498183 0.225069 0.276748
0.236791 0.763209 0
0.0745592 0.000142332 0.925298
0.11818 0.88182 0
0.0603834 0.689617 0.25
0.878826 0.121174 0
0.395825 0.604175 0
0.550483 0.0701637 0.379353
0.285123 0.212099 0.502778
0 0.583017 0.416983
0.456554 0.293446 0.25
0.237079 0 0.762921
0.1745 0.397732 0.427768
0.669449 0.0805509 0.25
0.314967 0.258675 0.426358
0.691806 0 0.308194
