0 0.556514 0.443486
0.137556 0.525353 0.337091
0.0847489 0.0404073 0.874844
0.0595536 0 0.940446
0.0830945 0.415261 0.501645
0.0758627 0.924137 0
0.635866 0.364134 0
0.336754 0.155882 0.507364
0.562323 0.437677 0
0.356195 0 0.643805
0.0785738 0.165581 0.755845
0.286878 0.0120749 0.701047
0.267453 0.320261 0.412286
0.113603 0.886397 0
0 0.314533 0.685467
0.116166 0.0876713 0.796162
0.135083 0.319723 0.545194
0.684916 0.0186533 0.296431
0.0601073 0.358999 0.580894
0.397966 0.323956 0.278078
0.223636 0.269762 0.506602
0.320025 0.0708272 0.609148
0.75 0 0.25
8.20479e-18 0.457882 0.542118
0.226919 0.773081 0
0.084994 0.282138 0.632868
1.7919e-17 1 0
0.507082 0.210404 0.282514
0.316335 0.362333 0.321332
0.185412 0.564588 0.25
0.156959 0 0.843041
0.425457 0 0.574543
0 0.202567 0.797433
0.0296737 0.24698 0.723346
0.151495 0.848505 0
0.468449 0.281551 0.25
0.154288 0.399531 0.44618
0.672557 0.327443 0
0.41928 0.118596 0.462124
0.605964 0.0953508 0.298685
0.301697 0.237697 0.460606
0.535209 0 0.464791
0.599155 0.400845 0
0.496122 0.0817129 0.422165
0.264577 0.735423 0
0.376991 0.623009 0
0.0258974 0.130131 0.843971
0.92758 0.0724196 0
0.451369 0.548631 0
0.709188 0.290812 0
0.347323 0.282297 0.37038
0.488511 0.511489 0
0.110774 0.639226 0.25
0.963793 0.0362072 0
6.27728e-17 0.75 0.25
0.189138 0.810862 0
0.372863 0.0850764 0.542061
0.818586 0.181414 0
0.535143 0.126081 0.338776
1 0 0
0 0.0849767 0.915023
0.745711 0.254289 0
0.525387 0.474613 0
0.195887 0.0619 0.742213
0.263448 0.184819 0.551733
0.045065 0.572407 0.382528
0.0363065 0.688151 0.275543
0.104591 0.479685 0.415724
2.41033e-17 8.6919e-17 1
0.782154 0.217846 0
3.23275e-17 0.386244 0.613756
0.121087 0.207165 0.671749
0.463081 0.0304883 0.506431
0.891321 0.108679 0
0.0379361 0.962064 0
0.573768 0.0360104 0.390221
0.356928 0.393072 0.25
0.189521 0.343263 0.467216
0.249143 0.0952041 0.655653
0.380563 0.199985 0.419451
0.22042 0.492752 0.286828
0.0863369 0.602202 0.311461
0.288094 0.461906 0.25
5.43963e-17 0.649918 0.350082
0.339607 0.660393 0
0.0328434 0.496897 0.47026
0.228626 0 0.771374
0.302133 0.697867 0
0.638508 0 0.361492
0.212441 0.162612 0.624947
0.460147 0.164414 0.375439
0.183707 0.440667 0.375626
0.17261 0.239858 0.587533
0.248622 0.404811 0.346567
0.855052 0.144948 0
0.666238 0.083762 0.25
0.160677 0.132169 0.707154
0.576295 0.173705 0.25
0.425206 0.242237 0.332556
0.414198 0.585802 0
