0.586296 0.0907097 0.322994
0.0273508 0.336982 0.635667
0.771678 0.228322 0
0.288641 0.711359 0
0.733891 0.266109 0
0.472663 0.527337 0
0.961788 0.0382122 0
0.132107 0.533525 0.334368
0.176516 0.573484 0.25
0.627226 0.122774 0.25
0.447712 0.302288 0.25
0.196622 0.261611 0.541766
0.0824042 0.373208 0.544388
0.35522 0.39478 0.25
0.0934756 0.0686468 0.837878
0.113212 0.297618 0.58917
0.517545 0.112434 0.370021
0.0382635 0.151351 0.810386
0.0716168 0.928383 0
0.684426 0.0527822 0.262792
0.143627 0.856373 0
0.201283 0.0698562 0.728861
0.658786 0.341214 0
0.377145 0.323486 0.299369
0.923719 0.0762809 0
0.75 0 0.25
0.252347 0.747653 0
0.311311 0.149489 0.5392
0.278307 0.227672 0.494021
3.99523e-17 0.641607 0.358393
0.567289 0 0.432711
0.476315 0.201146 0.322539
0.216991 0.50431 0.278699
0.228025 0 0.771975
0.107687 0.892313 0
0.325245 0.674755 0
0.0426592 0.575451 0.38189
0 0.292587 0.707413
0.394206 0.112845 0.49295
0.501921 0 0.498079
0.398382 0 0.601618
0.556651 0.168159 0.27519
0.0589869 0.448415 0.492598
0.0841087 0 0.915891
0.603667 0.0271613 0.369172
0.621469 0.378531 0
0.0204214 0.685596 0.293983
0.257597 0.421436 0.320967
0.156068 0 0.843932
0.133552 0.414209 0.452239
0.0990895 0.605707 0.295203
4.67017e-17 0.75 0.25
0.246634 0.304475 0.448891
0.175014 0.457995 0.36699
0.3585 0.194138 0.447363
0.147803 0.219764 0.632433
0.696396 0.303604 0
0.477392 0.0734851 0.449123
0.433765 0.0316591 0.534576
0.286405 0.463595 0.25
0.213479 0.37944 0.407082
0.398785 0.601215 0
0.809508 0.190492 0
0.0165117 0.0510668 0.932421
0.667205 0 0.332795
0.436757 0.156899 0.406344
0.131771 0.0992259 0.769003
0.847581 0.152419 0
0 0.221394 0.778606
0.546928 0.453072 0
0.509687 0.490313 0
0.404017 0.243104 0.352879
0.068286 0.254345 0.677369
0.885589 0.114411 0
0.514424 0.235576 0.25
1.08764e-18 2.66679e-17 1
0.0357682 0.964232 0
0.093582 0.180339 0.726079
3.10159e-17 1 0
0 0.118669 0.881331
0.333325 0 0.666675
0.584055 0.415945 0
0.0888637 0.49625 0.414886
0.326976 0.273482 0.399541
1.69533e-17 0.546598 0.453402
0.347406 0.0726223 0.579972
0.261268 0.106032 0.632699
0.164263 0.337707 0.498031
0.179759 0.820241 0
0 0.404048 0.595952
0.362047 0.637953 0
1 0 0
0.177808 0.144105 0.678087
0.435583 0.564417 0
0.276398 0.0288087 0.694793
0.215999 0.784001 0
0.29751 0.349377 0.353113
0 0.475296 0.524704
0.0848309 0.665169 0.25
0.229712 0.183921 0.586367
