0.266215 0.733785 0
0.152587 0.847413 0
0.416223 0.583777 0
0.535461 0.214539 0.25
0.281399 0.283827 0.434773
0.272935 0.160111 0.566954
0.303901 0.696099 0
0.0692567 0.530679 0.400064
0.156803 0.283914 0.559283
0.0446586 0.214628 0.740714
0.519089 0.028111 0.4528
0.187257 0.562743 0.25
0 0.552777 0.447223
1.87756e-17 0.112744 0.887256
0.711405 0.288595 0
0.327732 0.329486 0.342783
0.37572 0.37428 0.25
0.453349 0.546651 0
0.687356 0.0338341 0.27881
0.230746 0.120194 0.64906
0.598289 0.0705183 0.331193
0.242428 2.69149e-17 0.757572
0.527643 0.472357 0
0.188317 0.203864 0.607819
0.52199 0.125544 0.352465
0.358885 0.114546 0.526568
0.236761 0.242771 0.520468
1 0 0
0.60156 0.39844 0
0.56461 0.43539 0
0.18859 0.0851724 0.726238
0.0997096 0.244955 0.655335
0.964176 0.0358239 0
0.358235 0.230072 0.411693
0.0366477 0.417114 0.546238
0.232724 0.499577 0.267699
0.0800798 0.66992 0.25
0.435714 0.0752889 0.488997
0.114563 0.885437 0
0.406602 0.156536 0.436862
0.571418 0.152037 0.276545
0 0 1
4.70335e-17 0.282427 0.717573
0.199716 0.326916 0.473368
0.490531 0.509469 0
0.121178 0.372167 0.506655
0.169918 0 0.830082
0.304204 0.445796 0.25
0.0626418 0.624017 0.313341
0.228446 0.771554 0
7.18536e-17 1 0
0.643525 0.106475 0.25
0.0334446 0.315117 0.651438
6.40727e-17 0.384744 0.615256
0.0973866 0 0.902613
0.41197 0.30596 0.282069
0.0133668 0.605276 0.381357
0.138882 0.503616 0.357502
0.820298 0.179702 0
0.0861475 0.455688 0.458165
0.485454 0.103265 0.41128
0.648585 0 0.351415
0.35288 3.91776e-17 0.64712
0.400907 0.0232616 0.575832
0.0382337 0.961766 0
0.140009 0.0591591 0.800831
0.205504 0.455338 0.339159
0.318113 0.195566 0.486321
2.57613e-17 0.75 0.25
0.378807 0.621193 0
0.190557 0.809443 0
0.125916 0.588756 0.285328
0.0235179 0.038827 0.937655
0.476646 0.273354 0.25
0.279564 0.0306762 0.68976
0.281432 0.405521 0.313046
0.747907 0.252093 0
0.0859801 0.32854 0.58548
0.471927 5.23944e-17 0.528073
0.674779 0.325221 0
0.163938 0.414182 0.42188
3.09292e-17 0.185724 0.814276
0.24287 0.366442 0.390687
0.75 0 0.25
0.0937434 0.136602 0.769654
0.784157 0.215843 0
0.856367 0.143633 0
0.0651036 0.0862868 0.84861
0.638138 0.361862 0
0.341412 0.658588 0
0.390409 0.255359 0.354232
0.464506 0.201824 0.33367
0.0764034 0.923597 0
0.892385 0.107615 0
0 0.486418 0.513582
0.928261 0.0717395 0
0.314414 0.0787368 0.606849
4.86657e-17 0.67729 0.32271
0.141182 0.16755 0.691269
0.579682 6.43576e-17 0.420318
