0 0.75 0.25
0.596613 0.403387 0
8.43565e-17 2.66659e-17 1
0.299226 0.450774 0.25
0.0931268 0.192031 0.714842
0.150899 0.578061 0.27104
0.211986 0.0790249 0.708989
0.0283639 0.253497 0.71814
0.378521 0.128834 0.492645
0.0800138 7.10665e-17 0.919986
0.0315818 0.34927 0.619148
0.261704 0.738296 0
0.253171 0.117028 0.629801
0.289355 0.282459 0.428187
0.074728 0.925272 0
0.0420119 0.152271 0.805717
0 0.549373 0.450627
0.215125 0.328184 0.456691
0.336259 0.2014 0.462341
0.224141 0.525859 0.25
0.0753004 0.503828 0.420872
0.890649 0.109351 0
0.108489 0.426437 0.465075
0.707248 0.292752 0
0.254492 0 0.745508
0.367378 0 0.632622
0.0721759 0.388485 0.539339
0.0131643 0.0536774 0.933158
0.29911 0.70089 0
0.963545 0.0364555 0
0.75 8.32667e-17 0.25
0.611677 0.125862 0.262461
0.441173 4.898e-17 0.558827
0.854152 0.145848 0
0 0.120543 0.879457
0.149506 0.850494 0
0.486964 0.215296 0.29774
0.319398 0.320093 0.360508
0.633471 0.366529 0
0.548463 0.0377205 0.413817
0.485423 0.514577 0
0 0.653712 0.346288
0.4675 0.0867063 0.445794
0.186908 0.813092 0
0.448297 0.551703 0
0.557195 0.192805 0.25
0.515069 0 0.484931
0.414065 0.261876 0.324059
0.817421 0.182579 0
0.144732 0 0.855268
0.297964 0.0282356 0.6738
0.106438 0.643562 0.25
0.130182 0.112542 0.757276
0.373852 0.626148 0
0 0.217108 0.782892
0.45986 0.29014 0.25
0.3345 0.081266 0.584234
0.112135 0.887865 0
0.336476 0.663524 0
0.411097 0.588903 0
0.743989 0.256011 0
0 0.318253 0.681747
0.0388633 0.682416 0.278721
0.669382 0.0129223 0.317695
0.0373642 0.962636 0
0.159954 0.442226 0.39782
0.291998 0.161164 0.546838
0.181075 0.0283318 0.790593
0.376204 0.236689 0.387108
0.414319 0.0580433 0.527638
0.0171314 0.477079 0.50579
0.927118 0.0728823 0
0.179551 0.275306 0.545143
0.114145 0.541532 0.344322
0.353936 0.345587 0.300477
0.379539 0.370461 0.25
0 0.423798 0.576202
0.430102 0.166408 0.40349
0.522599 0.477401 0
0.0892132 0.0733301 0.837457
0.237225 0.379326 0.383449
0.680925 0.0690752 0.25
0.193498 0.48076 0.325743
0.114009 0.306511 0.57948
0.511511 0.132611 0.355878
0.149961 0.357822 0.492217
0.583733 0.0845848 0.331683
1.94902e-17 1 0
0.270222 0.416276 0.313502
0.167866 0.160639 0.671495
0.204004 0.201367 0.594629
0.224319 0.775681 0
0.253613 0.239793 0.506594
0.559684 0.440316 0
0.670365 0.329635 0
0.099544 0.252877 0.647579
0.780757 0.219243 0
1 0 0
0.618074 0 0.381926
0.0358778 0.590458 0.373664
