0.327063 0.401468 0.27147
0.251504 0.748496 0
0.458877 0.511061 0.0308127
0.419565 0.143432 0.437003
0.156332 0.161861 0.681807
0.771092 0.228908 0
0.527121 0.222879 0.25
0.922934 0.0770662 0
0.961501 0.0384991 0
0.552034 0.447966 0
0.398592 0.351408 0.25
0.143598 0.602872 0.253531
0.328318 0.285516 0.386166
0.379694 0.620306 0
0.124355 0.875645 0
0.612818 6.80365e-17 0.387182
0.101324 0.249415 0.649261
0.623057 0.126943 0.25
0 1 0
0.181471 0.0300392 0.78849
0.179498 0.510945 0.309557
1.20625e-17 0.431758 0.568242
0.366288 0.319492 0.314221
0.75 0 0.25
0.84625 0.15375 0
2.09535e-17 0.75 0.25
0.293838 0.706162 0
0.254817 2.82904e-17 0.745183
0.0610746 3.39032e-17 0.938925
0.169666 0.338133 0.492201
0.0644282 0.328745 0.606827
0.0978839 0.559285 0.342831
1.88824e-17 0.675868 0.324132
0.0412325 0.958767 0
0.884392 0.115608 0
0.733808 0.266192 0
0.54525 0.0202813 0.434468
0.235204 0.435846 0.32895
0.421117 0.017865 0.561018
0.044768 0.460156 0.495076
0.66949 0.0643387 0.266171
1.6814e-17 0.601831 0.398169
0.117887 0.427289 0.454824
1.29022e-17 0.300775 0.699225
0.697307 0.302693 0
0.227466 0.238968 0.533566
0.507737 0.104121 0.388142
0.212818 0.537182 0.25
0.329288 0.0748264 0.595886
0.0693987 0.2077 0.722901
0.197651 0.394367 0.407982
0.327914 0.182751 0.489335
0.586637 0.0750284 0.338334
0.245203 0.116148 0.638649
0.212595 0.0771848 0.710221
0.282903 0.361244 0.355853
0.374617 0.104756 0.520627
0.0888532 0.377737 0.53341
0.660645 0.339355 0
0.462321 0.279509 0.25817
1 0 0
1.11941e-17 0.175442 0.824558
0.0563515 0.524942 0.418706
0.68141 0 0.31859
0.552234 0.154039 0.293727
0.00445367 0.235815 0.759732
0.587782 0.412218 0
0.336684 0.663316 0
1.02332e-17 0.366282 0.633718
0.298009 0.0248193 0.677171
0.369231 4.09929e-17 0.630769
0.62399 0.37601 0
0.0827703 0.91723 0
0.15327 0 0.84673
0.190983 0.201478 0.607539
0.073829 0.676171 0.25
0.492982 5.4732e-17 0.507018
0.0906947 0.0392522 0.870053
0.139122 0.103456 0.757422
1.45101e-17 0.519366 0.480634
0.243224 0.31924 0.437536
0.144033 0.475106 0.380862
0.0810122 0.136259 0.782729
0.808769 0.191231 0
0.282917 0.467083 0.25
0.457636 0.0700492 0.472315
0.0362684 0.109576 0.854156
0.37567 0.21464 0.40969
0.281252 0.15583 0.562918
4.97217e-18 0.0779272 0.922073
0.422814 0.577186 0
0.516363 0.483637 0
0.42249 0.24749 0.33002
0.0584947 0.63127 0.310235
0.166448 0.833552 0
0.144148 0.287544 0.568308
0.469759 0.179739 0.350502
0.208996 0.791004 0
0.280995 0.254988 0.464017
1.1005e-16 9.72676e-19 1
