0.637992 0.112008 0.25
0.100226 0.649774 0.25
0.364063 0.385937 0.25
0.177806 0.0717753 0.750418
0.528578 0.471422 0
0.766077 0.233923 0
0.0875909 0.415592 0.496817
0.272972 0 0.727028
0.0801205 0.0639346 0.855945
0.237834 0.225601 0.536566
0.363557 0.102164 0.534279
0.101402 0.534107 0.364491
0.647699 0.352301 0
0.253307 0.0522825 0.694411
0.477372 5.29989e-17 0.522628
0.163989 0.836011 0
0.0723179 0.182178 0.745504
8.3265e-17 1.73757e-21 1
0.245973 0.336566 0.417461
0.189919 0.191904 0.618177
0.726812 0.273188 0
0.225338 0.118062 0.656599
0.580426 0.0693221 0.350252
0.608332 0.391668 0
0.197791 0.303015 0.499195
0.117628 1.04475e-16 0.882372
0.444025 0.0683088 0.487666
0.143404 0.579478 0.277118
0.109149 0.34717 0.543681
0.687304 0.312696 0
2.41992e-17 0.217967 0.782033
0.961141 0.0388592 0
0 0.518663 0.481337
0.75 0 0.25
0.0201536 0.148004 0.831843
0.922328 0.0776718 0
0.0697463 0.309362 0.620892
0.0130707 0.575454 0.411475
0.539929 0.140031 0.32004
0.217666 0.421294 0.361039
0.370407 0.217405 0.412188
0.147759 0.149711 0.702531
0.327023 0.672977 0
0.332318 0.294215 0.373467
0.194049 0 0.805951
0.152136 0.268174 0.579689
1 0 0
0.531942 0.0181287 0.44993
0.284862 0.259505 0.455633
0.139171 0.454187 0.406642
0.276166 0.148885 0.574949
4.45159e-17 0.400964 0.599036
0 0.75 0.25
0.204885 0.795115 0
0.597712 0 0.402288
0.883374 0.116626 0
0.448269 0.551731 0
0.0272868 0.690509 0.282204
0.367507 0.632493 0
0.207188 0.542812 0.25
0.287479 0.369398 0.343123
0.0655257 0.490031 0.444443
0.0672476 0.60735 0.325402
0.684155 0.0460727 0.269772
0 0.333733 0.666267
0.496265 0.0985069 0.405228
0.313697 0.0731822 0.61312
0.30174 0.417533 0.280727
0.286466 0.713534 0
0.106514 0.230217 0.663269
0.568545 0.431455 0
0.123033 0.876967 0
0 0.0979034 0.902097
0.409212 0.141979 0.448809
0.40786 0.59214 0
0.0820696 0.91793 0
0.0410477 0.958952 0
0.500668 0.222272 0.27706
0.0162313 0.447295 0.536474
0.384065 0.326022 0.289913
0.0403002 0.0205624 0.939137
0.167394 0.379276 0.45333
0.351917 3.90707e-17 0.648083
0.0221065 0.266937 0.710956
0.405801 0.0161631 0.578036
0.459123 0.290877 0.25
0.844529 0.155471 0
0 1 0
0.80535 0.19465 0
0.664386 7.37616e-17 0.335614
0.457639 0.177162 0.365199
0.24564 0.75436 0
0 0.644793 0.355207
0.488438 0.511562 0
0.41679 0.251819 0.331391
0.569642 0.180358 0.25
0.324285 0.181427 0.494289
0.26999 0.48001 0.25
0.181239 0.496288 0.322472
0.109292 0.101347 0.789361
