0.177477 0.135353 0.68717
0.089916 0.179123 0.730961
0.131186 0.213246 0.655568
0.599413 0.150587 0.25
0.165162 0.584838 0.25
1.28422e-17 0.0920648 0.907935
0.393849 0.356151 0.25
0.440966 0.559034 0
0.325386 0.424614 0.25
0.251393 0.362825 0.385782
0.293412 0.397008 0.30958
0.761643 0.238357 0
8.9877e-17 0.644323 0.355677
0.607754 0 0.392246
0.256938 0.493062 0.25
0.628899 0.0529828 0.318118
0.51367 0.062223 0.424107
0.496263 0.253737 0.25
0.0253407 0.690801 0.283859
0.641727 0.358273 0
0.0598104 0.135903 0.804287
0.0740151 0.60951 0.316475
0.224394 0.0701406 0.705465
0.197166 0.334946 0.467888
0.371257 0.250452 0.37829
0.400709 0.599291 0
2.73578e-17 0.403041 0.596959
0.327335 0.067229 0.605436
0.29241 0.121409 0.58618
0.222098 0.156379 0.621524
0.199935 0.800065 0
0.0857373 0.0657116 0.848551
0.92073 0.0792697 0
0.48158 0.13816 0.38026
0.0971172 0.652883 0.25
0.801546 0.198454 0
0.143139 0.468759 0.388102
0.601671 0.398329 0
0.0391378 0.262024 0.698838
0.159849 0.840151 0
0.119498 1.3267e-17 0.880502
0.88101 0.11899 0
0.267586 0.190522 0.541892
0.140262 0.0936489 0.766089
0.338632 0.32438 0.336987
0.321389 0.214879 0.463732
0.0650574 0.366464 0.568479
0.0449834 0.0175529 0.937464
0.0156568 0.457189 0.527154
0.0993053 0.414154 0.48654
0.681786 0.318214 0
4.63494e-17 0.332276 0.667724
0.0702149 0.493721 0.436065
0 0 1
0.521386 0.478614 0
0.35675 0.133151 0.510099
0.240028 0.759972 0
0.249635 0 0.750365
0.75 0 0.25
0.320306 0.679694 0
0.423783 0.290339 0.285877
0.691189 0 0.308811
0.402684 0.0412681 0.556048
0.142721 0.319604 0.537675
0.0911638 0.290267 0.61857
6.78786e-17 1 0
0.108717 0.542375 0.348908
0.841291 0.158709 0
0.187998 0.517546 0.294456
0.36053 0.63947 0
0.721778 0.278222 0
0.561531 0.438469 0
3.25191e-17 0.233127 0.766873
0.960406 0.0395941 0
0.181059 0.239177 0.579764
0.449987 0.213398 0.336615
0.11985 0.88015 0
0.539629 0 0.460371
0.0798835 0.920116 0
0.438445 0.0891425 0.472412
0.37314 0 0.62686
0.286749 0.290613 0.422638
0.232344 0.26422 0.503436
2.26752e-17 0.162557 0.837443
0.471505 5.23475e-17 0.528495
0 0.75 0.25
0.0206055 0.576541 0.402854
0.481173 0.518827 0
0.302001 0.0171383 0.68086
0.559586 0.0973692 0.343045
0 0.52687 0.47313
0.171128 0.397804 0.431068
0.670683 0.0793171 0.25
0.28015 0.71985 0
0.218646 0.440663 0.340692
0.403008 0.171566 0.425425
1 0 0
0.53079 0.182136 0.287074
0.0399465 0.960053 0
0.180304 0.0121533 0.807542
