0.0764854 0 0.923515
0 0.654211 0.345789
0.618488 0.381512 0
0.535105 0.214895 0.25
0.295338 0.275234 0.429427
0.409734 0.590266 0
0.0394235 0.689301 0.271276
0.244897 0.755103 0
0.0832201 0.604581 0.312199
0.0875729 0.156991 0.755436
0.0891096 0.347747 0.563144
0.492912 0.507088 0
0.15285 0.432527 0.414623
0 0.406409 0.593591
1.30886e-17 0.268089 0.731911
0 0.75 0.25
0.122116 0.877884 0
0.200697 0.159646 0.639657
0.629044 0 0.370956
0.381461 0.100896 0.517643
0.163022 0.836978 0
0.220562 0.0230436 0.756395
0 0.581632 0.418368
0.310224 0.149439 0.540337
4.92492e-17 0.130071 0.869929
0.203956 0.796044 0
0.548933 0.134498 0.316569
0.283544 0.112967 0.603489
0.0564788 0.236923 0.706598
0.187707 0.562293 0.25
0.557593 0.0134667 0.42894
0.451261 0.548739 0
0.744781 0.255219 0
0.661767 0.0882335 0.25
0.137133 0.533724 0.329143
0.464123 0.0693824 0.466495
0.0033057 0.197288 0.799406
0.371414 0.363906 0.26468
0.660573 0.339427 0
0.421316 0.145555 0.433129
0.102653 0.0314287 0.865919
0 0.50906 0.49094
0.500387 0 0.499613
0.169246 0.114805 0.715949
0.0701819 0.297282 0.632536
0.438005 0.311995 0.25
1 0 0
0.368412 0.631588 0
0.687095 0.015071 0.297834
0 0.339691 0.660309
0.75 0 0.25
0.597001 0.0664296 0.33657
0.829562 0.170438 0
0.24657 0.0764022 0.677027
0.147166 0.250783 0.602051
0.702607 0.297393 0
0.872068 0.127932 0
0.113823 0.636177 0.25
0.222846 0.412331 0.364823
0.0406906 0.959309 0
0.392392 0 0.607608
2.80935e-17 2.74176e-17 1
0.258357 0.241882 0.49976
0.291371 0 0.708629
0.081396 0.918604 0
0.50954 0.098609 0.391851
0.576518 0.423482 0
0.176144 0 0.823856
0.787172 0.212828 0
0.252967 0.351227 0.395806
0.597361 0.150465 0.252174
0.00582625 0.059423 0.934751
0.13657 0.0754827 0.787947
0.479786 0.237976 0.282239
0.376675 0.229348 0.393977
0.957293 0.0427072 0
0.341743 0.189375 0.468882
0.425629 0.0261373 0.548233
0.184283 0.474163 0.341554
0.228001 0.202724 0.569275
0.0828563 0.477999 0.439145
0.0594992 0.552763 0.387738
0 1 0
0.173158 0.294634 0.532208
0.122035 0.38805 0.489914
0.460701 0.183124 0.356175
0.124868 0.200262 0.67487
0.313732 0.436268 0.25
0.204744 0.332053 0.463203
0.914623 0.0853774 0
0.406269 0.271973 0.321758
0.332793 0.316203 0.351004
0.0613269 0.104929 0.833744
0.285966 0.714034 0
0.241753 0.493941 0.264306
0.0365029 0.438229 0.525268
0.534671 0.465329 0
0.330624 0.0357734 0.633602
0.28857 0.395132 0.316298
0.327189 0.672811 0
