0.769553 0.230447 0
0.572094 0.177906 0.25
0.731027 0.268973 0
0.499257 0.500743 0
0.692408 0.307592 0
0.152808 0.847192 0
0.49316 0.161298 0.345542
0.961647 0.0383533 0
0.290662 0.0801967 0.629141
0.370676 0.0332718 0.596053
0.415666 0.076815 0.507519
0.242272 0.414126 0.343602
8.04325e-17 1 0
0.496917 0 0.503083
0.114549 0.885451 0
0.846512 0.153488 0
0.422006 0.577994 0
0 0.75 0.25
0.75 0 0.25
0.0349941 0.683294 0.281712
0.0381454 0.961855 0
1 0 0
0.204131 0.372881 0.422988
0.0593325 0 0.940668
0.336064 0.243798 0.420137
0.26791 0.73209 0
0.30643 0.69357 0
0.379031 0.162179 0.45879
0.0870743 0.0383658 0.87456
0.0281282 0.469326 0.502546
0.180269 0.0705007 0.74923
0.507836 0.210881 0.281282
0.15633 0.457632 0.386038
0.625768 0.0325494 0.341683
0.344884 0.655116 0
0.229576 0.770424 0
0.421625 0.209887 0.368488
0.0312013 0.589105 0.379694
0.474836 0.275164 0.25
0.251424 0.285688 0.462889
2.65154e-17 0.360073 0.639927
0.116535 0.0931655 0.7903
4.37257e-17 0.543632 0.456368
0.191161 0.808839 0
0.222259 0 0.777741
0.331721 3.68284e-17 0.668279
0.653809 0.346191 0
6.08133e-18 0.0825833 0.917417
0.216952 0.24148 0.541568
0.457224 0.12061 0.422166
0.0287755 0.210831 0.760394
0.337464 0.117569 0.544967
0.510373 0.0433981 0.446229
0.80804 0.19196 0
0.32141 0.3647 0.313891
0.355712 0.394288 0.25
0.297311 0.200913 0.501775
0.0680596 0.323124 0.608816
0.038279 0.11928 0.842441
0.537916 0.462084 0
0.14093 0.282034 0.577036
0.207735 0.117196 0.675069
0.219407 0.530593 0.25
0.594577 0.114521 0.290903
0.12287 0.220208 0.656922
0.383416 0.616584 0
0.287547 0.326253 0.3862
0.101736 0.648264 0.25
0.155074 0 0.844926
0.262031 0.0277121 0.710257
0.108056 0.550026 0.341918
0.884899 0.115101 0
0.615211 0.384789 0
0.668227 0.0817735 0.25
0.11833 0.418572 0.463098
1.33059e-17 0.180691 0.819309
0.146034 0.585539 0.268427
0.0763216 0.923678 0
0.576578 0.423422 0
0.544562 0.0842482 0.37119
0.103313 0.165748 0.730939
0.460627 0.539373 0
0.376489 0.284185 0.339326
0.0857671 0.377308 0.536925
0 0.651538 0.348462
0.169033 0.330557 0.50041
0 0 1
0.0769424 0.50238 0.420678
0.434726 0 0.565274
0.25763 0.157645 0.584725
3.1669e-17 0.430058 0.569942
0.923291 0.0767091 0
0.690066 0 0.309934
0 0.285392 0.714608
0.412212 0.32135 0.266439
0.190618 0.494901 0.314481
0.0584801 0.25936 0.68216
0.283994 0.45861 0.257396
0.587526 0 0.412474
0.183802 0.191359 0.624839
