0.347268 0.104018 0.548714
0.53873 0.46127 0
0.165142 0.078903 0.755955
0.39745 0 0.60255
0.49764 0.25236 0.25
0.0773656 0.922634 0
2.95037e-17 0.354619 0.645381
0.558498 0.180917 0.260585
0 0.75 0.25
0.19322 0 0.80678
0.24078 0.0559592 0.703261
0.385391 0.614609 0
1 0 0
0.0627153 0.576908 0.360377
0.425818 0.31643 0.257752
0.615294 0.384706 0
0.308605 0.691395 0
0.0771431 0.394483 0.528374
0.500419 0.499581 0
0.340968 0.235913 0.423119
0.193137 0.806863 0
0.384107 0.149614 0.466279
0.124824 0.029238 0.845938
0.0389034 0.0845538 0.876543
0.173269 0.33746 0.48927
4.4617e-17 0.536274 0.463726
0.845646 0.154354 0
0.221931 0.241708 0.536362
0.0872288 0.499567 0.413204
0.00995857 0.282236 0.707806
0.213846 0.122985 0.663169
0.265954 0 0.734046
0.550302 0.0626734 0.387024
0.456922 0.00513859 0.537939
0.213535 0.373128 0.413338
0.511135 0.14299 0.345875
0.75 0 0.25
0.126618 0.42179 0.451592
0.288664 0.461336 0.25
0.136423 0.156039 0.707538
0.30335 0.194241 0.502409
0.148995 0.270937 0.580068
1.8656e-17 0.224235 0.775765
0.174117 0.457356 0.368527
0.331528 0.357788 0.310684
0.137486 0.534906 0.327608
0.0311754 0.470251 0.498574
0.0876739 0.11486 0.797466
0.116042 0.883958 0
0.691866 0.308134 0
0 0.605425 0.394575
0.256704 0.283637 0.459659
0.30088 0.0763264 0.622794
0.577007 0.422993 0
0.0386968 0.961303 0
0.333956 0.00415948 0.661884
0 0.427817 0.572183
0.730298 0.269702 0
0.596468 0.0867568 0.316775
0.686969 0.0450079 0.268023
0.521566 0 0.478434
0.154566 0.845434 0
0.657938 0 0.342062
0.00280121 0.671016 0.326183
0.653553 0.346447 0
0.961352 0.0386478 0
1.28707e-17 0.1547 0.8453
0.462092 0.537908 0
0.589754 0 0.410246
0.253924 0.413256 0.332821
0.111353 0.331618 0.557028
0.0630122 0.31348 0.623508
0.807106 0.192894 0
0.220267 0.50212 0.277613
0.423764 0.576236 0
0.462645 0.222544 0.314811
4.88032e-18 0.058659 0.941341
0.0832146 0 0.916785
0.884163 0.115837 0
0.270142 0.729858 0
0.381892 0.274747 0.343361
0.231694 0.768306 0
1.09788e-16 1.23468e-18 1
0.630867 0.119133 0.25
0.361826 0.388174 0.25
0.180159 0.197511 0.62233
0.768641 0.231359 0
0.0624736 0.191095 0.746432
0.346995 0.653005 0
0.100956 0.620413 0.278631
0.295129 0.321747 0.383124
0.471537 0.0983241 0.430139
0.922731 0.0772693 0
0.0975711 0.236978 0.665451
8.31982e-17 1 0
0.175097 0.574903 0.25
0.424947 0.185367 0.389686
0.423934 0.0698291 0.506237
0.261821 0.157126 0.581053
0.0643927 0.685607 0.25
