0.0463499 0.684745 0.268905
0.322596 0.243033 0.434371
0.179555 0.570445 0.25
0.287506 0.344442 0.368052
0.45702 0.128844 0.414136
0.0242373 0.535919 0.439844
0.69833 0.30167 0
0.481682 0.230292 0.288025
0.195427 0.386756 0.417817
0.656282 0 0.343718
1.25296e-18 0.183649 0.816351
0.245405 0.421841 0.332754
0.154559 0.0978023 0.747639
5.11694e-18 0.75 0.25
0.558124 0.191876 0.25
9.0184e-17 2.08384e-17 1
8.03097e-19 0.117712 0.882288
0.410789 0.0850337 0.504177
0.338805 3.76149e-17 0.661195
0.139112 0.541135 0.319753
0.0712418 0.14068 0.788079
0.596051 0.09156 0.312389
0.924822 0.0751775 0
0.507048 0.492952 0
0.811862 0.188138 0
0.124434 0.302476 0.57309
7.03923e-17 1 0
0.375138 0.166993 0.457869
0.163948 0.346271 0.48978
4.54304e-18 0.665883 0.334117
0.237503 0.0630225 0.699475
0.622095 0.377905 0
0.849721 0.150279 0
0.774002 0.225998 0
0.288879 0.0880544 0.623067
0.632467 0.117533 0.25
0.512002 0.153002 0.334996
0.0700866 0.581548 0.348366
0.391314 0.608686 0
0.380871 0.369129 0.25
0.265709 0 0.734291
0.583846 0.416154 0
1.05079e-17 0.491086 0.508914
0.0740804 0.449976 0.475943
0.118195 0.179455 0.70235
0.88732 0.11268 0
0.686905 0.0434526 0.269642
0.0225403 0.0596859 0.917774
0.660256 0.339744 0
0.487307 0.056928 0.455765
0.0818552 0.262519 0.655625
0.548021 0.0714238 0.380555
4.10093e-18 0.601081 0.398919
2.2909e-18 0.335782 0.664218
0.157354 0.842646 0
0.373703 0.0358856 0.590412
0.287794 0.462206 0.25
0.351838 0.269344 0.378818
1.90242e-18 0.278842 0.721158
9.09383e-18 0.425 0.575
0.245354 0.300331 0.454315
0.200028 0.138223 0.661749
0.331118 0.125513 0.543368
0.20509 0.258915 0.535995
0.322896 0.385616 0.291488
0.962484 0.0375165 0
0.235632 0.764368 0
1 0 0
0.0376233 0.216964 0.745413
0.429957 0.570043 0
0.118046 0.881954 0
0.193924 0.0156408 0.790435
0.0787108 0.921289 0
0.5161 5.72986e-17 0.4839
0.16259 0.219269 0.618141
0.468598 0.531402 0
0.111622 0.638378 0.25
0.736263 0.263737 0
0.352631 0.647369 0
0.218496 0.502337 0.279167
0.141084 1.56635e-17 0.858916
0.589056 6.53983e-17 0.410944
0.103287 0.491799 0.404914
0.0455959 0.352072 0.602332
0.426921 0.208559 0.36452
0.169895 0.459968 0.370136
0.0393808 0.960619 0
0.196521 0.803479 0
0.0934342 0.385287 0.521279
0.545531 0.454469 0
0.75 0 0.25
0.313662 0.686338 0
0.286121 0.20867 0.505209
0.245541 0.172147 0.582312
0.391716 0.302832 0.305452
0.461056 0.288944 0.25
0.443147 4.91992e-17 0.556853
0.2747 0.7253 0
0.0966293 0.070434 0.832937
0.0705267 7.83004e-18 0.929473
