0.582406 0.0931876 0.324407
0.255555 0.744445 0
0.375601 0.264683 0.359716
0.498123 0.140539 0.361338
0.207951 0.230943 0.561107
0.379576 0.134241 0.486183
0.453113 0.221901 0.324986
0.116084 0.166398 0.717518
0.326593 0 0.673407
0.402568 0.597432 0
0.0580915 0.548753 0.393156
0.886997 0.113003 0
0.133616 0.513771 0.352613
0.683951 0.0175175 0.298532
0.425237 0.0417904 0.532973
0.335748 0.221838 0.442414
0.601619 0.148381 0.25
0.0364198 0.96358 0
3.68269e-17 0.399413 0.600587
0.495348 0 0.504652
0.218896 0.781104 0
0.962312 0.0376875 0
0.210049 0.469727 0.320224
0.0260044 0.0339468 0.940049
0.295476 0.182507 0.522017
0.292226 0.707774 0
0.535812 0.0620509 0.402137
0.666441 0.0835593 0.25
0.75 0 0.25
0.244571 0.505429 0.25
0.419898 0.309823 0.270279
0.0916374 0.122553 0.785809
0.0306129 0.327513 0.641874
0.251357 0.266795 0.481848
0 0.75 0.25
0.328854 0.671146 0
0.476388 0.523612 0
0.396622 0 0.603378
0.699449 0.300551 0
0.173464 0.562046 0.26449
0.635405 0 0.364595
0.662144 0.337856 0
0.332261 0.345197 0.322542
0.811866 0.188134 0
0.849383 0.150617 0
0.168134 0.431247 0.400619
0.924675 0.0753255 0
0.083234 0.597424 0.319342
0.439406 0.560594 0
0 0.291196 0.708804
0.550521 0.449479 0
0.182391 0.817609 0
6.02098e-17 0.653017 0.346983
0.0322883 0.438869 0.528843
0.072866 0.927134 0
0.29568 0.0684162 0.635904
0.774318 0.225682 0
0.115584 0.634416 0.25
0.256502 0.0254065 0.718091
0.292129 0.305884 0.401987
0.341899 0.0947794 0.563321
0.369121 0.380879 0.25
0.0747072 0.241951 0.683342
0.0407715 0.687113 0.272116
5.34858e-17 0.580091 0.419909
0.490583 0.259417 0.25
0.0852678 0.472646 0.442086
0.100708 1.11808e-17 0.899292
0.536316 0.18629 0.277394
0.736897 0.263103 0
0.166256 0.312281 0.521463
0.0184333 0.163508 0.818059
0.170576 0.0796161 0.749808
0.252303 0.14899 0.598707
0.0819886 0.356793 0.561218
6.88732e-17 0.507054 0.492946
0.459635 0.0908696 0.449496
0.624999 0.375001 0
3.06151e-17 0.225393 0.774607
0.252769 0.390342 0.356888
0.145871 0.854129 0
8.45757e-17 1 0
0.0675045 0.0755373 0.856958
8.83389e-17 2.26834e-17 1
1 0 0
0.365683 0.634317 0
0.41686 0.177667 0.405473
0.513391 0.486609 0
0.565366 0 0.434634
0.109393 0.890607 0
0.209513 0.113762 0.676726
0.119716 0.277225 0.603059
0.298274 0.434068 0.267658
0.587786 0.412214 0
0.164156 0.196036 0.639808
0 0.108653 0.891347
0.122966 0.394297 0.482737
0.213502 2.37035e-17 0.786498
0.145046 0.0256365 0.829317
0.209024 0.350416 0.44056
