0.347933 0.402067 0.25
0.148286 0.534832 0.316881
0.686402 0 0.313598
0 0.485036 0.514964
0.173325 0.319802 0.506873
0.53156 0.0390571 0.429383
0.104956 0.360283 0.534761
0.269629 0.0562458 0.674125
0.1157 0.0819628 0.802337
0.580123 0.419877 0
0.0772068 0.922793 0
0.394054 0.101261 0.504685
0.32578 0.23725 0.43697
0.309415 0.690585 0
1 0 0
0 0.674752 0.325248
0.617362 0.0362568 0.346381
4.53513e-17 1 0
0 0.75 0.25
0.672094 0.0734918 0.254414
0.159136 0.590864 0.25
0.0717306 0.44438 0.48389
0.0385917 0.961408 0
0.425662 0.574338 0
0.0796791 0.567352 0.352969
0.0795608 0.670439 0.25
0.386934 0.613066 0
0.344352 0 0.655648
0.328532 0.357218 0.31425
0.251672 0.275486 0.472842
0.0700828 0.326823 0.603094
0.575775 0.105286 0.318939
0 0.599379 0.400621
0.0185925 0.41471 0.566697
0.479904 0.26623 0.253866
0.695368 0.304632 0
0.115882 0.884118 0
0.252022 0.408382 0.339596
0.373321 0.276216 0.350463
0.809978 0.190022 0
0.145361 0.405514 0.449125
0.848165 0.151835 0
0.40883 0.184114 0.407055
0.0384326 0.232128 0.729439
0.276033 0.190228 0.533739
0.464347 0.535653 0
0.482794 0.122918 0.394288
0.107276 0.489354 0.403371
0.541549 0.458451 0
0.0824151 0.153441 0.764144
0.418082 0.331918 0.25
0.174974 0.1083 0.716726
0.277502 0.453353 0.269145
0.291538 0.318427 0.390036
1.09729e-16 1.29365e-18 1
0.193183 0.806817 0
0.303879 0.105955 0.590166
0.0238349 0.531645 0.44452
0.157878 0 0.842122
0.591169 0 0.408831
0.198393 0.0339167 0.76769
0.417855 0 0.582145
0.184735 0.455496 0.35977
0.352217 0.163424 0.48436
0.0184197 0.131746 0.849834
0 0.198362 0.801638
0.34817 0.65183 0
0.270662 0.729338 0
0.75 0 0.25
0.503505 0.161995 0.3345
0.733712 0.266288 0
0.129288 0.184715 0.685998
0.924175 0.075825 0
5.42243e-18 0.298638 0.701362
0.611333 0.138667 0.25
0.233032 0.516968 0.25
0.0945537 0.263054 0.642392
0.231915 0.768085 0
0.371317 0.0618471 0.566836
0.0592803 0.634284 0.306435
0.216512 0.3627 0.420788
0.502968 0.497032 0
0.491433 0 0.508567
4.72793e-17 0.365997 0.634003
0.886212 0.113788 0
0 0.0752939 0.924706
0.656968 0.343032 0
0.456208 0.0761802 0.467612
0.771903 0.228097 0
0.223225 0.14402 0.632755
0.0652789 0.0555427 0.879178
0.258722 0 0.741278
0.154516 0.845484 0
0.96207 0.0379297 0
0.0789411 0 0.921059
0.545584 0.204416 0.25
0.202371 0.246117 0.551512
0.618592 0.381408 0
0.446164 0.234291 0.319545
0.169088 0.220298 0.610614
