0.38951 0.192225 0.418265
0.232282 0.28965 0.478068
0.184301 0.0811779 0.734521
0.61971 0.38029 0
0.504426 0.495574 0
2.36073e-17 0.75 0.25
0.0639407 0.399073 0.536987
0.332587 0.417413 0.25
0 0.112134 0.887866
0.148977 0.329523 0.5215
0.129668 0.393675 0.476657
0.427291 0.572709 0
0.596415 0 0.403585
0.0647592 0.0802196 0.855021
0.311236 0.688764 0
0.0265218 0.349923 0.623555
0.352609 0.292204 0.355187
0.0819042 0.249768 0.668328
0 0.309502 0.690498
0.349976 0.650024 0
0.465865 0.534135 0
0 0.654165 0.345835
0.962144 0.0378558 0
0.0446516 0.52738 0.427968
0.542959 0.457041 0
0.396964 0 0.603036
0.552118 0.0915659 0.356316
0.0870911 0.463881 0.449028
0.112821 0.537699 0.34948
0.101832 0.11066 0.787509
0.323509 0 0.676491
0.173833 0.576167 0.25
0.464638 0.139537 0.395825
0.194763 0.805237 0
0 0.589797 0.410203
0.675306 0.0746942 0.25
0.673214 0 0.326786
0.158816 0.454025 0.387159
0.21651 0 0.78349
0.160846 0.204302 0.634851
0.268527 0.088657 0.642816
0.0779751 0.922025 0
0.308825 0.375728 0.315447
0.39807 0.35193 0.25
0.200139 0.37013 0.429731
0.0156188 0.243793 0.740588
0 0.422462 0.577538
0.772487 0.227513 0
0.510371 0.171558 0.31807
0.431034 0.221589 0.347377
0.600576 0.133038 0.266386
0.267089 0.482911 0.25
0.231142 0.163275 0.605584
0.848491 0.151509 0
0.581379 0.418621 0
0.0389939 0.961006 0
0.272478 0.727522 0
0.274466 0.330916 0.394618
0.422202 0.0980105 0.479788
0.810548 0.189452 0
0.453733 0.0148303 0.531437
0.101704 0 0.898296
0.313149 0.127301 0.55955
0.552861 0.197139 0.25
0.197404 0.505763 0.296833
0.233628 0.766372 0
1 0 0
0.253987 0.0319954 0.714018
0.924254 0.0757459 0
0.500838 0.0635085 0.435654
0.0740345 0.605826 0.32014
0.116942 0.883058 0
0.657968 0.342032 0
0.696219 0.303781 0
0.148853 0.0246519 0.826495
0.629336 0.0564507 0.314213
0.0252805 0.0357069 0.939013
0.886424 0.113576 0
0.236145 0.421646 0.342209
0 1 0
0.313266 0.245338 0.441397
1.56219e-17 0.496304 0.503696
0 0 1
0.75 0 0.25
0.524134 0 0.475866
0.734389 0.265611 0
0.191692 0.249083 0.559225
0.0757168 0.178114 0.746169
0.487173 0.262827 0.25
0.106282 0.643718 0.25
0.155895 0.844105 0
0.148241 0.150065 0.701694
0.420002 0.28643 0.293568
0.107574 0.299423 0.593002
0.0350179 0.690385 0.274597
0.360197 0.0626144 0.577189
0 0.187124 0.812876
0.352598 0.154087 0.493315
0.270829 0.207057 0.522113
0.38865 0.61135 0
