0.245623 0.504377 0.25
0.039325 0.960675 0
0.677356 0 0.322644
0.211524 0.254538 0.533939
0.435026 0.564974 0
0.275185 3.05517e-17 0.724815
0.342017 0.359416 0.298568
0.0774748 0.103849 0.818676
0.201074 2.23237e-17 0.798926
0.419259 0.330741 0.25
0.555188 0.444812 0
0.490147 0.259853 0.25
0.289243 0.331692 0.379065
0.837477 0.162523 0
0.0854412 0.62699 0.287568
0.756463 0.243537 0
0.59523 0.40477 0
0.345197 0.0034135 0.651389
0.878074 0.121926 0
0.39506 0.60494 0
0.29888 0.0878471 0.613273
4.85837e-17 1 0
0.132986 0.295098 0.571916
0.186077 0.515838 0.298085
0.163687 0.3404 0.495913
0.604717 6.71371e-17 0.395283
0.291855 0.211626 0.496519
0.157145 0.592855 0.25
2.70462e-17 0.556694 0.443306
0.918672 0.0813277 0
0.411899 0.194467 0.393634
0.632895 0.0597007 0.307404
0.108254 0.43141 0.460336
0.0124656 0.425426 0.562109
0.674257 0.0757429 0.25
1.78067e-17 0.366516 0.633484
0.3322 0.246714 0.421086
0.355267 0.644733 0
0.79695 0.20305 0
0.0786561 0.921344 0
0.254508 0.170607 0.574886
0.109934 0.550554 0.339512
0.375323 0.156953 0.467724
0.236397 0.763603 0
0.0707008 0.50949 0.41981
0.598447 0.151553 0.25
0.959292 0.040708 0
0.45003 0.232904 0.317067
0.475025 0.524975 0
0.276081 0.723919 0
0.71606 0.28394 0
0.532047 0.0534363 0.414516
0.488892 0.145446 0.365662
3.32195e-17 0.488548 0.511452
0.0921496 0.252358 0.655493
0.0590727 0.690927 0.25
0.154121 0.466189 0.37969
0.268251 0.441373 0.290376
0.374915 0.282804 0.34228
0.635467 0.364533 0
0.157376 0.842624 0
0.131183 0.0244859 0.844331
0.0270249 0.598179 0.374796
0.11798 0.88202 0
1 0 0
1.70934e-17 0.75 0.25
0.336572 0.131007 0.532421
0.51506 0.48494 0
0.173518 0.213495 0.612987
2.37892e-17 0.156811 0.843189
0.331167 0.418833 0.25
1.61629e-17 0.0557264 0.944274
0.235234 0.41142 0.353346
6.64984e-17 0.229273 0.770727
0 0 1
0.196871 0.803129 0
0.197072 0.37937 0.423558
0.519116 5.76335e-17 0.480884
3.24373e-17 0.667658 0.332342
0.139736 0.168799 0.691465
0.247997 0.295515 0.456488
0.0335833 0.0818322 0.884584
0.00523699 0.29565 0.699113
0.38148 0.065609 0.552911
0.416524 4.62435e-17 0.583476
0.460511 0.0310898 0.508399
0.0838241 0.385703 0.530473
0.0614898 0.331231 0.607279
0.103054 0.132722 0.764224
0.675768 0.324232 0
0.445588 0.106214 0.448198
0.084899 0 0.915101
0.531132 0.189028 0.27984
0.214476 0.131309 0.654216
0.315748 0.684252 0
0.0609273 0.205062 0.73401
0.56398 0.0998229 0.336197
0.175408 0.0804994 0.744093
0.75 0 0.25
0.249354 0.0580676 0.692579
