0.409058 0.590942 0
0.200092 0.0253475 0.77456
0.121312 0.0814065 0.797281
0.526584 0.190366 0.28305
0.383621 0.301431 0.314948
0.301381 0.34959 0.349029
0.128123 0.32927 0.542607
0.632555 0.0481449 0.3193
0.75 0 0.25
0.0807494 0.178283 0.740968
0.518121 0 0.481879
0.914388 0.0856122 0
0.156317 0.506857 0.336826
0.0529402 0.128324 0.818736
1.77319e-17 0.225433 0.774567
0 0.693202 0.306798
0.326724 0.673276 0
0.701895 0.298105 0
0.0326424 0.262339 0.705019
0.597087 0.152913 0.25
0.271123 0.107563 0.621315
0.228973 0.0752512 0.695776
0.367845 0.632155 0
0.871669 0.128331 0
1.17048e-17 0.148807 0.851193
0.203622 0.796378 0
0.222569 0.186478 0.590952
0.0358967 0.370158 0.593945
0.575386 0.424614 0
0.124043 0.223186 0.652771
0.3343 0.270668 0.395032
0.0406504 0.95935 0
0.744077 0.255923 0
0.152407 0.119614 0.727979
0.454189 0.0451295 0.500681
0.45056 0.54944 0
0.361288 0.0769958 0.561716
0.227567 0.495038 0.277395
0.533712 0.466288 0
0.373325 0.205179 0.421495
0.121969 0.878031 0
0.617397 0.382603 0
0.0847866 0.486292 0.428921
0 0.533437 0.466563
0.668492 0.0815079 0.25
0.0909024 0.401747 0.50735
0.156973 1.74276e-17 0.843027
0.0728382 0.555309 0.371853
0 0.0722477 0.927752
0.568008 0.0964606 0.335532
0.604968 0 0.395032
0.0784373 8.70829e-18 0.921563
7.15634e-17 0.75 0.25
0.0829786 0.667021 0.25
0.181239 0.154658 0.664103
1 0 0
0.37231 4.13348e-17 0.62769
0.143851 0.445268 0.41088
0.215797 0.396972 0.387232
0.0357452 0.630278 0.333976
0.295847 0.454153 0.25
0.957123 0.042877 0
0.262534 0.30969 0.427776
0.417447 0.332553 0.25
0.310693 0.030072 0.659235
0.489389 0.260611 0.25
0.432088 0.230886 0.337026
7.27986e-17 1 0
0.659434 0.340566 0
0.492052 0.507948 0
0 0.332834 0.667166
0.308593 0.143963 0.547444
0.270064 0.223137 0.5068
5.69923e-17 0.597292 0.402708
0.162726 0.837274 0
0.345887 0.387666 0.266447
0.0670341 0.0555795 0.877386
0.0813169 0.918683 0
0.0334521 0.468602 0.497946
0.173918 0.255561 0.570521
0.446311 0.158657 0.395033
0.268832 0 0.731168
0.244577 0.755423 0
0.218263 0.288471 0.493266
0.347626 0.166596 0.485778
4.14886e-17 0.434809 0.565191
0.529313 0.0517287 0.418958
0.502187 0.13215 0.365663
0.251215 0.426486 0.322299
0.42037 0.112481 0.467149
0 0 1
0.187518 0.562482 0.25
0.692984 7.69366e-17 0.307016
0.829026 0.170974 0
0.285578 0.714422 0
0.173372 0.364193 0.462436
0.432008 4.79625e-17 0.567992
0.786513 0.213487 0
0.119735 0.595764 0.284501
0.0840732 0.294588 0.621339
