2.16806e-17 0.75 0.25
0.692421 0.307579 0
0.522561 0.150451 0.326988
0.307716 0.692284 0
0.461705 0.538295 0
0.730829 0.269171 0
1.7352e-17 0.600262 0.399738
0.479119 0.045762 0.475119
0.356631 0.393369 0.25
0.277163 0.0985438 0.624293
0.431728 0.318272 0.25
0.61557 0.38443 0
0.0384271 0.961573 0
0.213212 0.506196 0.280592
0.178092 0.0311235 0.790784
0.284325 0.336028 0.379646
0.384722 0.615278 0
0.0913968 0.0789975 0.829606
0.538651 0.461349 0
0.0633424 0.686658 0.25
0.284109 0.221565 0.494326
0.0400226 0.456557 0.503421
0.75 0 0.25
0.460905 0.166691 0.372405
0.200654 0.378032 0.421313
1.35735e-17 0.204926 0.795074
0.368828 0.179018 0.452153
0.119183 0.415474 0.465343
0.551494 0.198506 0.25
4.44278e-17 0.670751 0.329249
1 0 0
0.478627 0.247943 0.27343
0.401007 0.0906267 0.508366
0.690852 0 0.309148
0.598717 0.124712 0.276571
0.138214 0.178308 0.683478
0.0606834 0.574786 0.364531
0.23071 0.76929 0
0.807674 0.192326 0
0.0677616 0.0334107 0.898828
0.241584 0.299731 0.458685
2.47373e-17 0.373473 0.626527
0.244065 0.420693 0.335243
0.542864 0.0779869 0.379149
0.16585 0.458824 0.375326
0.080562 0.362312 0.557126
0.0968997 0.621296 0.281805
0.244313 0.181169 0.574518
0.154537 0.335637 0.509826
0.140571 0 0.859429
0.119816 0.123253 0.756932
0.13342 0.536231 0.330349
0.321652 0.141442 0.536906
0.653999 0.346001 0
0.171043 0.578957 0.25
0.168548 0.22777 0.603681
0.0310389 0.309273 0.659688
0.444188 0.121721 0.434091
0.377113 0 0.622887
0.0698074 0.219346 0.710847
0.923052 0.0769477 0
0.598975 0 0.401025
0.330111 0.258195 0.411694
0.153764 0.846236 0
0.846117 0.153883 0
0.115317 0.884683 0
0.192221 0.807779 0
0.500191 0.499809 0
0.0394064 0.147306 0.813288
0.623881 0.0424876 0.333632
0.769239 0.230761 0
0.416766 0.228388 0.354847
0.10397 0.277263 0.618767
1.53154e-17 0.529808 0.470192
0.19654 0.265628 0.537832
1.70068e-18 2.60549e-17 1
0.53756 0 0.46244
0.0768707 0.923129 0
0.577125 0.422875 0
7.03681e-18 0.106239 0.893761
0.30734 0.0149574 0.677703
0.250842 0 0.749158
0.376133 0.296513 0.327354
6.36216e-17 1 0
0.216772 0.073503 0.709725
0.961521 0.0384787 0
0.0405823 0.00625212 0.953166
0.26922 0.73078 0
0.667277 0.0827229 0.25
2.86924e-17 0.433186 0.566814
0.346217 0.653783 0
1.79791e-17 0.27144 0.72856
0.20081 0.143659 0.655531
0.423222 0.576778 0
0.28153 0.46847 0.25
0.884585 0.115415 0
0.353127 0.063164 0.583709
0.0844251 0.496704 0.418871
0.448819 0 0.551181
0.3229 0.370408 0.306691
