0.389142 0.610858 0
0.12075 0.141545 0.737705
0.341593 0.298783 0.359624
3.69772e-17 7.40451e-17 1
0.924421 0.0755793 0
0.161347 0.518864 0.319789
0.0584182 0.0585188 0.883063
0.504874 0.495126 0
0.276838 3.07351e-17 0.723162
0 0.671055 0.328945
0.696524 0.303476 0
0.013275 0.139007 0.847718
0.261441 0.236965 0.501595
0.662356 0.0876436 0.25
0.195088 0.804912 0
0.512404 0.223653 0.263944
0.627736 0.0435756 0.328688
0.810757 0.189243 0
0.242265 0.507734 0.25
0.296483 0.373266 0.330252
0.886575 0.113425 0
0.272809 0.727191 0
0.350498 0.649502 0
0.176985 0.378274 0.444741
0.0173977 0.472626 0.509976
1 0 0
0 0.428903 0.571097
0.597462 6.63317e-17 0.402538
0.207376 0 0.792624
0.58174 0.41826 0
0 0.75 0.25
0.105767 0.618572 0.275662
0.692306 0 0.307694
0 0.545886 0.454114
0.470226 0.168501 0.361273
0.136058 0.468427 0.395515
0.264683 0.449925 0.285392
0.432779 0.128069 0.439151
0.466392 0.533608 0
0.620066 0.379934 0
0.078179 0.921821 0
0.75 0 0.25
0.401733 0.0932826 0.504984
0.385566 0.215831 0.398602
0.176057 0.164489 0.659454
0.171265 0.0636378 0.765097
0.772725 0.227275 0
0.962237 0.037763 0
0.0638739 0.512736 0.42339
0.502579 0.0682507 0.42917
0.0640675 0.685932 0.25
0.22197 0.0840741 0.693956
0.848734 0.151266 0
0.425046 0.25226 0.322694
0.310124 0.148497 0.54138
0.100098 0.264387 0.635516
0.0244772 0.301966 0.673557
0.184653 0.290757 0.52459
0.174457 0.575543 0.25
0.0114285 0.606999 0.381572
0.734646 0.265354 0
0.139202 0.00825268 0.852545
0.0390835 0.960916 0
0.267528 0.112691 0.619781
2.78956e-17 0.367339 0.632661
0.233997 0.766003 0
0.0774398 0.339248 0.583312
0.453797 0.0120196 0.534183
0.457114 0.292886 0.25
0.0906897 0.432393 0.476918
5.51601e-18 0.198543 0.801457
0.392495 0 0.607505
0 0.0762744 0.923726
0.539857 0.143155 0.316988
0.0765072 0.212978 0.710515
0.0893866 0.10141 0.809204
7.59397e-17 1 0
0.4278 0.5722 0
0.124472 0.361774 0.513754
0.317447 0.0248656 0.657688
0.295713 0.267639 0.436648
0.156226 0.843774 0
0.247874 0.339507 0.412619
0.117155 0.882845 0
0.543347 0.456653 0
0.156644 0.239844 0.603512
0.228703 0.195532 0.575766
0.347843 0.181454 0.470702
0.213536 0.424992 0.361472
0.311625 0.688375 0
0.557209 0.0841183 0.358673
0.587131 0.162869 0.25
0.386404 0.339877 0.273719
0 0.260634 0.739366
0.0743957 8.25958e-18 0.925604
0.340911 0.409088 0.25
0.525173 0 0.474827
0.6583 0.3417 0
0.0840647 0.567406 0.348529
0.353649 0.0695682 0.576783
