0.466642 0.193984 0.339374
0.483852 0.516148 0
0.249163 0.360849 0.389988
0.23405 0.218011 0.547939
0.412152 0 0.587848
0 0.30281 0.69719
0.0973754 0.620633 0.281991
0.683837 0.316163 0
0.0861381 0.563756 0.350106
0.120773 0.359038 0.520189
0.341791 0.0427583 0.615451
0.17771 0.524882 0.297408
0.621451 6.89949e-17 0.378549
0.504168 0.116323 0.379509
0.0186078 0.24085 0.740542
0.26095 0.251145 0.487905
0.255238 0.0919552 0.652807
0.448219 0.301781 0.25
0.24178 0.75822 0
0.250847 0.499153 0.25
0.763267 0.236733 0
0.960594 0.0394057 0
0.20437 0.323275 0.472356
0.167699 0.147239 0.685062
0.403333 0.596667 0
0.419113 0.269907 0.31098
0 0.474012 0.525988
0.0612898 0.68871 0.25
0.322567 0.677433 0
0.921266 0.0787336 0
1.53104e-17 0.188197 0.811803
1 0 0
4.45315e-17 0.547387 0.452613
0.0850141 0.0789997 0.835986
0.376154 0.0912688 0.532577
0.349832 0.196534 0.453633
0.0783295 3.47853e-17 0.92167
9.49357e-18 0.116696 0.883304
0.297493 0.283506 0.419001
0.588207 0.0815263 0.330267
0.212689 0.444804 0.342507
0.320409 0.165887 0.513703
1.7712e-18 1.09251e-16 1
0.282159 0.717841 0
0.443642 0.556358 0
0.120736 0.879264 0
0.448859 0.0773278 0.473813
0.422912 0.150211 0.426876
0.201439 0.798561 0
0.134718 0.480903 0.38438
0.320663 0.429337 0.25
0.37889 0.360555 0.260555
0.287234 0.129818 0.582948
0.549107 0.161922 0.288971
0.167336 0.401737 0.430928
0.317122 0 0.682878
0.604171 0.395829 0
0.0861757 0.437885 0.475939
0.75 0 0.25
0.0899698 0.195318 0.714713
2.34792e-18 0.75 0.25
0.287246 0.399596 0.313157
0.684032 0.0659685 0.25
0.465229 0.0120292 0.522742
0.0610796 0.150268 0.788652
0.382624 0.234718 0.382659
0.124322 0.0164798 0.859198
0.842353 0.157647 0
0.524027 0.475973 0
3.00645e-17 0.369557 0.630443
0.518767 0.231233 0.25
0.111829 0.242155 0.646016
0.723528 0.276472 0
2.73635e-17 1 0
0.0133015 0.0516682 0.93503
0.158574 0.277025 0.564401
0.362963 0.637037 0
0.159957 0.590043 0.25
0.564106 0.435894 0
0.802898 0.197102 0
0.881879 0.118121 0
0.530466 0 0.469534
0.0402143 0.959786 0
0.0600876 0.512619 0.427294
0.0804467 0.919553 0
0.0340499 0.404277 0.561673
0.199325 0.184319 0.616355
0.644021 0.355979 0
0.0740537 0.320525 0.605421
0.161101 0.838899 0
0.2142 0.0639175 0.721882
0.337134 0.320232 0.342633
0.0133344 0.606725 0.379941
0.251951 0 0.748049
0.547159 0.0419907 0.41085
0.186841 0 0.813159
0.61804 0.13196 0.25
1.83448e-17 0.670413 0.329587
0.670606 0.0139805 0.315413
0.138744 0.0995806 0.761676
