0.387449 0.362551 0.25
0.581344 0.168656 0.25
0.0677931 0.484527 0.44768
5.14882e-17 5.95341e-17 1
0.46963 0.53037 0
0.448897 0.168679 0.382425
0.0742072 0.0830972 0.842696
0.491447 0.0866736 0.421879
0.0791018 0.920898 0
0.75 0 0.25
0.850116 0.149884 0
0.275683 0.724317 0
0.355812 0.0312056 0.612983
0.264285 0.451916 0.2838
0.158035 0.841965 0
0.150948 0.331338 0.517713
0.322808 0.427192 0.25
0.130548 0.195569 0.673883
0.222906 0.527094 0.25
0.962603 0.0373967 0
0.887677 0.112323 0
0.169238 0.212377 0.618385
0.237566 0.40346 0.358974
0.600119 0 0.399881
0 1 0
0.154168 0.572315 0.273517
0.925146 0.0748545 0
0.127802 0.285701 0.586497
0.529824 0 0.470176
0.12888 0.0989685 0.772152
0.698965 0.301035 0
0.812609 0.187391 0
0.774859 0.225141 0
0.48586 0.26414 0.25
0.118479 0.881521 0
0.508106 0.491894 0
0.0986739 0.409819 0.491507
0.236612 0.763388 0
0.0642126 0.0138384 0.921949
0.10624 0.528141 0.365619
2.3854e-18 0.644481 0.355519
3.49663e-17 0.75 0.25
0.00568972 0.20132 0.792991
0.354286 0.210385 0.435329
0.182791 0.130792 0.686417
0.217586 0.0616169 0.720797
0.622915 0.377085 0
0.392208 0.607792 0
4.50611e-17 0.277582 0.722418
0.405426 0.131455 0.463118
0.0444691 0.384169 0.571362
0.670487 0 0.329513
4.6776e-17 0.138897 0.861103
0.546334 0.453666 0
0.0578652 0.246316 0.695819
0.072248 0.603349 0.324403
0.211118 0.244095 0.544787
0.127474 0 0.872526
0.189883 0.367829 0.442288
0.317769 0 0.682231
8.48437e-17 0.522648 0.477352
0.572381 0.0602703 0.367348
0.337739 0.339909 0.322351
0.27286 0.0851819 0.641958
1 0 0
0.686385 0.0636149 0.25
0.425551 0.29254 0.281909
0.296899 0.195882 0.507219
0.404929 0.243182 0.351889
1.67704e-18 0.453097 0.546903
0.271748 0.329604 0.398648
0.172748 0.0197825 0.80747
0.197356 0.802644 0
0.353396 0.646604 0
0.242638 0.163861 0.593501
2.33885e-17 0.0694497 0.93055
0.461659 0.0350217 0.503319
0.071637 0.308358 0.620005
0.330948 0.278375 0.390677
0.66109 0.33891 0
0.430939 0.569061 0
0.314609 0.685391 0
0.149135 0.444719 0.406146
0.0181735 0.573012 0.408815
0.584789 0.415211 0
0.319916 0.123285 0.556799
0.0848431 0.165253 0.749904
0.243351 0.284235 0.472413
0.106096 0.643904 0.25
0.736852 0.263148 0
0.620171 0.0950417 0.284788
0.039543 0.960457 0
0.383806 0.0851829 0.531011
0.0308952 0.688813 0.280292
0.533639 0.131273 0.335089
0.502858 0.203825 0.293317
0.185358 0.486548 0.328094
4.07075e-17 0.354831 0.645169
0.24468 0 0.75532
0.425606 0 0.574394
