0.373176 0.278047 0.348777
0.327036 0.359376 0.313588
0.75 0 0.25
0.499416 0.0220705 0.478513
0.463224 0.536776 0
0.253332 0.155655 0.591013
0.360871 0.389129 0.25
0.154256 0.845744 0
3.1781e-17 0.654304 0.345696
0.17865 0.0769583 0.744391
0 0.238805 0.761195
0.140083 0.160564 0.699354
0.308622 0.691378 0
0.65592 0.34408 0
0.923758 0.0762423 0
0.613075 0.03039 0.356535
0.486624 0.263376 0.25
0.0690731 0.0779467 0.85298
0.84747 0.15253 0
0.253023 0.406309 0.340668
0.213365 0.358559 0.428076
0.961911 0.0380885 0
0.089099 0.346662 0.564239
0.54044 0.45956 0
0.115699 0.884301 0
0.578948 0.421052 0
0.192829 0.807171 0
0.0385624 0.961438 0
0.385919 0.614081 0
0.45244 0.230605 0.316955
0.771014 0.228986 0
9.89418e-18 0.111395 0.888605
0.617401 0.382599 0
0.0153474 0.169094 0.815559
0 0.582992 0.417008
0.264301 0.0224347 0.713265
0.251124 0.276789 0.472087
0.672199 7.46291e-17 0.327801
0.0108603 0.513194 0.475946
0.334305 3.71153e-17 0.665695
0.22155 0.490416 0.288034
0.114192 0.635808 0.25
0.347259 0.652741 0
0.217601 0 0.782399
0.269987 0.730013 0
0.0876791 0.599146 0.313175
0.296881 0.0741751 0.628944
0.498011 0.153336 0.348653
0.580057 0.104695 0.315248
0.128643 0.266637 0.60472
0.694375 0.305625 0
0.0595229 0.287903 0.652575
0.424568 0.575432 0
0.0402103 0.68789 0.271899
0.682699 0.0618835 0.255417
0.416668 0.319697 0.263635
0.332578 0.236977 0.430445
0.168612 0.19755 0.633838
1 0 0
0.0732001 0.208593 0.718207
0.0625196 0.552603 0.384877
0.219549 0.111532 0.668919
0.37347 0.154699 0.471831
4.85723e-17 1 0
0.414558 0.0743745 0.511067
0.293131 0.19512 0.511749
0.455837 0.111272 0.432891
0.148618 0.024879 0.826503
0.210805 0.235395 0.5538
0.00452681 0.382442 0.613032
0.0635869 0.423565 0.512848
0.569038 6.31759e-17 0.430962
0.100266 0.120894 0.778841
0.290117 0.459883 0.25
0.187849 0.562151 0.25
0 0.75 0.25
0.176574 0.441191 0.382235
0.451763 5.01557e-17 0.548237
0.615782 0.134218 0.25
0.0771277 0.922872 0
0 0.453404 0.546596
0.809298 0.190702 0
0 0.313209 0.686791
0.141498 0.519708 0.338794
0.381857 0.0219832 0.596159
0.413793 0.193202 0.393006
0.0962678 0.474877 0.428855
2.275e-18 1.08747e-16 1
0.102116 1.13371e-17 0.897884
0.290757 0.318819 0.390425
0.532061 0.0744466 0.393492
0.501874 0.498126 0
0.544197 0.193683 0.262119
0.33623 0.111209 0.55256
0.136791 0.392366 0.470843
0.885622 0.114378 0
0.732708 0.267292 0
0.0261172 0.0353816 0.938501
0.231406 0.768594 0
0.170032 0.313557 0.516412
