0.206038 0 0.793962
0.144089 0.0511436 0.804767
0.922406 0.0775938 0
0.103914 0.618482 0.277603
0.186663 0.445582 0.367755
0.178258 0.241184 0.580558
0.150631 0.849369 0
0.336954 0.162337 0.500709
0.40909 4.54181e-17 0.59091
0.572339 0.427661 0
0.53357 0.46643 0
0 1 0
0.23488 0.349036 0.416084
0.26464 0.73536 0
0.105442 0.375085 0.519473
0.674412 0 0.325588
0.59041 0.15959 0.25
0.263092 0.400493 0.336415
0.0672885 0.573777 0.358934
0.00155618 0.606535 0.391909
0.688983 0.311017 0
0.374447 0.0893748 0.536179
0.225835 0.49546 0.278706
0.494932 0.505068 0
0.314019 0.294273 0.391708
0.144199 0.529131 0.326669
1 0 0
1.70951e-17 0.146913 0.853087
0.75 8.32667e-17 0.25
0.0706231 0.0936536 0.835723
0.844718 0.155282 0
0.484657 0.0975503 0.417792
0.179181 0.570819 0.25
0.598819 6.64822e-17 0.401181
0 0.542216 0.457784
6.21723e-17 0.472744 0.527256
0.565118 0.0742246 0.360657
0.285258 0.251362 0.46338
0.104346 0.142092 0.753562
0.398664 0.244104 0.357232
0.0710824 0.225609 0.703309
0.17955 0.110411 0.710039
2.69143e-19 5.5242e-17 1
0.0997677 0.492121 0.408112
0.402765 0.347235 0.25
0.29741 0.121127 0.581463
0.188544 0.811456 0
0.154655 0.399145 0.446201
0.1425 0.193389 0.664111
0.961212 0.038788 0
0.33387 0.390185 0.275946
0.0318982 0.400373 0.567729
0.611156 0.388844 0
0.477918 0 0.522082
0.0236116 0.188138 0.78825
0.438544 0.0699913 0.491465
0.670221 0.079779 0.25
0.226465 0.773535 0
0 0.75 0.25
0.254226 0.205541 0.540233
0.0968432 0.282073 0.621084
0.341043 0.658957 0
0.766897 0.233103 0
0 0.369817 0.630183
0.0684226 0.450925 0.480653
0.515924 0.234076 0.25
0.117808 0 0.882192
0.218392 0.158525 0.623082
0.0753156 0.924684 0
0.477842 0.191996 0.330163
5.59949e-17 0.081551 0.918449
0.112939 0.887061 0
0.441711 0.159925 0.398364
0.228759 0.0350163 0.736224
0.260243 0.080204 0.659553
0.302861 0.697139 0
0.0652909 0.684709 0.25
0.650046 0.349954 0
0.634869 0.0589091 0.306222
0 0.672252 0.327748
0.304158 0 0.695842
0.883581 0.116419 0
0.445606 0.27944 0.274954
0.456383 0.543617 0
0.134497 0.318037 0.547466
0.342137 0.0333393 0.624524
0.805862 0.194138 0
0.0376348 0.962365 0
0.530294 0.0168137 0.452892
0.0513649 0.0151346 0.9335
0.727943 0.272057 0
0.379459 0.620541 0
0.368691 0.197811 0.433498
0.292081 0.457919 0.25
0.207882 0.297135 0.494982
0.352682 0.321702 0.325616
0.543952 0.139812 0.316235
0.0235745 0.309634 0.666791
3.02451e-17 0.259923 0.740077
0.417915 0.582085 0
