0.3798 0.6202 0
0.147164 0.118161 0.734675
0.320134 0.429866 0.25
0 0 1
0.18911 0.81089 0
0.0744185 0.501356 0.424226
0.0377285 0.962272 0
0.668796 0 0.331204
0.144682 0.305277 0.550042
0.75 0 0.25
0.0996579 1.10642e-17 0.900342
0.341791 0.367602 0.290607
0.310037 0.152874 0.537089
0.269627 0 0.730373
0.843781 0.156219 0
0.0903534 0.209729 0.699917
0.303342 0.696658 0
0.533539 0.466461 0
0.213112 0.536888 0.25
0.241107 0.413059 0.345834
0.165012 0.235033 0.599954
0.475599 0.170268 0.354133
0.295958 0.333548 0.370494
0.649375 0.350625 0
0.270079 0.111275 0.618646
0.960888 0.0391118 0
0.480426 0.269573 0.25
0.113302 0.886698 0
0.197724 0.0304068 0.77187
0.585231 0.164769 0.25
0.0613788 0.627497 0.311124
0.349643 0.0726174 0.57774
0.550764 0.120086 0.329149
3.49712e-17 0.536693 0.463307
0.101043 0.269123 0.629834
0.418074 0.581926 0
0.22709 0.77291 0
0.414963 0.335037 0.25
0.205415 0.374938 0.419646
2.81927e-17 1 0
0.80468 0.19532 0
0.690333 0.059667 0.25
0.114883 0.41095 0.474167
0.76573 0.23427 0
0.500826 0 0.499174
0.229682 0.0770654 0.693253
0.0674351 0.162104 0.770461
0.921817 0.0781834 0
0 0.261998 0.738002
0.354256 0.182885 0.462859
0.0355727 0.115842 0.848585
0 0.438673 0.561327
1.24432e-17 0.190962 0.809038
0.688092 0.311908 0
0.175112 0.334582 0.490306
0.24543 0.241056 0.513514
0.511725 0.207708 0.280567
0.410091 0.214603 0.375305
0.145143 0.596774 0.258083
0.441721 0.123332 0.434947
0.15268 0.455418 0.391902
0.151185 0.848815 0
0.88276 0.11724 0
0.0100047 0.595467 0.394528
0.514933 0.0765215 0.408545
0.265166 0.734834 0
0.49495 0.50505 0
0.385377 0.287769 0.326854
0.0770948 0.672905 0.25
1.89477e-17 0.672077 0.327923
0.180691 0.499993 0.319317
0 0.75 0.25
0.102927 0.549022 0.34805
0.0264372 0.303111 0.670452
0.398882 0.0981768 0.502942
0 0.371665 0.628335
0.438403 0.023934 0.537663
0.261517 0.464818 0.273665
0.182971 0.158375 0.658653
0.572065 0.427935 0
0.0378147 0.459587 0.502598
0.317137 0.021296 0.661567
0.331469 0.255037 0.413494
0.0716318 0.354806 0.573563
0.45651 0.54349 0
1 0 0
0.0754697 0.92453 0
0.260899 0.289843 0.449258
0.0358345 0.0279898 0.936176
0.229048 0.193029 0.577923
0.627671 0.0916121 0.280717
0.565942 0 0.434058
0.610669 0.389331 0
1.0645e-17 0.0918092 0.908191
0.726822 0.273178 0
0.341537 0.658463 0
0.388677 0 0.611323
0.163368 5.44125e-17 0.836632
0.112403 0.0744723 0.813124
0.599717 0.0346133 0.36567
