0.575196 0.164244 0.260561
0.312953 0.687047 0
0.340756 0.318646 0.340598
0.184613 0.271756 0.543631
0.065934 0.200883 0.733183
0.506076 0.493924 0
0.735504 0.264496 0
0.26025 0.0257277 0.714022
0.0805709 0.573965 0.345464
0 0.235084 0.764916
0.169949 0.516952 0.313099
0.320014 0 0.679986
0.199524 0.550476 0.25
0.0237381 0.164114 0.812148
0.221044 0.202111 0.576845
0.45198 0.169146 0.378875
0.00938583 0.479846 0.510768
0.428966 0.571034 0
0.0803046 0.0735646 0.846131
0.309081 0.143579 0.54734
0.139369 0.000640975 0.85999
0.070052 2.3332e-17 0.929948
0.659304 0.340696 0
0.0392008 0.960799 0
0.418727 0.125975 0.455298
0.263863 0.359056 0.377081
0.494028 0.0812679 0.424704
0.136502 0.479374 0.384124
0.273972 0.726028 0
0.0784431 0.921557 0
0.378652 0.22291 0.398438
0.061078 0.519911 0.419011
0.41961 9.31722e-17 0.58039
0.266428 0.231457 0.502115
0.0271788 0.344857 0.627964
0.773491 0.226509 0
0.532397 0.120539 0.347065
0.461761 0.0299209 0.508318
4.21479e-18 0.41788 0.58212
0.697471 0.302529 0
0.125796 0.602421 0.271783
0.23495 0.76505 0
0.390273 0.609727 0
0.887079 0.112921 0
0.849346 0.150654 0
0.645505 0.104495 0.25
7.56458e-18 0.75 0.25
1.05434e-16 1 0
0.575365 0.0253361 0.399299
8.32556e-17 8.32778e-17 1
0.177952 0.0672496 0.754798
0.303805 0.272573 0.423622
0.645562 0 0.354438
0.224703 0.314826 0.46047
0.411873 0.266988 0.321139
0.271408 0.119267 0.609324
0.924722 0.0752778 0
0.14527 0.352362 0.502368
1 0 0
0.306886 0.406055 0.287059
0.156809 0.843191 0
0.621064 0.378936 0
0.344749 0.18051 0.474742
0.086885 0.663115 0.25
6.6183e-17 0.627721 0.372279
0.443092 0.306908 0.25
0.544547 0.455453 0
0.0143781 0.0623825 0.923239
0.272425 0.477575 0.25
0.81146 0.18854 0
0.381567 0.0858471 0.532586
0.0968816 0.437662 0.465456
0 0.305236 0.694764
0.75 0 0.25
0.107332 0.110863 0.781806
0.605146 0.0760149 0.318839
0.467583 0.532417 0
0.486188 0.204287 0.309525
0.117656 0.882344 0
0.0163558 0.681861 0.301783
0.342398 0.0402223 0.61738
0.211197 7.03426e-17 0.788803
0.225568 0.100705 0.673727
0 0.552998 0.447002
0.0873977 0.250579 0.662023
0.181331 0.398031 0.420638
0.14144 0.151287 0.707272
0.515387 0.234613 0.25
0.1959 0.8041 0
0.223475 0.43955 0.336975
0.962365 0.0376353 0
0.112471 0.298692 0.588837
0.351651 0.648349 0
0.689477 0.0303022 0.280221
0.171025 0.188741 0.640233
4.55147e-17 0.124108 0.875892
0.375551 0.374449 0.25
0.531179 5.89727e-17 0.468821
0.0699628 0.385942 0.544095
0.582849 0.417151 0
