0.802652 0.197348 0
0.670163 0 0.329837
0.0719249 0.415089 0.512986
0.234439 0.477871 0.28769
0.110699 0.330695 0.558606
0 0.333843 0.666157
7.3203e-18 0.573503 0.426497
0.205819 0.544181 0.25
0.259309 0.250108 0.490583
0.11553 0.101755 0.782715
0.603961 0.396039 0
0.0785702 0.182431 0.738998
0.501872 0.248128 0.25
0.358973 0.012898 0.628129
0.881703 0.118297 0
0.474554 0.07064 0.454806
0.138677 0.611323 0.25
0.842218 0.157782 0
0.282715 0.717285 0
0.64382 0.35618 0
0.0228118 0.37947 0.597718
0.161375 0.0122897 0.826335
0.431881 4.79484e-17 0.568119
0.689828 0.0601717 0.25
0.683585 0.316415 0
0.197536 0.0620989 0.740365
0.523938 0.476062 0
0.154108 0.504425 0.341467
0.0238925 0.152636 0.823472
0.304692 1.01483e-16 0.695308
0.103643 0 0.896357
0.146293 0.380132 0.473576
0.507152 0 0.492848
0.281539 0.297798 0.420663
0.307972 0.340026 0.352002
0.363291 0.636709 0
0.414788 0.228212 0.357001
0.0727898 0.671669 0.255541
0.0722335 0.536537 0.391229
0.218053 0.344918 0.437029
0.0270558 0.264465 0.708479
0.342455 0.264199 0.393345
0.57596 0.17404 0.25
0.188072 0.427244 0.384683
0.354685 0.378497 0.266818
0.158396 0.13852 0.703084
1 0 0
0.480344 0.191573 0.328083
0.0745701 0.0702043 0.855226
0.263749 0.40371 0.332541
0.305615 0.444385 0.25
0.563952 0.436048 0
0 1 0
0.519914 0.0962535 0.383833
0.323005 0.676995 0
0.202026 0.797974 0
0.921148 0.0788516 0
0.336285 0.0886356 0.575079
0.403514 0.596486 0
0.268446 0.128223 0.603331
0.0404235 0.959577 0
0.242407 0.757593 0
0 0.450673 0.549327
0.723344 0.276656 0
0.0252235 0.62139 0.353386
0.438172 0.150812 0.411016
0.029191 0.0313594 0.93945
0 0.685589 0.314411
0.763007 0.236993 0
0.0823133 0.291638 0.626049
0.75 0 0.25
0.384189 0.125228 0.490583
0.301614 0.171292 0.527094
0.16164 0.83836 0
0.248379 0.0812416 0.670379
0.483828 0.516172 0
0.353918 0.198314 0.447768
0 0.2217 0.7783
0 0.10581 0.89419
0.0808342 0.919166 0
0.180143 0.295151 0.524706
0 0.75 0.25
0.443712 0.556288 0
0.212047 0.220137 0.567816
0.550378 0.137248 0.312374
0.628264 0.099571 0.272165
0.601104 0.044213 0.354683
0.189914 0.177834 0.632252
0.0182396 0.502827 0.478934
0 0 1
0.391046 0.295384 0.31357
0.232305 2.5791e-17 0.767695
0.427886 0.322114 0.25
0.960572 0.039428 0
0.105518 0.580072 0.31441
0.121253 0.878747 0
0.575112 0 0.424888
0.41228 0.0568635 0.530856
0.107062 0.461732 0.431206
0.119333 0.224678 0.655989
