0.615759 0 0.384241
0.384182 0.615818 0
1.59831e-20 4.16174e-17 1
0.549929 0.200071 0.25
0.18154 0.375204 0.443256
0.290874 0.134915 0.574212
0.142632 0.320935 0.536433
0.297947 0.373813 0.32824
0.577393 0.422607 0
0.0837192 0.16913 0.747151
0.511404 0 0.488596
0.581834 0.0833295 0.334836
0.215169 0.534831 0.25
0.114842 0.885158 0
0.0382407 0.961759 0
0.0895351 0.281313 0.629152
0.337044 0.174643 0.488313
0.210399 0.166722 0.62288
0.405129 0.344871 0.25
8.57808e-18 1 0
0.268463 0.731537 0
0.276303 0 0.723697
0.153213 0.846787 0
0.104701 0 0.895299
0.0287995 0.143842 0.827358
0.885222 0.114778 0
0.500115 0.499885 0
0.478382 0.271046 0.250572
0.0354943 0.249292 0.715213
0.961739 0.038261 0
0.846856 0.153144 0
0.0799653 0.456536 0.463499
0.693255 0.306745 0
0.68286 0 0.31714
0.438477 0.0274607 0.534062
0.667798 0.0655788 0.266623
0.247866 0.0850897 0.667045
0.439312 0.227309 0.333379
0.770152 0.229848 0
0.385593 0.209766 0.404641
0.422781 0.577219 0
2.77072e-17 0.67503 0.32497
2.71606e-18 0.316628 0.683372
0.208546 0.0379595 0.753494
0.298077 0.250859 0.451065
0.109344 0.394884 0.495772
0.176539 0 0.823461
0.538772 0.461228 0
0.144896 0.598065 0.257039
0.322878 0.0633846 0.613738
0.461408 0.538592 0
5.14729e-18 0.600052 0.399948
0.124688 0.0897482 0.785563
0.076509 0.673491 0.25
0.17452 0.505974 0.319506
0.230006 0.769994 0
0.126578 0.205831 0.667591
0.0658438 0.352306 0.58185
4.28957e-18 0.500061 0.499939
3.07844e-17 0.75 0.25
0.75 0 0.25
0.0311389 0.0292835 0.939578
0.0215817 0.432824 0.545594
0.059311 0.629562 0.311127
0.731767 0.268233 0
0.34237 0 0.65763
0.408485 0 0.591515
0.258917 0.333617 0.407465
0.37978 0.31315 0.30707
0.495376 0.123802 0.380822
0.21781 0.29067 0.49152
0.923474 0.0765264 0
0.331071 0.418929 0.25
0.17316 0.24535 0.581491
0.0796618 0.0642121 0.856126
0.616058 0.383942 0
0.341069 0.285104 0.373826
0.261585 0.463971 0.274445
0.133464 0.471001 0.395536
0.654676 0.345324 0
0.217216 0.421949 0.360835
0.521889 0.16776 0.310351
0.463158 0.0771248 0.459718
0.0377563 0.532199 0.430045
0.0765083 0.923492 0
0.377392 0.100408 0.5222
0.621585 0.128415 0.25
3.30879e-18 0.385726 0.614274
0.168499 0.12458 0.706921
1 0 0
0.191597 0.808403 0
0.808536 0.191464 0
0.25343 0.211302 0.535269
8.82251e-19 0.102849 0.897151
0.307009 0.692991 0
0.345547 0.654453 0
0.422825 0.146191 0.430984
8.75163e-18 0.213216 0.786784
0.546126 0.0346883 0.419185
0.0940639 0.555719 0.350218
