7.6114e-18 1 0
0.102456 0.0530342 0.844509
0.245288 0.754712 0
0.278539 0.411961 0.309499
0.345262 0.0942474 0.560491
0.0797233 0 0.920277
0.0258456 0.422265 0.55189
0.123025 0.25203 0.624946
1.83753e-18 0.0610121 0.938988
0.0314881 0.533904 0.434608
0.389868 0.0107784 0.599353
0.309589 0.440411 0.25
0.202957 0.457322 0.339721
0.961081 0.0389185 0
0.329202 0.337459 0.333339
0.726114 0.273886 0
0.407127 0.592873 0
0.567425 0.432575 0
0.514115 0.0169718 0.468913
0.283358 0.291123 0.425519
0.355677 0.233449 0.410874
0.0886629 0.564605 0.346732
0.599524 0.112788 0.287688
0.170322 0.537305 0.292373
6.02816e-17 0.377717 0.622283
0.326204 0.673796 0
0.36673 0.63327 0
0.515931 0.146433 0.337636
0.296942 0.0606537 0.642404
0.690386 0 0.309614
0.200772 0.333394 0.465834
0.804661 0.195339 0
0.0820578 0.917942 0
0.549935 0.0725764 0.377488
0.140671 0.113502 0.745827
0.290228 0.167291 0.542481
0.204733 0.795267 0
0.322111 0.198282 0.479607
0.0581465 0.691853 0.25
1.80944e-17 0.600794 0.399206
0.0248572 0.0999643 0.875178
0.424858 0.306211 0.268932
0.218884 0.0841678 0.696948
0.239754 0.510246 0.25
0.460389 0 0.539611
0.0794635 0.453888 0.466648
0.116865 0.376789 0.506345
0.162041 0.414091 0.423868
0.765483 0.234517 0
0.447307 0.552693 0
0.567459 0.182541 0.25
0 0.170894 0.829106
0.0386421 0.301445 0.659913
0.379417 0.370583 0.25
2.74065e-19 1.10748e-16 1
8.3943e-18 0.278718 0.721282
0.252993 0.131852 0.615155
0.38453 0.268281 0.347189
0.205511 0.211518 0.582971
0.646855 0.353145 0
0.607067 0.392933 0
0.495856 0.254144 0.25
0.843993 0.156007 0
0.627838 0.0287541 0.343408
0.258705 0 0.741295
0.75 0 0.25
0.165073 0 0.834927
0.243021 0.251507 0.505472
0.473058 0.101968 0.424974
0 0.75 0.25
0.184421 0.0392104 0.776369
0.686659 0.313341 0
1 0 0
0.391726 0.143428 0.464846
0.487256 0.512744 0
0.123099 0.876901 0
0.243039 0.371618 0.385343
0.122168 0.493206 0.384626
0.144213 0.605787 0.25
0.172499 0.16523 0.662271
0.0721915 0.138628 0.789181
0.161244 0.293671 0.545084
0.431922 0.182081 0.385998
0.424707 0.0680852 0.507208
0.0962142 0.201011 0.702775
0.330526 0 0.669474
0.164092 0.835908 0
0.883029 0.116971 0
0.0410214 0.958979 0
0.668773 0.0812265 0.25
2.02013e-17 0.670749 0.329251
0.92209 0.0779099 0
0.467569 0.220064 0.312366
0.0691035 0.631162 0.299735
1.48423e-17 0.492811 0.507189
0.0237621 0.219518 0.75672
0.527512 0.472488 0
0.285785 0.714215 0
0.0802327 0.336863 0.582904
0.583572 0 0.416428
