0.498593 0.161859 0.339548
0.303481 0.696519 0
0.688417 0.0288517 0.282732
0.0742092 0.0947823 0.831009
0.336909 0.389721 0.273371
0.181482 0.00486008 0.813658
0.404164 0.150559 0.445277
0.429663 0.191192 0.379145
0.601814 0.0641612 0.334025
0.610821 0.389179 0
0.113421 0.886579 0
0.288291 0.461709 0.25
0.320259 0.0726861 0.607055
1.63487e-17 0.6379 0.3621
0.135407 0.204804 0.659789
0.239987 0.372126 0.387887
0.644815 7.15889e-17 0.355185
0.522471 0.0926936 0.384835
0.177136 0.117018 0.705845
0.0191733 0.501275 0.479552
0.577546 0.137131 0.285323
0.0986786 0.154064 0.747258
6.14165e-17 0.569502 0.430498
0.546915 0.203085 0.25
0.0722548 0.416247 0.511499
0.167804 0.261124 0.571072
0.573546 6.36764e-17 0.426454
0.282065 0.280652 0.437283
0.321957 0.19358 0.484463
1 0 0
0.207844 0.178431 0.613725
0.379941 0.620059 0
0 0 1
0.649525 0.350475 0
0.151331 0.848669 0
0.159901 0.498651 0.341448
0.227267 0.772733 0
0.284361 0.0239934 0.691646
5.54693e-18 0.0700261 0.929974
0.265311 0.734689 0
0.805026 0.194974 0
0.0378069 0.962193 0
0.0755997 0.9244 0
0.404101 0.345899 0.25
0.189283 0.810717 0
0.149836 0.597074 0.25309
0.354564 0.240714 0.404722
0.026666 0.378656 0.594678
0.115451 0.335931 0.548618
0.0699849 0.539412 0.390603
0.495161 0.504839 0
0.475511 0.274489 0.25
0.404737 0.0250672 0.570196
0.34164 0.65836 0
0.381699 0.290837 0.327465
0.212251 0.317063 0.470686
2.5629e-17 1 0
3.56223e-17 0.449707 0.550293
0.0838618 0.29145 0.624688
0.727283 0.272717 0
8.63594e-18 0.33696 0.66304
0.688409 0.311591 0
0.75 0 0.25
1.10968e-17 0.140089 0.859911
0.440279 0.0811468 0.478574
0.844008 0.155992 0
0.882982 0.117018 0
0.105728 0.462541 0.431731
0.358062 3.97529e-17 0.641938
0.471848 0 0.528152
0.766106 0.233894 0
0.0166302 0.191841 0.791529
0.120354 1.3362e-17 0.879646
0.180789 0.421277 0.397934
0.456692 0.543308 0
0.247772 0.434505 0.317723
0.02015 0.683863 0.295987
0.418314 0.581686 0
0.242647 0.0976987 0.659655
0.243567 0.232077 0.524356
0.216448 0.533552 0.25
0.921989 0.0780113 0
0.362231 0.11059 0.527178
0.247469 2.74746e-17 0.752531
0.282203 0.149229 0.568568
0 0.75 0.25
0.960992 0.0390076 0
0.0863233 0.663677 0.25
0.572167 0.427833 0
2.08742e-17 0.263523 0.736477
0.0611794 0.0218138 0.917007
0.507125 0.0353763 0.457499
0.309671 0.336008 0.354321
0.453512 0.239565 0.306923
0.648755 0.101245 0.25
0.0620135 0.236796 0.701191
0.147589 0.373112 0.479299
0.149572 0.070872 0.779556
0.53357 0.46643 0
0.102117 0.57822 0.319663
