0.537591 0.0351651 0.427244
0.418518 0 0.581482
0.0126047 0.191091 0.796304
0.631672 0.368328 0
0.10048 0.275889 0.623631
0.158772 0.591228 0.25
0.18266 0.106021 0.711318
2.33284e-18 0.262399 0.737601
0.0961586 0.620049 0.283793
0.212789 0.527206 0.260005
0.0141373 0.319736 0.666127
0.835658 0.164342 0
0.249709 0.0746574 0.675634
0.32317 0.0548376 0.621993
0.603431 0 0.396569
0.0688337 0.10034 0.830826
0.357277 0.273779 0.368943
0.116832 0.883168 0
0.179277 0.496778 0.323945
3.39914e-17 0.673959 0.326041
0.754013 0.245987 0
3.47206e-18 0.390537 0.609463
0.0997225 0.5411 0.359177
0.672311 0.327689 0
0.192663 0 0.807337
1 0 0
1.28563e-19 5.53826e-17 1
0.437412 0.234982 0.327607
0.344739 0.159664 0.495597
0.0673284 0.22851 0.704161
0.273193 0.726807 0
0.0694603 0.356323 0.574216
0.917757 0.0822431 0
0.100291 0.408123 0.491586
0.586815 0.163185 0.25
0.294851 0.123732 0.581417
0.481528 0.268472 0.25
0.876661 0.123339 0
1.17068e-18 0.131678 0.868322
0.511966 0 0.488034
0.233929 0.766071 0
0.431134 0.568866 0
0.0620224 0.687978 0.25
4.26278e-17 0.511943 0.488057
0.0389232 0.961077 0
0.0662182 0.490017 0.443765
3.78265e-17 0.75 0.25
0.713031 0.286969 0
0.794891 0.205109 0
0.0403106 0.607994 0.351696
0.34238 0 0.65762
0.426964 0.120045 0.45299
0.197162 0.340504 0.462334
0.471032 0.528968 0
0.317399 0.346735 0.335867
0.591324 0.408676 0
0.392961 0.196018 0.411021
0.372385 0.377615 0.25
0.477588 0.162479 0.359932
0.312508 0.687492 0
0.391451 0.608549 0
0.510969 0.489031 0
0.14304 0.190693 0.666266
0.153523 0.0666688 0.779808
0.0810716 0 0.918928
0.376993 0.0826727 0.540335
0.263269 0.19777 0.538961
0.658689 0 0.341311
0.100262 0.148637 0.751101
0.45336 0.0412958 0.505344
0.75 0 0.25
0.17527 0.393673 0.431057
0.181901 0.236053 0.582045
0.14499 0.316647 0.538363
0.68665 0.0376301 0.27572
0.155736 0.844264 0
0.266366 0 0.733634
7.02821e-18 1 0
0.551101 0.448899 0
0.0176675 0.444507 0.537825
0.229593 0.418539 0.351868
0.646552 0.103448 0.25
0.00835222 0.0589934 0.932654
0.504815 0.101018 0.394167
0.407762 0.312762 0.279476
0.194724 0.805276 0
0.580199 0.0867555 0.333045
0.219177 0.155445 0.625378
0.310016 0.237762 0.452222
0.301477 0.40976 0.288763
0.351969 0.648031 0
0.116251 0.0239232 0.859826
0.229776 0.271834 0.49839
0.273032 0.3187 0.408269
0.140075 0.460638 0.399287
0.276703 0.473297 0.25
0.958811 0.0411893 0
0.0778558 0.922144 0
0.523842 0.193723 0.282435
4.83553e-17 0.580728 0.419272
