0.226613 0.773387 0
0.0762571 0.0710524 0.85269
0.598939 0.401061 0
0.324769 0.161777 0.513453
0.337995 0.0687248 0.59328
0.0378557 0.962144 0
0.0320887 0.0294121 0.938499
0.116812 0.451381 0.431806
0.424408 0.0253739 0.550218
0.75 8.32667e-17 0.25
0.285015 0.1364 0.578585
0.107301 0.229193 0.663506
0.374996 0 0.625004
0.197793 0.179101 0.623106
8.25518e-18 0.105184 0.894816
0.189001 0.810999 0
0.632905 0.117095 0.25
2.77898e-17 0.354086 0.645914
0.688975 0.0374792 0.273546
0.473257 0.276743 0.25
0.222076 0.527924 0.25
4.68906e-17 0.597459 0.402541
0.646897 0 0.353103
0.0750354 0.40467 0.520294
0.562112 0.437888 0
0.120155 0.567939 0.311906
0.525218 0.474782 0
0.281722 0.248698 0.469579
0.238111 0 0.761889
0.0148391 0.27903 0.706131
0.203063 0.415602 0.381335
0.451131 0.548869 0
0.324218 0.425782 0.25
0.745742 0.254258 0
0.248811 0.0952278 0.655961
0.252647 0.458564 0.28879
0.152975 0.260346 0.586679
0.03055 0.47855 0.4909
0.96374 0.03626 0
0.413923 0.586077 0
0.569793 6.32597e-17 0.430207
0.0441645 0.61867 0.337166
0.0661446 0.312012 0.621843
0.782128 0.217872 0
0.553073 0.196927 0.25
0.157489 0.144749 0.697762
0.108873 0.339019 0.552108
0.0814643 0.5266 0.391936
0.0743511 0.186574 0.739075
0.365531 0.196886 0.437583
0.0756951 0.924305 0
0.709218 0.290782 0
0.492686 5.46991e-17 0.507314
0.672572 0.327428 0
0.818635 0.181365 0
0.167226 0.491933 0.340841
5.4027e-17 0.688388 0.311612
0.531263 0.0584608 0.410276
0.388271 0.25052 0.361209
0.196464 0.296222 0.507314
0.891262 0.108738 0
0.301693 0.698307 0
0.466368 0.0814845 0.452147
0.450072 0.154079 0.39585
0.151082 0.598918 0.25
0.395139 0.112013 0.492849
0.107859 2.39496e-17 0.892141
0.0800895 0.66991 0.25
0.607206 0.0742948 0.318499
0.0223243 0.154195 0.82348
0.635783 0.364217 0
0.284181 0.376015 0.339804
1 0 0
0.165689 0.0137102 0.8206
0.15128 0.84872 0
1.76218e-17 0.224529 0.775471
0.317037 0.290815 0.392148
8.09338e-18 0.75 0.25
0.239514 0.334609 0.425877
0.157537 0.374663 0.4678
0.264234 0.735766 0
0.443222 0.227571 0.329207
0.927524 0.0724756 0
0.855004 0.144996 0
0.362198 0.326889 0.310912
0.376515 0.623485 0
3.66209e-17 1 0
0.398738 0.351262 0.25
4.22597e-17 0.538454 0.461546
0.300883 0.009574 0.689543
0.200595 0.0672786 0.732127
0.116358 0.104699 0.778943
3.37428e-17 0.429935 0.570065
1.07065e-16 3.95722e-18 1
0.512905 0.179428 0.307667
0.33914 0.66086 0
0.238346 0.215792 0.545862
0.488124 0.511876 0
0.54518 0.111978 0.342842
0.113538 0.886462 0
