0.208056 0.265593 0.526351
0.642562 0.107438 0.25
0.75 0 0.25
3.05191e-17 0.75 0.25
2.37364e-17 0.583317 0.416683
0.266466 0.377018 0.356516
0.279181 0.224429 0.49639
0.0339 0.421059 0.545041
0.461968 0.0631434 0.474888
0.411936 0.338064 0.25
0.112615 0.390128 0.497257
0.349761 0.650239 0
0.116965 0.883035 0
4.97513e-18 0.122263 0.877737
0.656893 0.343107 0
0.155047 0.228507 0.616447
0.315051 0.136362 0.548587
0.233638 0.766362 0
0.190475 0.146733 0.662792
0.390178 0.0930474 0.516775
0.147217 0.106442 0.74634
0.311123 0.688877 0
0.505759 0.0952462 0.398995
0.570293 0.179707 0.25
0.185197 0.0228257 0.791977
0.139218 0 0.860782
0.0683428 0.27402 0.657637
1.26208e-17 0.310152 0.689848
0.504133 0.245867 0.25
0.27604 0.0949514 0.629009
0.180049 0.541081 0.27887
0.0199139 0.238789 0.741297
0.255889 2.84094e-17 0.744111
0.339593 0.315811 0.344596
0.0982994 0.574554 0.327147
0.961861 0.0381385 0
0.847508 0.152492 0
0.19484 0.80516 0
0.107207 0.192087 0.700706
0.490016 0 0.509984
1.96941e-17 0.483978 0.516022
0.139395 0.610605 0.25
7.77483e-18 0.191065 0.808935
1.55158e-17 0.381296 0.618704
0.0305243 0.518395 0.451081
0.0389856 0.961014 0
0.423234 0 0.576766
0.076563 0.336979 0.586458
0.608056 0.0827291 0.309215
0.127791 0.505354 0.366855
0.885592 0.114408 0
0.355578 0.0434523 0.60097
0.218477 0.457575 0.323948
0.272431 0.727569 0
0.312989 0.437011 0.25
0.432028 0.272344 0.295628
0.809442 0.190558 0
0.313096 0.271389 0.415515
0.39013 0.230121 0.379749
0.50375 0.49625 0
0.244833 0.317507 0.43766
0.182244 0.350593 0.467163
0.0674143 0.150744 0.781842
0.229244 0.0666797 0.704076
0.173821 0.42193 0.404249
0.0738054 0.669586 0.256608
0.0779733 0.922027 0
0.32719 0 0.67281
0.23657 0.182142 0.581288
0.582629 0.0388449 0.378526
0.465336 0.534664 0
0.0295913 0.6168 0.353609
0.155899 0.844101 0
0.923727 0.0762726 0
0.69506 0.30494 0
7.13323e-17 3.969e-17 1
0.247405 0.502595 0.25
0.467103 0.188878 0.344018
1 0 0
0.38831 0.61169 0
0 1 0
0.733281 0.266719 0
0.537086 0.140962 0.321952
0.353502 0.182352 0.464147
0.347451 0.372504 0.280046
0.542165 0.457835 0
0.427681 0.144378 0.42794
0.138897 0.305277 0.555827
0.580418 0.419582 0
0.771375 0.228625 0
2.78976e-17 0.685577 0.314423
0.618664 0.381336 0
0.0924914 0.0753378 0.832171
0.09542 0.465553 0.439027
0.0203697 0.0621356 0.917495
0.690557 0.0352001 0.274243
0.0696216 0 0.930378
0.653437 0 0.346563
0.556683 0 0.443317
0.426862 0.573138 0
