0.246557 0 0.753443
0.64566 0.104339 0.25
0.257148 0.296037 0.446816
0.0605033 0.140164 0.799333
3.02164e-17 9.46837e-17 1
0.767484 0.232516 0
0.0168104 0.427025 0.556165
0.17487 0.00952858 0.815602
0.375882 0 0.624118
0.612369 0.387631 0
1.33633e-17 0.163114 0.836886
0.845039 0.154961 0
0.457928 0.542072 0
0.496372 0.503628 0
0.151778 0.848222 0
0.444075 0 0.555925
0.297718 0.120334 0.581948
0.0405468 0.0211983 0.938255
0 0.75 0.25
0.113824 0.886176 0
0.689892 0.310108 0
0.359144 0.0680953 0.57276
0.155479 0.238527 0.605994
0.227947 0.772053 0
0.210935 0.265152 0.523913
0.13679 0.549694 0.313516
0.137784 0.427179 0.435037
1.90028e-17 0.23195 0.76805
0.0464756 0.254647 0.698878
0.063949 0.468529 0.467522
0.922549 0.0774508 0
0.169799 0.140948 0.689253
0.342565 0.657435 0
0.50378 0.0066182 0.489602
1 0 0
0.258833 0.189724 0.551443
0.261278 0.0874396 0.651282
0.0897443 0.389389 0.520866
0.579046 0.170954 0.25
0.419343 0.151954 0.428703
0.57367 0.42633 0
0.308358 0.0103792 0.681262
0.30421 0.69579 0
0.368805 0.302762 0.328433
0.570085 6.32922e-17 0.429915
0.534996 0.465004 0
0.883807 0.116193 0
0.135256 0.0961803 0.768563
0.0789361 0.286545 0.634519
8.34778e-18 0.0942205 0.90578
0.338518 0.387632 0.27385
0.419405 0.580595 0
0.477708 0.182662 0.33963
0.402149 0.223167 0.374684
0.728689 0.271311 0
3.38547e-17 0.382114 0.617886
0.0960261 0.185244 0.71873
0.00787906 0.563417 0.428704
0.215963 0.381878 0.402159
0.16926 0.58074 0.25
0.118412 0.317639 0.563949
4.4299e-17 0.499998 0.500002
0.407996 0.342003 0.25
0.172515 0.345269 0.482217
0.380927 0.619073 0
0.373571 0.118646 0.507783
0.75 0 0.25
0.206309 0.168653 0.625037
0.0941433 0.514104 0.391752
0.806281 0.193719 0
0.222947 0.510272 0.26678
0.189816 0.810184 0
0.0660548 0.597812 0.336133
0.211885 0.0635672 0.724548
0.0971583 0.652841 0.25
0.335879 0.252117 0.412004
0.254649 0.42211 0.32324
0.651127 0.348873 0
0.595204 0.0505888 0.354207
0.552742 0.132293 0.314964
0.510903 0.0949997 0.394097
0.03789 0.96211 0
0 0.635852 0.364148
5.41983e-17 1 0
0.961302 0.0386977 0
0.113542 1.26057e-17 0.886458
0.684991 0.0392703 0.275738
0.512437 0.237562 0.25
0.177157 0.468896 0.353947
0.312711 0.205792 0.481496
0.292298 0.457702 0.25
0.0758198 0.92418 0
0.659265 0 0.340735
0.0829159 0.067261 0.849823
0.446608 0.269623 0.28377
0.0227462 0.687351 0.289903
0.295243 0.340729 0.364027
2.84621e-17 0.321249 0.678751
0.266104 0.733896 0
0.459409 0.072947 0.467644
