1 0 0
0.65252 0.34748 0
0.389036 0.140751 0.470212
0.346624 0.232274 0.421101
0.0409722 0.11271 0.846318
0.884251 0.115749 0
0.071447 0.464122 0.464431
0.0752937 0.594185 0.330521
0 0.387615 0.612385
0.158931 0.503424 0.337645
0.576646 0 0.423354
0.115092 0.884908 0
0.608668 0.141332 0.25
1.48599e-18 0.0797864 0.920214
0.271513 0.150001 0.578486
0.159719 1.77324e-17 0.840281
0.228956 0.236975 0.53407
0.421609 0.578391 0
0.22805 0.36315 0.408799
0.188874 0.0680486 0.743077
0 0.75 0.25
0.922831 0.0771688 0
0.32096 0.42904 0.25
0.306639 0.693361 0
0.575449 0.424551 0
0.687217 7.62964e-17 0.312783
0.0383706 0.961629 0
0.0964549 0.519382 0.384163
0.421747 0.328253 0.25
0.691133 0.308867 0
0.411767 0 0.588233
0 0.501012 0.498988
0.0856254 0.664375 0.25
0.27107 0.404666 0.324264
0.0245948 0.427186 0.548219
0.255701 0.494299 0.25
0.151231 0.148754 0.700016
0.43669 0.0448035 0.518506
0.422959 0.185459 0.391582
2.22793e-17 0.171846 0.828154
0.623217 0.0240841 0.352699
0.0607671 6.74651e-18 0.939233
0.114065 0.234691 0.651244
0.459993 0.540007 0
0.147093 0.602907 0.25
0.0144018 0.55826 0.427338
0.190882 0.537167 0.271951
0.19175 0.80825 0
0.498482 0.501518 0
0.506564 5.62399e-17 0.493436
0 0.32318 0.67682
0.0423006 0.263821 0.693878
0.186448 0.325861 0.487691
0.232171 0.107308 0.660522
0.75 0 0.25
0.267784 0.277903 0.454313
0.0144602 0.68488 0.30066
0.22825 2.53408e-17 0.77175
0.768369 0.231631 0
0.536956 0.463044 0
0.191405 0.193092 0.615504
0.149547 0.282351 0.568102
0.456844 0.228615 0.314541
0.307918 0.320456 0.371626
0.0728473 0.329866 0.597287
0.613935 0.386065 0
0.114873 0.0949939 0.790133
0.310041 0.189144 0.500815
0.806981 0.193019 0
0.465309 0.0962968 0.438394
0.106362 0.374604 0.519034
1.16992e-17 0.628162 0.371838
1.85353e-17 9.2487e-17 1
0.0750218 0.18228 0.742698
0 1 0
0.193652 0.442995 0.363353
0.342997 3.80803e-17 0.657003
0.961419 0.0385815 0
0.153445 0.846555 0
0.0767395 0.923261 0
0.091604 0.0350875 0.873309
0.537132 0.0655911 0.397277
0.344924 0.655076 0
0.274365 0.0221896 0.703445
0.500821 0.146267 0.352912
0.580297 0.101163 0.31854
0.383258 0.616742 0
0.845615 0.154385 0
0.313646 0.0679099 0.618444
0.72974 0.27026 0
0.541521 0.189227 0.269252
0.356315 0.0975447 0.54614
0.671657 0.0745004 0.253842
0.384579 0.27668 0.33874
0.145777 0.415862 0.438361
3.04023e-17 0.234501 0.765499
0.352965 0.361132 0.285904
0.230061 0.769939 0
0.268356 0.731644 0
0.491635 0.258365 0.25
