0.369015 0.314852 0.316134
0.0594555 1.32018e-17 0.940545
0.689262 0.0364548 0.274283
0.0125482 0.356965 0.630487
0.570298 0.429702 0
0.139389 0.211314 0.649297
0 0.643005 0.356995
0.725726 0.274274 0
0.180393 0.131681 0.687926
0.454905 0.545095 0
0 0.0852968 0.914703
0.289718 0 0.710282
0 0.501142 0.498858
4.23064e-18 1.06792e-16 1
6.31607e-17 1 0
0.49644 0.210995 0.292564
1 0 0
0.640135 0.109865 0.25
0.217606 0.284364 0.49803
0.14209 0.573819 0.28409
0.764722 0.235278 0
0.0780816 0.403539 0.518379
0.882122 0.117878 0
0.686736 0.313264 0
0.13156 0.44326 0.42518
0.302172 0.697828 0
0.960631 0.0393689 0
0.0752912 0.924709 0
0 0.296001 0.703999
0.536439 5.95567e-17 0.463561
0.0987751 0.165004 0.73622
0.207366 0.00430742 0.788326
0.652311 7.2421e-17 0.347689
0.462196 5.13141e-17 0.537804
0.32443 0.276292 0.399278
0 0.75 0.25
0.133113 0.086596 0.780291
0.350145 0.211584 0.438271
0.210005 0.40067 0.389326
0.278654 0.471346 0.25
0.378438 0.621562 0
0.346629 0.0869194 0.566451
0.842886 0.157114 0
0.441643 0.173396 0.384961
0.0289346 0.688573 0.282493
0 0.182277 0.817723
0.0450906 0.118881 0.836028
0.31546 0.0349969 0.649543
0.75 8.32667e-17 0.25
0.319084 0.166205 0.514711
0.0655748 0.603102 0.331324
0.331902 0.402656 0.265442
0.0039785 0.570825 0.425197
0.469857 0.280143 0.25
0.267654 0.107592 0.624754
0.387972 4.30736e-17 0.612028
0.254333 0.314301 0.431366
0.340285 0.659715 0
0.12466 0.333748 0.541593
0.153806 1.70759e-17 0.846194
0.0922855 0.527985 0.379729
0.803797 0.196203 0
0.921334 0.0786662 0
0.531791 0.468209 0
0.167454 0.365459 0.467088
0.188556 0.811444 0
0.0220829 0.219336 0.758581
0.0376463 0.962354 0
0.0667497 0.253704 0.679547
0.0590345 0.477887 0.463078
0.11299 0.88701 0
0.425345 0.0584944 0.51616
0.568025 0.181975 0.25
0.222077 0.175567 0.602356
0.150755 0.849245 0
0.585607 0.022756 0.391637
0.244484 0.44185 0.313666
0.493295 0.506705 0
0.0877978 0.04021 0.871992
0.390143 0.134958 0.474899
0.41099 0.244464 0.344546
0.647909 0.352091 0
0.103439 0.646561 0.25
0.226371 0.773629 0
0.220901 0.0573614 0.721738
0.17329 0.253773 0.572937
0.514212 0.0725622 0.413226
0.609052 0.390948 0
0.41662 0.58338 0
0.40063 0.34937 0.25
0.0899706 0.302807 0.607222
0.290632 0.359808 0.349561
0.208643 0.541357 0.25
0.460368 0.0983676 0.441264
0.603702 0.0820975 0.314201
0.258748 0.211652 0.5296
0.26425 0.73575 0
0.530869 0.129006 0.340124
0.170301 0.489704 0.339995
0 0.426656 0.573344
