0.0645194 0.630135 0.305346
0.312702 0.687298 0
0.0260716 0.0366308 0.937298
0.0764339 0.507628 0.415938
0.0840781 0.169832 0.74609
0.467637 0.532363 0
0.621037 0.378963 0
0.359081 0.113603 0.527316
0.60046 0.0883168 0.311223
0.735163 0.264837 0
0.187338 0.521725 0.290937
0.156801 0.843199 0
0.384906 0.0398176 0.575277
5.65875e-17 0.223313 0.776687
0.326675 0.423325 0.25
0.234805 0.765195 0
0.273804 0.726196 0
0.450632 0.0565569 0.492811
0.697222 0.302778 0
0.320082 0.193554 0.486364
0.281763 0.274483 0.443753
0.54453 0.45547 0
0.390204 0.609796 0
2.14828e-17 1 0
1 0 0
0.0275412 0.488329 0.48413
0.374773 0.354028 0.2712
0.143023 0.470404 0.386573
0.65913 0.34087 0
0.326941 0.313959 0.3591
0.280989 0 0.719011
0.164477 0.115388 0.720135
0.078503 0.921497 0
0.198998 0.3139 0.487102
0.848799 0.151201 0
0.0862728 0.420574 0.493153
0.251709 0.0641651 0.684126
0.75 8.32667e-17 0.25
0.924562 0.0754378 0
0.215392 0.134896 0.649712
7.09771e-18 0.337091 0.662909
0.0985652 0 0.901435
0.810982 0.189018 0
0.489556 0.233419 0.277025
0.213065 0.0237052 0.76323
0.886644 0.113356 0
0.0783215 0.671678 0.25
0.25646 0.49354 0.25
0.117686 0.882314 0
9.4251e-18 0.447625 0.552375
0.0299392 0.381732 0.588329
0.428898 0.571102 0
0.167272 0 0.832728
0.363911 0.229993 0.406096
1.57918e-17 0.75 0.25
0.443271 0 0.556729
0.23635 0.235724 0.527926
0.165914 0.392762 0.441324
0.0778821 0.299881 0.622237
0.445347 0.304653 0.25
0.558464 0.191536 0.25
0.631749 0.118251 0.25
0.525131 0 0.474869
0.30569 0.084857 0.609453
0.0247769 0.154602 0.820621
0.0277402 0.263838 0.708422
0.582818 0.417182 0
0.154846 0.27055 0.574604
0.0392888 0.960711 0
0.660187 0 0.339813
0.350904 0 0.649096
0.288085 0.394434 0.317481
0.96228 0.0377199 0
0.506175 0.493825 0
0.187937 0.197583 0.61448
0.521956 0.146264 0.33178
0.117209 0.347828 0.534963
0.405887 0.268184 0.325929
0.404748 0.14595 0.449301
0.133503 0.070605 0.795892
0.215644 0.438477 0.345879
0.557421 0.0623282 0.380251
0.0181839 0.600051 0.381765
0.107878 0.554188 0.337934
1.55355e-17 0.109115 0.890885
9.61231e-17 0.675126 0.324874
0.156632 0.593368 0.25
0.484878 0.0987409 0.416381
0.195807 0.804193 0
0.688418 0.0450194 0.266562
0.114728 0.217 0.668272
0.351565 0.648435 0
0.773142 0.226858 0
0.592638 0 0.407362
0 0 1
0.273007 0.159448 0.567545
7.89561e-17 0.554553 0.445447
0.0713198 0.0830571 0.845623
0.244741 0.354851 0.400408
0.445998 0.187114 0.366888
