0.958134 0.0418657 0
0.332117 0.0170429 0.65084
0.100491 0.582945 0.316564
0.916508 0.0834922 0
0.101264 0 0.898736
0.546453 0.453547 0
0.287185 0.104259 0.608556
0 0.685503 0.314497
0.207466 0.380451 0.412083
0.490446 0.194847 0.314707
0.833163 0.166837 0
0.402923 0 0.597077
0.286796 0.222952 0.490252
0.16126 0.107968 0.730772
0.0381744 0.961826 0
0.791647 0.208353 0
0.381365 0.368635 0.25
0.328069 0.145674 0.526256
0.412707 0.102838 0.484455
0.244171 0.185224 0.570605
0.709279 0.290721 0
0.195842 0.535105 0.269052
0.114816 0.885184 0
0 0.0921249 0.907875
0.168754 0.455121 0.376125
0.426788 0.573212 0
0.874783 0.125217 0
0.0787259 0.152601 0.768673
0.262072 0.487928 0.25
0.442334 0.299996 0.257669
0.115848 0.309679 0.574473
0.75 0 0.25
0.279576 0 0.720424
0.0367751 0.0276385 0.935586
0.15939 0.228519 0.612091
0.0764179 0.923582 0
0.418728 0.223343 0.35793
0.605517 0.090049 0.304434
0.387332 0.612668 0
0.457624 0.0159669 0.526409
0.635755 0 0.364245
0.0384726 0.113813 0.847714
0.230596 0.769404 0
0.382256 0.286206 0.331538
0.208311 0.023824 0.767864
0.0757449 0.67176 0.252495
0.0241522 0.619572 0.356275
0.490691 0.0727097 0.436599
0.118414 0.0711891 0.810396
0 0.422526 0.577474
0.145074 0.604926 0.25
0.583652 0.166348 0.25
0.452838 0.148103 0.399059
0.0238081 0.237922 0.73827
0.668099 0.0819013 0.25
0.240946 0.430736 0.328318
0.161914 0.345482 0.492604
0.115439 0.191586 0.692975
0.125069 0.426436 0.448495
0.312336 0.421831 0.265834
0.285513 0.335824 0.378663
0.153257 0.846743 0
0 0.75 0.25
0.66835 0.33165 0
0.627518 0.372482 0
0.466693 0.533307 0
0.145531 0.510558 0.343911
0.33118 0.258883 0.409938
1 0 0
0.191786 0.808214 0
0 0.308676 0.691324
0.367546 0.0692741 0.56318
0.570751 0.0311007 0.398149
0.166627 0 0.833373
0.0262232 0.353713 0.620063
0.242973 0.0718626 0.685164
0.0798329 0.387358 0.532809
0.0747698 0.526552 0.398678
0.533001 0.117476 0.349523
0.684632 0.0164971 0.29887
0.506557 0.493443 0
0.2013 0.265316 0.533384
0.0769388 0.269851 0.65321
0.372351 0.182947 0.444702
0.308716 0.691284 0
7.63223e-17 5.52082e-21 1
0.330535 0.354463 0.315001
0.586877 0.413123 0
0 0.497508 0.502492
2.81614e-17 1 0
0.0558537 0.467575 0.476571
0.750663 0.249337 0
0 0.572494 0.427506
0.347814 0.652186 0
0.269652 0.730348 0
0.528238 5.86462e-17 0.471762
0.512787 0.237213 0.25
0.244858 0.300454 0.454688
0 0.191169 0.808831
0.200454 0.149487 0.650059
