0.758529 0.241471 0
0.75 8.32667e-17 0.25
0.25851 0.49149 0.25
0.417349 0 0.582651
0 0.566246 0.433754
0.459952 0.220586 0.319461
0.18372 0.347377 0.468902
0.624192 6.92993e-17 0.375808
0.678484 0.321516 0
0.0356876 0.598238 0.366074
1 0 0
5.98875e-18 0.332045 0.667955
0.0399671 0.960033 0
0.0199607 0.0389873 0.941052
0.346366 0.035899 0.617735
0.0959452 1.06521e-17 0.904055
0.0897713 0.627465 0.282763
0.00211125 0.266288 0.731601
0.79866 0.20134 0
0.588147 0.085646 0.326207
0.24718 0.0383112 0.714509
0.147016 0.301 0.551984
0.0784108 0.221409 0.70018
2.66039e-18 2.50952e-17 1
0.199875 0.800125 0
0.227888 0.382084 0.390028
0.323231 0.235941 0.440828
0.547399 0.176461 0.27614
0.378287 0.265074 0.356639
0.0414272 0.36282 0.595753
0.615252 0.134748 0.25
0.408237 0.126512 0.465251
7.74292e-18 0.429305 0.570695
0.556709 0.0373499 0.405941
0.141517 0.232223 0.62626
8.97798e-18 0.497783 0.502217
0.089033 0.29171 0.619257
0.0621598 0.462829 0.475012
2.07321e-18 0.114949 0.885051
0.718429 0.281571 0
0.159918 0.840082 0
0.215822 0 0.784178
0.178526 0.0747441 0.74673
0.435979 0.314021 0.25
0.479992 0.0871321 0.432876
0.359398 0.640602 0
0.919352 0.0806484 0
0.279709 0.720291 0
0.239785 0.760215 0
0.838811 0.161189 0
0.343102 0.168584 0.488314
0.227841 0.273365 0.498794
0 0.191923 0.808077
0.0962106 0.10314 0.80065
0.182867 0.14959 0.667543
0.27173 0.411056 0.317214
0.276322 0.306475 0.417203
0.523564 5.81273e-17 0.476436
0.0651984 0.0728836 0.861918
0.264123 0.0939772 0.6419
0.95966 0.0403405 0
1.3527e-17 0.75 0.25
0.140938 0.424996 0.434067
0.323847 0.334621 0.341532
0.200557 0.515564 0.283878
0.455133 0.0318216 0.513045
0.319573 0.680427 0
0.670374 0.0157751 0.313851
0.315292 0 0.684708
0.119953 0.880047 0
0.439056 0.560944 0
0.508789 0.133464 0.357748
0.682669 0.067331 0.25
0.558608 0.441392 0
0.0963185 0.385328 0.518354
0.478897 0.521103 0
0.326152 0.423848 0.25
0.51875 0.48125 0
7.91983e-17 1 0
0.371898 0.355188 0.272914
0.134005 0.139406 0.726589
0.638455 0.361545 0
0.598509 0.401491 0
0.422267 0.18161 0.396123
0.122378 0.548382 0.32924
0.399221 0.600779 0
0.879053 0.120947 0
0.0879787 0.510718 0.401304
0.299824 0.129777 0.570399
0.0799583 0.920042 0
0.178405 0.464091 0.357504
0.059163 0.690837 0.25
0 0.668412 0.331588
0.376334 0.0831641 0.540502
0.504416 0.245584 0.25
0.0556703 0.171783 0.772546
0.160842 0.589158 0.25
0.215351 0.188821 0.595827
0.148387 0.017448 0.834165
0.263122 0.20946 0.527417
