0.438953 0.0888846 0.472162
0.536197 0.140071 0.323732
0.192401 0.807599 0
0.0550839 0.506055 0.438861
0.0753664 0.135724 0.78891
0.154391 0.333983 0.511626
0.153589 1.70518e-17 0.846411
0.144838 0.403158 0.452004
2.88487e-17 0.456114 0.543886
0.0204724 0.221023 0.758504
0.857979 0.142021 0
0.0477306 0.383015 0.569254
0.389098 0.172655 0.438248
0.531424 0.468576 0
0.152778 0.5269 0.320323
0.0772573 0.922743 0
0.291098 0 0.708902
0.0386596 0.96134 0
0.0802167 3.56234e-17 0.919783
0.101084 0.303512 0.595405
0.419784 0.580216 0
0.115804 0.884196 0
0.822528 0.177472 0
0.218934 0.00685403 0.774212
0.489413 0.10662 0.403966
0.456972 0.543028 0
0.893784 0.106216 0
5.37848e-17 0.360078 0.639922
0.196099 0.448118 0.355782
0.504938 0.245062 0.25
4.38642e-17 1.1647e-17 1
0.92926 0.0707398 0
0.00710147 0.667682 0.325216
0.306745 0.693255 0
0.344532 0.655468 0
0.294003 0.340056 0.365941
0.467984 0.191565 0.340451
9.36735e-17 0.062178 0.937822
0.306287 0.103679 0.590034
0.182368 0.567632 0.25
7.94301e-17 0.531768 0.468232
0.382267 0.617733 0
0.0797876 0.423451 0.496761
0.346627 0.142194 0.511179
0.189295 0.253991 0.556714
0.0661914 0.683809 0.25
0.262503 0.0692061 0.668291
0.108941 0.61707 0.273989
0.242226 0.496077 0.261698
0.268613 0.731387 0
0.641614 0.358386 0
0.645404 0 0.354596
0.56848 0.43152 0
0.571892 0.177642 0.250466
0.645263 0.104737 0.25
0.0684892 0.260546 0.670965
0.605882 0.0816108 0.312507
0.108673 0.176109 0.715218
0.316049 0.433951 0.25
8.42951e-18 0.60741 0.39259
0.786615 0.213385 0
0.75 0 0.25
0.750568 0.249432 0
0.422841 0 0.577159
1.05754e-16 0.290165 0.709835
0.0743475 0.571132 0.35452
0.263972 0.193591 0.542437
0.227275 0.158788 0.613937
0.191417 0.121293 0.68729
0.678281 0.321719 0
0.241237 0.297916 0.460847
1 0 0
0.494373 0.505627 0
0.32902 0.262817 0.408164
0.0297629 0.0972584 0.872979
0.11196 0.0610301 0.827009
0.390739 0.359261 0.25
0.161806 0.0856641 0.75253
0.154207 0.845793 0
0.23072 0.76928 0
0.545624 6.05764e-17 0.454376
0.273603 0.409678 0.316719
0.386161 0.0660591 0.54778
0.119926 0.479739 0.400335
0.481128 0.0152157 0.503656
0.43991 0.283782 0.276309
0.688968 0.0306207 0.280411
2.54821e-17 0.170598 0.829402
1.38778e-17 1 0
0.149135 0.213925 0.636939
0.964696 0.0353039 0
0.714499 0.285501 0
0.350822 0.0122386 0.636939
0.40459 0.228735 0.366676
0.296011 0.225527 0.478461
1.04083e-17 0.75 0.25
0.361509 0.313518 0.324974
0.571727 0.0412604 0.387013
0.60508 0.39492 0
0.217726 0.371801 0.410473
