0 0.547346 0.452654
0.348193 0.316146 0.335661
0.0767797 0.92322 0
3.1012e-17 0.416587 0.583413
0.297108 0.39273 0.310162
0.0988156 0.305082 0.596102
0.51536 0 0.48464
0.190228 0.123063 0.686709
0.384655 0.615345 0
0.596673 0.153327 0.25
0.176998 0.396217 0.426784
0.307515 0.692485 0
0.0478724 0.68299 0.269137
0.359004 0.17373 0.467267
0.429003 0.278954 0.292043
0.423246 0.576754 0
0.117707 0.632293 0.25
5.27685e-17 0.75 0.25
0.254747 0.362632 0.382621
0.400759 0.0963103 0.502931
0.0759859 8.43613e-18 0.924014
0.961708 0.0382918 0
0.136755 0.478998 0.384247
0.564632 0.0558929 0.379475
0 0 1
2.12891e-17 0.285978 0.714022
0.539031 0.460969 0
0.131947 0.195599 0.672454
0.731584 0.268416 0
0.39409 0.228252 0.377659
0.808367 0.191633 0
1.58205e-17 0.212518 0.787482
0.445406 0.013915 0.540679
1.24119e-17 0.660971 0.339029
0.257238 0.487297 0.255465
0.0383934 0.961607 0
0.245486 0.0319506 0.722563
0.190671 0.559329 0.25
0.0968031 0.434051 0.469146
0.693165 0.306835 0
0.482608 0.073161 0.444231
0.230445 0.769555 0
0.272716 0.0886062 0.638678
0.318968 0.241342 0.43969
0.00967147 0.145969 0.84436
0.268961 0.731039 0
0.46185 0.53815 0
0.0665009 0.384383 0.549116
0.616156 0.383844 0
0.532251 0.191376 0.276373
0.38778 0 0.61222
0.494177 0.255823 0.25
0.654703 0.345297 0
0.75 0 0.25
0.207306 2.30155e-17 0.792694
0.846735 0.153265 0
0.688518 0.0614817 0.25
0.769999 0.230001 0
0.0974946 0.104221 0.798284
0.32736 0.42264 0.25
0.398647 0.351353 0.25
0.346071 0.653929 0
0.312887 0.137633 0.54948
0.0797358 0.173379 0.746885
0.667199 7.4074e-17 0.332801
0.216479 0.442914 0.340607
0.470921 0.188246 0.340833
0.619266 0.0845268 0.296207
0.0669804 0.515381 0.417639
0.166107 0.524057 0.309835
0.115161 0.884839 0
0.011653 0.476638 0.511709
0.0204794 0.600326 0.379195
0.591285 6.56458e-17 0.408715
0.92341 0.0765899 0
0.0598839 0.0623203 0.877796
0.163761 0.076425 0.759814
1 0 0
2.69096e-17 1 0
0.220931 0.310958 0.46811
0.351491 0.0630151 0.585494
0.0619281 0.253539 0.684533
0.577586 0.422414 0
0.0939635 0.575428 0.330609
0.267055 0.218186 0.514759
0.314721 0 0.685279
0.231877 0.171943 0.59618
0.529172 0.122677 0.348151
5.83384e-18 0.0783666 0.921633
0.0123983 0.345288 0.642314
0.154459 0.227603 0.617938
0.294505 0.294253 0.411241
0.142487 0.347609 0.509904
0.187169 0.265442 0.547389
0.885097 0.114903 0
0.140019 0.0111131 0.848868
0.15359 0.84641 0
0.500452 0.499548 0
0.19198 0.80802 0
0.437769 0.145994 0.416237
