0.559343 0.190657 0.25
0.810138 0.189862 0
0.194047 0.141889 0.664064
0.147045 0.487308 0.365646
0.186967 0.269989 0.543045
0.598066 0.121337 0.280597
0.436824 0.563176 0
0.358994 0.182897 0.458109
0.100434 0.313097 0.586469
0.0436381 0.0205819 0.93578
0.659512 0.340488 0
2.91669e-17 0.391014 0.608986
0.363474 0.636526 0
0.885895 0.114105 0
0.250108 0.499892 0.25
0.18339 0.399703 0.416906
0.34422 0.316663 0.339117
0.119348 7.95018e-17 0.880652
0.772388 0.227612 0
0.517114 0 0.482886
0 0.320018 0.679982
0.180982 0.819018 0
0.0694532 0.136065 0.794482
0.295485 0.395399 0.309116
0.383128 0.232433 0.384438
0.224809 0.31274 0.462451
0.276335 0.0998231 0.623842
0.622207 0.377793 0
0.217424 0.782576 0
0.108577 0.891423 0
0.697002 0.302998 0
0.261075 0.355642 0.383283
1.24085e-17 0.16635 0.83365
0.624783 0.0363578 0.338859
0.326883 0.673117 0
0.102739 0.576816 0.320445
0.585049 0.414951 0
0.0723924 0.927608 0
0.689719 0 0.310281
0.183684 0.539793 0.276523
0.446689 0.0149394 0.538371
0.306414 0.271059 0.422527
0.0309092 0.489383 0.479707
0.923961 0.076039 0
0.489534 0.0638529 0.446613
0 0.670356 0.329644
0.514952 0.165272 0.319776
0.847949 0.152051 0
0.390137 4.33139e-17 0.609863
0.227491 0.065655 0.706854
0.119666 0.177566 0.702768
0.544424 0.0877392 0.367837
0.356048 0.0685414 0.57541
0.0530526 0.214471 0.732476
0.445351 0.209339 0.34531
0.290384 0.709616 0
0.392314 0.357686 0.25
0.144809 0.353496 0.501695
4.63056e-17 0.0962886 0.903711
0.490148 0.259852 0.25
0.258609 0 0.741391
0.0361866 0.963813 0
8.32667e-17 0.75 0.25
0.220636 0.446752 0.332611
0.422012 0.288491 0.289497
0.405308 0.101007 0.493685
3.44589e-17 0.461958 0.538042
0 0 1
0.144787 0.855213 0
0.135723 0.614277 0.25
0.473688 0.526312 0
2.08229e-17 1 0
0.589376 0 0.410624
0.074845 0.524007 0.401148
0.321203 0.428797 0.25
0.151716 0.226371 0.621913
1.81415e-17 0.243206 0.756794
0.75 0 0.25
0.0720317 0.272652 0.655317
0.40008 0.59992 0
0.547923 0.452077 0
0.253887 0.746113 0
0.734714 0.265286 0
0.233642 0.184408 0.58195
0.271518 0.227787 0.500695
0.961982 0.0380179 0
0.0625792 0.680958 0.256463
0.667712 0.0822879 0.25
0.0668029 0.382509 0.550688
0.0289593 0.609502 0.361539
0.106192 0.437152 0.456656
0.0902943 0.0663243 0.843381
1.17581e-17 0.564669 0.435331
0.318876 0.0122893 0.668834
0.316425 0.145467 0.538108
0.453899 0.137992 0.408109
0.149902 0.0943585 0.755739
0.510733 0.489267 0
1 0 0
0.185999 0.00770598 0.806295
