0.554777 0.151139 0.294084
0.796374 0.203626 0
0.531083 0.218917 0.25
0.203845 0.378474 0.417682
0.251819 0.498181 0.25
0.473225 0.180119 0.346655
0.0046914 0.671278 0.324031
0.235507 0.436602 0.327891
0.514248 0.485752 0
0.146393 0.537919 0.315689
0.164797 0.314865 0.520338
0.235672 0.764328 0
0.0652082 0.299241 0.63555
0.7558 0.2442 0
0.260038 0.0615775 0.678385
0.0963848 0.0306858 0.872929
0.674967 0.325033 0
0.061357 0.455258 0.483385
0.959192 0.0408083 0
0.362233 0.308306 0.329461
0.156848 0.843152 0
0.587158 0.0735996 0.339242
0.508509 0.103066 0.388425
0.0625573 9.02883e-17 0.937443
0.324262 0.425738 0.25
0.271804 0.349904 0.378292
0.170046 0 0.829954
0 0.480006 0.519994
0.433993 0.566007 0
0.490524 0 0.509476
3.40535e-17 0.218258 0.781742
0.422343 0.141774 0.435883
0.01072 0.541871 0.447409
0.396512 0.353296 0.250191
0.219711 0.0205294 0.75976
0.457143 0.0690498 0.473807
6.24076e-17 0.75 0.25
0 0.608951 0.391049
1.22663e-17 0.0786179 0.921382
0.554277 0.445723 0
0.19026 0.191558 0.618182
0.134079 0.076722 0.789199
0.374705 0.10227 0.523024
0.463781 0.286219 0.25
0.117539 0.882461 0
0.715386 0.284614 0
0.625218 0.124782 0.25
0.275216 0.724784 0
0.837043 0.162957 0
0.239482 0.22441 0.536108
0 0.33266 0.66734
0.282994 0.150343 0.566662
0.225584 0.128519 0.645897
0.08382 0.16688 0.7493
0.0792674 0.353654 0.567078
0.394194 0.605806 0
0.314765 0.685235 0
0.544635 0.0190277 0.436337
0.0607593 0.11286 0.826381
0.108313 0.388358 0.503329
0.105816 0.622474 0.27171
0.0391198 0.96088 0
0.354548 0.645452 0
0.918463 0.0815368 0
0.226825 0.297901 0.475274
0 1 0
0 0.406383 0.593617
0.385407 0.213159 0.401433
0.143946 0.265896 0.590158
0.169526 0.113391 0.717083
0.877741 0.122259 0
0.634668 0.365332 0
0.433849 0.25209 0.314061
0.0945316 0.504072 0.401397
1 0 0
0.75 0 0.25
0.47406 0.52594 0
0.17916 0.57084 0.25
0.0251168 0.259192 0.715691
0.334233 0.179099 0.486668
0.196183 0.803817 0
0 0.148412 0.851588
0.0636609 0.686339 0.25
0.0783309 0.921669 0
0.305772 0.387427 0.306801
8.48852e-17 8.16482e-17 1
0.112905 0.212851 0.674244
0.173273 0.468233 0.358494
0.0676364 0.580753 0.351611
0.365764 0 0.634236
0.612104 0 0.387896
0.294811 0.251646 0.453543
0.32661 0.282736 0.390653
0.66968 0.063208 0.267112
0.322674 0.0758148 0.601511
0.418033 0.0173413 0.564625
0.594419 0.405581 0
0.681047 0 0.318953
0.137976 0.423064 0.43896
0.291276 0 0.708724
