0.234353 0.156123 0.609524
0.736003 0.263997 0
0.42952 0.57048 0
0.205271 0.0962249 0.698504
0.202291 0 0.797709
0.668447 0.0815532 0.25
0.0924153 0.471444 0.436141
0 0.395946 0.604054
0.84955 0.15045 0
0.262683 0.203155 0.534162
0.317666 0.235695 0.446639
0.924888 0.0751124 0
0.158892 0.568205 0.272903
0.278327 0 0.721673
0.111929 0.638071 0.25
0.313149 0.686851 0
0.50676 0.49324 0
0.516135 0.0904317 0.393433
0.0785616 0.921438 0
0.687972 0 0.312028
0.596657 0.153343 0.25
0 0.654597 0.345403
0.235253 0.764747 0
0.241672 0.400496 0.357833
0.108989 0.528088 0.362923
0.493691 0 0.506309
0 0.199407 0.800593
0.659956 0.340044 0
0.169856 0.301902 0.528242
0.44288 0.108311 0.448808
0.0709763 0.602899 0.326125
0.23042 0.51958 0.25
0.124576 0.389513 0.485911
0.75 0 0.25
0.0392016 0.688135 0.272664
6.26183e-17 0.586932 0.413068
0.887333 0.112667 0
1 0 0
0.145879 0.256471 0.59765
0.353685 0 0.646315
0.23705 0.272421 0.490529
0.352862 0.397138 0.25
0.481045 0.163062 0.355893
0.318255 0.358474 0.323271
0.0289959 0.52351 0.447494
0.0646613 0.296233 0.639106
0.583662 0.416338 0
0.530899 0.0266603 0.442441
0.962431 0.0375691 0
0.267753 0.0731041 0.659143
0.0392983 0.960702 0
0.526188 0.205768 0.268044
0.428978 0 0.571022
0.131037 0.136599 0.732363
0.594723 0 0.405277
0.0427557 0.425922 0.531323
0.403668 0.325996 0.270336
0.117793 0.882207 0
0 0.128465 0.871535
0.473842 0.276158 0.25
0.0936707 0.21912 0.68721
0.127102 0.00862678 0.864272
0.170437 0.18451 0.645053
1.41539e-17 2.05406e-17 1
0.6175 0.0426362 0.339864
0.167616 0.0608019 0.771582
0.0610937 0.167081 0.771825
0.355133 0.156933 0.487934
0.698109 0.301891 0
1.02918e-16 1 0
0.545315 0.454685 0
0.193545 0.482595 0.32386
0 0.326281 0.673719
0.468215 0.531785 0
0.0893543 0.344648 0.565997
8.00156e-17 0.75 0.25
0.0168852 0.066438 0.916677
0.811796 0.188204 0
0.196127 0.803873 0
0.437744 0.23922 0.323036
0.0684353 0 0.931565
0.202088 0.354586 0.443327
0.163157 0.436252 0.400591
0.282167 0.448314 0.269519
0.399954 0.194022 0.406024
0 0.489261 0.510739
0.399575 0.0745319 0.525893
0.310309 0.123386 0.566305
0.157 0.843 0
0.338696 0.0549645 0.606339
0.27935 0.315932 0.404718
0.274333 0.725667 0
0.621916 0.378084 0
0.351944 0.648056 0
0.390728 0.609272 0
0.0851012 0.0887135 0.826185
0.360596 0.278428 0.360976
0.773728 0.226272 0
0.566156 0.118078 0.315766
0.0113785 0.257477 0.731145
