0.0852389 0.205605 0.709156
0.0402384 0.0949648 0.864797
0.610052 0.0740154 0.315933
0.443417 0 0.556583
0.0299808 0.289001 0.681018
0.205724 0.477267 0.317009
0.406546 0.0658294 0.527625
0.121279 0.24637 0.632351
0.432863 0.239355 0.327783
0.270223 0.325834 0.403943
0.0272724 0.509939 0.462788
0.288738 0.711262 0
0.3122 0.362426 0.325374
0.123033 0.356314 0.520653
0.922906 0.077094 0
0 0.75 0.25
0.103807 0.0751807 0.821013
0.450635 0.549365 0
0.399322 0.325498 0.27518
0.322343 0.231292 0.446365
9.58826e-18 0.158592 0.841408
0.399197 0.192674 0.408129
0.0743251 0.540172 0.385503
0.247895 0.752105 0
0.252329 0.249075 0.498596
0.961516 0.0384837 0
1 0 0
0 0.468886 0.531114
0.806327 0.193673 0
0.767188 0.232812 0
0.609985 0.390015 0
0.12339 0.00873457 0.867875
0.0803922 0.321197 0.59841
0.526535 0.0670127 0.406452
0.0829833 0.917017 0
0.283359 3.14592e-17 0.716641
0.446705 0.105353 0.447941
0.513552 0.207581 0.278867
0.845316 0.154684 0
0.0799691 0.670031 0.25
4.33031e-18 0.0716241 0.928376
0.0657209 3.64824e-17 0.934279
0.329503 0.670497 0
0.208897 0.206832 0.584271
0.373959 0 0.626041
0.18952 1.05205e-16 0.81048
0.727956 0.272044 0
0.123801 0.460605 0.415595
0.354579 0.281078 0.364343
0.495036 0.0160733 0.488891
0.174239 0.385459 0.440302
0.884029 0.115971 0
0.0292366 0.62398 0.346783
0.0455311 0.17271 0.781759
0.530647 0.469353 0
0.57025 0.42975 0
0.252238 0.128259 0.619503
0.29093 0.173804 0.535266
0.228892 0.408335 0.362772
0 0.358987 0.641013
0.410607 0.589393 0
0 0.249981 0.750019
0.369932 0.630068 0
0.206733 0.793267 0
0.220139 0.0325923 0.747269
0.68881 0.31119 0
0.579788 0.170212 0.25
0.0285729 0.400493 0.570934
0.476534 0.156094 0.367371
5.084e-23 1.11022e-16 1
0 1 0
0.354428 0.395572 0.25
0.69025 0.0244433 0.285306
0.469903 0.280097 0.25
0.365573 0.145739 0.488688
0.165722 0.834278 0
0.490665 0.509335 0
0.285551 0.447351 0.267098
0.166021 0.281225 0.552755
0.63998 0 0.36002
0.124478 0.875522 0
4.16154e-17 0.688326 0.311674
0.567479 6.30028e-17 0.432521
0 0.580641 0.419359
0.30033 0.0455607 0.654109
0.15489 0.59511 0.25
0.332969 0.0918454 0.575185
0.0415269 0.958473 0
0.649425 0.350575 0
0.166311 0.168959 0.664731
0.75 8.32667e-17 0.25
0.110528 0.580457 0.309015
0.229837 0.520163 0.25
0.651018 0.098982 0.25
0.205014 0.0957625 0.699224
0.547938 0.117642 0.33442
0.213499 0.312829 0.473672
0.0817684 0.429123 0.489109
0.149516 0.507606 0.342877
0.132615 0.117328 0.750057
