0.16174 0.0581015 0.780159
0.044346 0.0213749 0.934279
0.0395667 0.960433 0
0.0967395 0.327015 0.576246
0.210247 0.0855676 0.704186
0.215773 0.197971 0.586256
0.19828 0.80172 0
0.879977 0.120023 0
0.75 0 0.25
0.478565 0.201476 0.319959
0.427611 0.120233 0.452156
5.56456e-18 0.510816 0.489184
0.679381 0.320619 0
0.430382 0 0.569618
0.670114 0.0798862 0.25
0.0791919 0.920808 0
0.202812 0.475584 0.321604
0.30073 0.256525 0.442746
0.0790067 0.583968 0.337025
0.0724144 0.270423 0.657163
0.839967 0.160033 0
0.247541 0.502459 0.25
0.158518 0.841482 0
0.52261 0.22739 0.25
0.0621522 0.410885 0.526962
0.137542 0.238882 0.623576
2.28276e-17 1 0
0.130746 0.134331 0.734923
0.520841 5.7825e-17 0.479159
1 0 0
0.0707392 0.167647 0.761614
0.164322 0.168535 0.667144
0.166347 0.425857 0.407796
0.238071 0.761929 0
0.342478 0.176095 0.481428
0.639124 0.360876 0
0.277962 0.722038 0
0.351579 0.0537274 0.594694
0.180808 0.569192 0.25
0.719524 0.280476 0
0.00947059 0.670721 0.319808
2.20912e-18 0.202793 0.797207
0.118892 0.881108 0
0.134611 0.37417 0.491219
0.397931 0.602069 0
0.254475 0.234104 0.511421
0.960016 0.039984 0
9.23796e-17 7.41539e-17 1
0.0912747 0.080028 0.828697
4.76897e-18 0.437782 0.562218
0.0667699 0.68323 0.25
0.357845 0.642155 0
0.514646 0.132844 0.352509
0.322965 0.35692 0.320115
0.578613 0.109676 0.311711
0.243258 0.396595 0.360147
0.0872692 0.464594 0.448136
0.288014 0.0429248 0.669062
0.558667 0.441333 0
0.293538 0.436559 0.269902
0.27537 0.320365 0.404264
0.38396 0.0915049 0.524535
0.598805 6.64807e-17 0.401195
0.256499 2.84771e-17 0.743501
0.461951 0.0443629 0.493686
0.518428 0.481572 0
0.113363 1.25858e-17 0.886637
0.620013 0.0400746 0.339912
0.019972 0.131489 0.848539
0.759739 0.240261 0
0.0144971 0.366435 0.619068
0.368116 0.381884 0.25
0.919998 0.0800021 0
0.208534 0.336498 0.454968
0.438053 0.561947 0
0.126627 0.512093 0.36128
0.5989 0.4011 0
0.175389 0.285798 0.538813
0.478219 0.521781 0
0.3006 0.1449 0.554499
0.0301224 0.241567 0.728311
0.0347321 0.546252 0.419016
0.381764 0.214407 0.403829
0.799822 0.200178 0
0.529652 0.0586465 0.411701
0.689675 7.65693e-17 0.310325
0.345674 0 0.654326
6.70132e-18 0.615168 0.384832
0.44982 0.164818 0.385361
0.445296 0.304704 0.25
0.184902 2.05282e-17 0.815098
0.421992 0.269388 0.30862
0.254942 0.117431 0.627627
8.17011e-18 0.75 0.25
9.84858e-19 0.090408 0.909592
0.354622 0.291415 0.353964
0.317873 0.682127 0
3.39705e-18 0.311843 0.688157
0.115861 0.615078 0.269061
0.596323 0.153677 0.25
