0.319632 0.163529 0.516839
0.0736544 0.926346 0
0.161521 0.101325 0.737154
0.204713 0.439288 0.355999
0.284103 0.248003 0.467893
0 0.58727 0.41273
2.62542e-17 0.472953 0.527047
0.365655 0.634345 0
0.16487 0.23612 0.599009
0.080768 0.422864 0.496368
0.134923 0.594376 0.2707
0.930793 0.0692068 0
0.75 0 0.25
0.212088 0.273702 0.514211
0.826602 0.173398 0
0.00101059 0.32344 0.675549
0.616068 0.383932 0
0.243072 0.352888 0.404041
0.0598991 0.219277 0.720824
0.401656 0.598344 0
0.323886 0.0223202 0.653793
0.685496 0.0368954 0.277608
0.293102 0.706898 0
0.220316 0.779684 0
0.329518 0.670482 0
0.392944 0 0.607056
6.28544e-17 0.398057 0.601943
0.110437 0.889563 0
0.169494 0.508865 0.321641
4.5098e-18 0.0812414 0.918759
0 0.75 0.25
0.791796 0.208204 0
0.463601 0.114937 0.421462
0.570463 0.179537 0.25
0.059134 0.363775 0.577091
0.275417 0.411269 0.313314
1 0 0
0.756846 0.243154 0
0.427147 0.0453585 0.527494
9.29463e-18 1.01728e-16 1
0.651393 0.348607 0
0.281657 0.112612 0.605731
0.721776 0.278224 0
0.0290347 0.515319 0.455646
0.334139 0.335249 0.330612
0.0853613 0.550654 0.363985
0.545 0.455 0
0.2392 0.0730292 0.687771
0.129451 0.320105 0.550444
0.547617 0.071484 0.380899
0.650703 0 0.349297
0.485789 0 0.514211
0.370347 0.379653 0.25
0.272963 0 0.727037
0.641462 0.108538 0.25
0.0419024 0.110486 0.847611
0.0849088 0.277413 0.637678
0.965399 0.0346007 0
0.0389412 0.62506 0.335999
0.256844 0.743156 0
0.59081 0.0932196 0.31597
0.354811 0.081767 0.563422
0.581588 0 0.418412
0.686766 0.313234 0
0.0368629 0.963137 0
0.0904952 0.1331 0.776404
1.00098e-17 0.18032 0.81968
0.488219 0.161047 0.350735
0.504963 0.0382436 0.456794
0.896095 0.103905 0
0.316228 0.291342 0.39243
0.21253 0.53747 0.25
0.0958634 0.0389327 0.865204
0.406481 0.232731 0.360788
0.197368 0.0257158 0.776916
0.160129 0 0.839871
0.437627 0.562373 0
0.116246 0.475366 0.408388
0.504769 0.210177 0.285055
5.55112e-17 1 0
3.23268e-17 0.689556 0.310444
0.580742 0.419258 0
0.0633397 0 0.93666
0.129269 0.18623 0.684501
0.364911 0.203 0.432088
0.203071 0.151765 0.645164
0.183831 0.816169 0
0.474132 0.275868 0.25
0.147219 0.852781 0
0.0857854 0.664215 0.25
0.473631 0.526369 0
0.182935 0.336903 0.480162
0.414147 0.302359 0.283495
0.509255 0.490745 0
0.155632 0.400896 0.443472
0.29145 0.45855 0.25
1.40175e-17 0.252517 0.747483
0.397363 0.131 0.471637
0.244595 0.19588 0.559526
0.86141 0.13859 0
