0.32462 0.263339 0.412041
6.32826e-18 0.0556636 0.944336
0.177866 0.09998 0.722154
0.236087 0.763913 0
0.368027 0.300021 0.331951
0.158892 0 0.841108
0.368621 0.183481 0.447898
0.52497 0.101068 0.373962
0.75 0 0.25
4.43517e-19 0.450752 0.549248
0.194496 0.271432 0.534072
9.2274e-19 0.17771 0.82229
0.236915 0.428055 0.33503
0.0858624 9.53265e-18 0.914138
0.237322 0.305968 0.45671
0.277675 0.342708 0.379616
0.201904 0.511155 0.286941
0.353119 0.646881 0
0.546435 0.453565 0
0.1573 0.464892 0.377808
1 0 0
0.0983144 0.144641 0.757044
0.0290707 0.573167 0.397762
0.57119 0.152988 0.275822
0.737029 0.262971 0
2.72929e-18 0.525632 0.474368
0.355111 0 0.644889
8.19757e-20 1.1094e-16 1
0.645428 0 0.354572
0.471389 0.0384961 0.490115
0.469559 0.530441 0
1.95258e-18 0.376046 0.623954
0.0783771 0.233536 0.688087
0.508133 0.491867 0
0.413235 0.104565 0.4822
0.699089 0.300911 0
0.68844 0.0320796 0.279481
0.256151 0.0654667 0.678382
5.1924e-18 1 0
0.584812 0.415188 0
0.0730168 0.496619 0.430364
0.0168547 0.684775 0.298371
0.623062 0.376938 0
0.133669 0.0633495 0.802982
0.0910474 0.607215 0.301738
0.169348 0.580652 0.25
0.100428 0.323841 0.575732
0.194214 0.387371 0.418415
0.314242 0.685758 0
0.314899 0.377476 0.307625
0.331352 0.139977 0.528672
0.456014 0.264612 0.279375
0.392077 0.607923 0
0.082045 0.667955 0.25
0.489414 0.180807 0.329778
0.157646 0.842354 0
6.26255e-19 0.636471 0.363529
0.454695 0.131814 0.413491
0.118267 0.881733 0
0.139232 0.185865 0.674903
0.537437 0 0.462563
0.298197 0.0963208 0.605482
0.196871 0.803129 0
0.283501 0.224823 0.491677
0.275219 0.724781 0
0.106151 0.43077 0.463079
0.213389 0.146442 0.640169
0.774802 0.225198 0
0.661076 0.338924 0
0.60206 0.0738564 0.324084
0.118462 0.538049 0.343489
0.43087 0.56913 0
0.271759 0.478241 0.25
0.411321 0.220416 0.368263
0.527271 0.222729 0.25
1.45931e-18 0.281047 0.718953
7.37962e-19 0.75 0.25
0.151973 0.240149 0.607878
0.218254 0.0127304 0.769015
0.57052 0.0261436 0.403337
0.344417 0.405583 0.25
0.962591 0.0374092 0
0.444386 0 0.555614
0.286063 0 0.713937
0.850128 0.149872 0
0.41706 0.33294 0.25
0.378137 0.0502252 0.571638
0.812605 0.187395 0
0.0394325 0.960568 0
0.0267023 0.2094 0.763898
0.150344 0.351854 0.497801
0.00424073 0.114563 0.881196
0.0789029 0.921097 0
0.887645 0.112355 0
0.0673509 0.0851013 0.847548
0.045218 0.304733 0.650049
0.642807 0.107193 0.25
0.244934 0.186929 0.568137
0.92514 0.0748595 0
0.0632544 0.403418 0.533327
