5.25699e-17 0.60812 0.39188
0.00788361 0.365951 0.626165
0.079975 0.0666837 0.853341
0.179773 0.163514 0.656713
0.760132 0.239868 0
0.144867 0.422792 0.432342
0.75 0 0.25
0.0259643 0.54303 0.431006
0.278703 0.721297 0
0.556575 0.115052 0.328373
0.119172 0.880828 0
0.291435 0.161803 0.546762
0.691342 0.0586576 0.25
0.262863 0.114334 0.622803
0.241822 0.248701 0.509477
0.0604107 0.139596 0.799994
0.159333 0.289921 0.550746
0.180941 0.473643 0.345416
0.218738 0.531262 0.25
0.522376 0.062765 0.414859
0.325825 0.204373 0.469802
0.0731249 0.588212 0.338663
0.960092 0.0399081 0
0.880193 0.119807 0
0.219771 0.382145 0.398085
0.370684 0.117118 0.512198
0.00140399 0.670457 0.328139
0.466086 0.283914 0.25
0.135071 0.0875842 0.777344
0.151108 0.557347 0.291545
0.168501 0.0150863 0.816413
1 0 0
0.238704 0.761296 0
0.0799118 0.329771 0.590317
0.094571 0.18467 0.720759
9.65288e-18 0.0971966 0.902803
0.408144 0.162082 0.429774
0.558366 6.1991e-17 0.441634
0.416155 0.0272998 0.556545
0.0088243 0.231053 0.760123
0.230747 0 0.769253
0.60131 0.0283798 0.37031
0.286445 0.463555 0.25
0.458569 0.196309 0.345122
0.55935 0.44065 0
0.198869 0.801131 0
0.800184 0.199816 0
0 0.499152 0.500848
0.318596 0.681404 0
0.0397071 0.960293 0
0.639774 0.360226 0
0.587892 0.162108 0.25
0.0373513 0.0234845 0.939164
0.0794219 0.920578 0
0.0684247 0.458144 0.473431
2.21407e-17 0.75 0.25
0.599511 0.400489 0
0.478929 0.521071 0
0.211584 0.204102 0.584314
0.519074 0.21373 0.267196
0.169554 0.11415 0.716296
0.920136 0.0798642 0
0.629752 0.0882533 0.281995
4.27858e-17 0.430818 0.569182
0.438839 0.561161 0
0.51911 0.48089 0
0.159 0.841 0
0.10589 0.508275 0.385835
0.301438 0 0.698562
0.275246 0.289677 0.435077
0.103039 0.3801 0.516861
4.99753e-18 0.169288 0.830712
0.484807 0 0.515193
0.353193 0.311651 0.335156
0.39385 0.35615 0.25
0.423936 0.264902 0.311162
0.0545529 0.683623 0.261824
0.447826 0.0826229 0.469551
0.245948 0.0664601 0.687592
0.369406 0.238464 0.39213
0.120932 0.629068 0.25
8.64465e-17 1 0
0.398763 0.601237 0
0.250437 0.431334 0.318229
0.668587 7.42281e-17 0.331413
0.328499 0.394599 0.276902
0.372011 0 0.627989
0.358683 0.641317 0
0.679949 0.320051 0
0.062275 0.26879 0.668935
0.487635 0.133103 0.379263
0.18947 0.336199 0.474331
0.291947 0.344731 0.363322
0.333262 0.0741678 0.59257
0.840203 0.159797 0
0.111065 1.23306e-17 0.888935
2.61042e-17 0.30197 0.69803
0.132062 0.238455 0.629483
0.720047 0.279953 0
9.96972e-17 1.13251e-17 1
