0.0734753 0.30183 0.624694
0.366057 0.224854 0.40909
0.963072 0.0369283 0
0.629227 0.370773 0
0.07988 0.173417 0.746703
0.23549 0.222931 0.541579
0.192249 0.306145 0.501606
3.48012e-18 0.151068 0.848932
0.442331 0.557669 0
1 0 0
0.112563 0.218952 0.668485
0.568756 0.181244 0.25
0.323936 0.306659 0.369405
0.445345 0.304655 0.25
0.270016 0.13906 0.590923
0.113742 0.613876 0.272382
0.666619 0.333381 0
0.280756 0.383781 0.335462
0 0.75 0.25
0.219964 0.780036 0
0.106135 0.347059 0.546806
0.184434 0.565566 0.25
2.07206e-18 1.0895e-16 1
0.153773 0.261898 0.584329
0.333499 0.416501 0.25
0.352724 0.0629636 0.584313
0.407912 0.264808 0.32728
0.308971 0.0386352 0.652394
0.0673091 0.682691 0.25
0.168622 5.61623e-17 0.831378
0.0255521 0.264824 0.709624
0.852163 0.147837 0
0.531402 0.145283 0.323315
0.476536 0.0415915 0.481873
0.371833 0.348431 0.279736
0.336489 0.128258 0.535253
0.49935 0.0959217 0.404729
0.75 0 0.25
0.234838 0.0897011 0.675461
0.146452 0.853548 0
0.234503 0.347903 0.417594
0.316111 0.194094 0.489795
0.0661679 0.427651 0.506181
0.00194095 0.671996 0.326063
0.375905 0 0.624095
2.30368e-17 1 0
0.670145 0.00744773 0.322407
0.57734 0.0667216 0.355938
0.258951 0.491049 0.25
0.611818 0 0.388182
0.740973 0.259027 0
0.0883339 0.47529 0.436376
0.0732076 0.926792 0
0.479665 0.520335 0
0.926096 0.0739038 0
0.183152 0.816848 0
0.0950137 0.0331427 0.871844
0.193324 0.17822 0.628455
0.293749 0.706251 0
7.76613e-18 0.337119 0.662881
0.130148 0.0823492 0.787502
0.330815 0.669185 0
0.61836 0.107024 0.274615
0.18526 0.428059 0.38668
0.453668 0.185713 0.36062
0.276149 0 0.723851
0.163546 0.507227 0.329226
0.101239 0.52468 0.37408
0.062852 9.07136e-17 0.937148
0.402257 0.0893177 0.508425
0.591878 0.408122 0
0 0.222658 0.777342
0.159776 0.129645 0.710579
0.778054 0.221946 0
0.234159 0.457953 0.307888
0.517038 0.482962 0
0.0146475 0.39275 0.592603
0.0669072 0.586956 0.346137
0.554428 0.445572 0
0.0592324 0.116068 0.824699
0 0.466641 0.533359
0.147553 0.38808 0.464368
0.544515 0 0.455485
0.683836 0.0661642 0.25
0.815128 0.184872 0
0.256783 0.743217 0
0.0366201 0.96338 0
0.889191 0.110809 0
0.367948 0.632052 0
0.109805 0.890195 0
2.8892e-18 0.0795734 0.920427
0.405057 0.594943 0
0.703898 0.296102 0
0.00939868 0.531405 0.459197
0.447904 9.94548e-17 0.552096
0 0.602261 0.397739
0.208123 0.0329689 0.758909
0.49677 0.233338 0.269893
0.277047 0.269368 0.453585
0.416754 0.142777 0.440468
