0.0748853 0.925115 0
0.203278 0.546722 0.25
0.484928 0.515072 0
3.27584e-17 0.290602 0.709398
0.0747743 0.597331 0.327895
0.299116 0.700884 0
0.75 0 0.25
2.85382e-19 0.167503 0.832497
4.69165e-17 0.4162 0.5838
0.322122 0.427878 0.25
0.510538 0.0934343 0.396028
0.926724 0.0732764 0
0.548072 0.137476 0.314452
0.237174 0.158978 0.603848
0.890075 0.109925 0
0.104196 0.645804 0.25
0.187072 0.812928 0
0.152443 0.211813 0.635744
0.410746 0.589254 0
0.185045 0.0104099 0.804546
0.0722669 0.253478 0.674255
1.09617e-18 0.643389 0.356611
0.107619 0.173483 0.718898
0.197301 0.245225 0.557474
0.349439 0.355344 0.295217
0.277492 0.203881 0.518628
0.368618 0.217266 0.414116
0.421044 0 0.578956
0.0556912 0.541031 0.403278
0.373557 0.626443 0
0.114195 0.400965 0.484839
0.686726 0.0184065 0.294867
0.323317 0 0.676683
0.558945 0.441055 0
0.257719 0.482304 0.259977
0.166996 0.430866 0.402138
0.149712 0.850288 0
0.345603 0.039419 0.614978
0.238413 0.066875 0.694712
0.423916 0.136989 0.439095
0.283969 0.317292 0.39874
0.34319 0.16865 0.48816
0.461849 0.0615828 0.476568
0.963368 0.0366316 0
0.632714 0.367286 0
0.521954 0.228046 0.25
0.224482 0.775518 0
0.19401 0.132773 0.673217
0.411543 0.338457 0.25
0.631015 0 0.368985
0.779939 0.220061 0
1.27781e-18 0.75 0.25
0.0797195 0.467517 0.452763
0.447847 0.552153 0
0.342013 0.290283 0.367704
0.108657 0.295198 0.596145
0.0899446 0.0656682 0.844387
0.336378 0.663622 0
0.261831 0.738169 0
0.52199 0.47801 0
0.018021 0.220356 0.761623
0.419437 0.247916 0.332648
0.816659 0.183341 0
0.213735 0.461845 0.32442
0.147188 0.568552 0.284259
0.25355 0 0.74645
0.706392 0.293608 0
0.0374532 0.962547 0
0.467503 0.17747 0.355027
0.151443 0.0906518 0.757905
0.384487 0.086342 0.529171
0.494634 0 0.505366
0.589698 0.160302 0.25
0.305372 0.114858 0.57977
0.205129 0.357753 0.437118
0.0444166 0.0195793 0.936004
0.457618 0.274091 0.26829
0.65745 0.0925504 0.25
0.066471 0.134344 0.799185
0.159776 0.323053 0.51717
0.120457 0 0.879543
1 0 0
0.261298 0.39201 0.346692
0.0687597 0.37644 0.554801
8.33979e-19 0.489499 0.510501
0.0301489 0.687352 0.282499
1.0911e-16 1.91223e-18 1
1.40405e-17 1 0
0.112312 0.887688 0
0.558547 0.00824124 0.433211
1.62913e-19 0.0956206 0.904379
0.251334 0.275193 0.473474
0.595679 0.0667173 0.337604
6.38536e-17 0.566449 0.433551
0.129762 0.508751 0.361487
0.0171912 0.34313 0.639679
0.669557 0.330443 0
0.595881 0.404119 0
0.743212 0.256788 0
0.853379 0.146621 0
