0.426509 0.323491 0.25
0.957597 0.0424028 0
0.494967 0.505033 0
0.915283 0.0847172 0
0.704295 0.295705 0
0.0388847 0.269754 0.691362
0.246869 0.413055 0.340076
0.103055 0.424816 0.47213
0.454297 0.119282 0.426421
0.100633 0.0380343 0.861333
0.122959 0.877041 0
0.59157 0.15843 0.25
0.131228 0.109319 0.759453
0.45607 0.254008 0.289921
0.0866754 0.528749 0.384576
0.261209 0.281396 0.457394
0.75 0 0.25
0.578546 0.421454 0
0.536686 0.463314 0
0.011369 0.675311 0.31332
0.329079 0.670921 0
0.0819804 0.91802 0
0.0704682 0.101374 0.828158
0.177517 0.138732 0.683752
0.288229 0.0811153 0.630656
0.188838 0.032479 0.778683
0.059458 0.386474 0.554068
0.634621 0 0.365379
0 0.47642 0.52358
0.415066 0.0770802 0.507854
0.453346 0.546654 0
0.20509 0.79491 0
0.188588 0.561412 0.25
0.068367 0.681633 0.25
0.264718 0 0.735282
0.37804 0.159421 0.46254
0.0753434 0 0.924657
0.620422 0.379578 0
0.336036 3.73075e-17 0.663964
0.689414 0.017519 0.293067
0.662316 0.337684 0
0.302933 0.196155 0.500912
0.788428 0.211572 0
0.375733 0.28755 0.336717
0.450464 5.00115e-17 0.549536
0.411921 0.588079 0
0.659984 0.0900163 0.25
0.0508915 0.495489 0.453619
0 0.408154 0.591846
0.0201368 0.183734 0.796129
0.220807 0.490684 0.288509
0 0.243769 0.756231
0.263515 0.152338 0.584147
0 0.562662 0.437338
0.495092 0.027452 0.477456
0.122515 0.613865 0.26362
0.22866 0.234896 0.536444
0.338283 0.243073 0.418643
0.562394 0 0.437606
0.121101 0.225007 0.653892
0 0.13152 0.86848
1 0 0
0.230254 0.0664947 0.703251
0.0808916 0.309644 0.609465
0.830704 0.169296 0
0.415827 0.205537 0.378637
0.163976 0 0.836024
0.155806 0.270294 0.573899
0.325642 0.364573 0.309785
0 0.339934 0.660066
0.560132 0.130047 0.309822
0.523087 0.226913 0.25
0.370464 0.629536 0
0.379118 0.0258122 0.59507
0.00570041 0.0618765 0.932423
0 0.75 0.25
0.127946 0.353373 0.518681
0.0708569 0.59773 0.331413
0.163972 0.836028 0
0.0923944 0.178501 0.729104
0.287654 0.712346 0
0.159931 0.450562 0.389507
5.77788e-17 1 0
0.489525 0.170263 0.340213
0.287851 0.462149 0.25
3.61112e-17 0.624991 0.375009
0.198211 0.184708 0.617081
0.0409747 0.959025 0
0.746369 0.253631 0
0.34022 0.112044 0.547736
0.87297 0.12703 0
0.246359 0.753641 0
0.526515 0.0824044 0.391081
0.205455 0.373003 0.421541
0.18895 0.319439 0.491611
0.147365 0.516957 0.335678
0.357204 0.392796 0.25
1.07474e-16 3.54819e-18 1
0.602981 0.0608001 0.336219
0.289779 0.327236 0.382986
