0.0704966 0.0104786 0.919025
0.207096 0.0865047 0.7064
0.81127 0.18873 0
0.172714 0.0338281 0.793458
1.21238e-17 0.595071 0.404929
0.24883 0.231616 0.519554
0.683494 0.0482574 0.268249
0.582365 0.417635 0
0.57845 6.42209e-17 0.42155
0.373818 0.229953 0.396229
0.117032 0.882968 0
0.0134354 0.118856 0.867709
1.35371e-18 0.0664441 0.933556
0.365738 0.384262 0.25
0.242275 0.141282 0.616443
0.886886 0.113114 0
0.121094 0.337846 0.541059
0.135283 0.121767 0.74295
0.356308 0.0228456 0.620846
0.145595 0.439268 0.415137
0.384498 0.11726 0.498242
0.0390017 0.960998 0
0.307916 3.41855e-17 0.692084
0.175488 0.26481 0.559702
0.509903 5.66106e-17 0.490097
0.505373 0.494627 0
0.00715156 0.258472 0.734376
1.52802e-17 0.75 0.25
0.300886 0.319271 0.379843
6.19001e-19 2.71366e-17 1
0.195072 0.804928 0
0.175325 0.574675 0.25
0.0310869 0.373877 0.595036
1 0 0
0.234119 0.501473 0.264408
0.0629775 0.582764 0.354258
0.287078 0.166168 0.546754
0.75 0 0.25
0.135869 7.54223e-17 0.864131
0.535281 0.214719 0.25
0.246191 0.397046 0.356762
0.335815 0.194571 0.469614
4.43339e-18 0.442701 0.557299
0.297481 0.452519 0.25
0.601078 0.0536843 0.345238
0.697246 0.302754 0
0.849208 0.150792 0
0.101761 0.624504 0.273736
0.635213 0.114787 0.25
0.46683 0.53317 0
0.284389 0.275368 0.440243
0.43531 0.0379059 0.526784
0.413613 4.59203e-17 0.586387
0.311826 0.688174 0
3.31733e-18 0.331256 0.668744
0.142606 0.540948 0.316446
0.0917868 0.0783883 0.829825
0.962352 0.0376484 0
0.272956 0.727044 0
0.089097 0.407853 0.50305
0.212487 0.310028 0.477485
6.28054e-17 0.518895 0.481105
0.0617856 0.688214 0.25
0.428247 0.571753 0
0.773369 0.226631 0
0.15606 0.84394 0
0.141682 0.239121 0.619197
0.565932 0.143516 0.290552
0.0702999 0.291674 0.638026
0.0780045 0.921995 0
0.478368 0.0710004 0.450632
0.463853 0.249472 0.286675
0.735418 0.264582 0
0.389485 0.610515 0
0.182295 0.372403 0.445302
0.54388 0.45612 0
0.331699 0.094041 0.57426
0.329446 0.359073 0.311481
0.0628776 0.160652 0.77647
0.277056 0.0654096 0.657535
4.48734e-17 0.670054 0.329946
0.0593553 0.480693 0.459952
0.0925288 0.208744 0.698727
0.479004 0.179391 0.341604
0.194209 0.468185 0.337607
0.523593 0.0986584 0.377749
2.08167e-17 1 0
0.433974 0.316026 0.25
0.429549 0.150496 0.419955
0.350674 0.649326 0
3.92081e-18 0.192445 0.807555
0.391587 0.276668 0.331745
0.659026 0.340974 0
0.234017 0.765983 0
0.924608 0.0753925 0
0.174129 0.170369 0.655501
0.0941226 0.514447 0.39143
0.665255 7.38581e-17 0.334745
0.239617 2.66028e-17 0.760383
0.620692 0.379308 0
