0.0664383 0.602512 0.33105
0.0939935 0.656006 0.25
0.22722 0.77278 0
0.229024 0.419223 0.351753
0 0.518375 0.481625
0.0955925 0 0.904408
0.367646 0.116089 0.516265
0.411395 0.0274685 0.561136
0.406458 0.162139 0.431404
0.202516 0.315492 0.481992
0.135824 0.556703 0.307474
0.687771 0.312229 0
0.726545 0.273455 0
0.165896 0.584104 0.25
0.522574 0.197747 0.279679
0.227473 0.00949433 0.763032
0.227193 0.133418 0.63939
1 0 0
0.55901 0.1222 0.31879
0.0636212 0.0881391 0.84824
4.81885e-18 1 0
0.266502 0.061264 0.672234
0.443575 0.218994 0.337431
2.60927e-17 0.188788 0.811212
0.533251 0.466749 0
0.765517 0.234483 0
0.596779 0.0591011 0.34412
0.882533 0.117467 0
0.311251 0.393932 0.294817
0.288217 0.276793 0.43499
0.480005 0.146888 0.373107
0.298266 0 0.701734
0.137448 0.17391 0.688642
0.0214815 0.0410325 0.937486
1.23226e-17 0.453223 0.546777
0.659941 0.0900587 0.25
0.843508 0.156492 0
0.239506 0.239863 0.520631
0.960805 0.0391947 0
0.483532 0 0.516468
0.181953 0.0946332 0.723414
0.0905462 0.141257 0.768197
9.73183e-18 0.357934 0.642066
0.303333 0.696667 0
0.341504 0.658496 0
0.0181483 0.564814 0.417038
0.0971259 0.248726 0.654148
0.13574 0.0625327 0.801728
0.020916 0.688995 0.290089
0.591492 0.158508 0.25
0.4844 0.2656 0.25
0.418061 0.581939 0
0.494807 0.505193 0
0.151612 0.284331 0.564057
0.336385 0.319818 0.343798
0.553421 0.00105821 0.445521
0.166905 0 0.833095
0.0411113 0.220372 0.738516
0.687083 0.0157172 0.2972
0.0973524 0.520481 0.382166
0.321355 0.0828352 0.59581
0.289967 0.460033 0.25
0.141181 0.446276 0.412543
0.511509 0.0814673 0.407024
0.37975 0.62025 0
0.189271 0.810729 0
0.0702699 0.319342 0.610389
0.804433 0.195567 0
0.256137 0.350662 0.393201
0.450312 0.0717206 0.477967
1.73129e-17 0.636762 0.363238
0.113619 0.365975 0.520406
0.18559 0.483981 0.330429
0.383985 0.366015 0.25
0.113452 0.886548 0
0.037997 0.395723 0.56628
0.0755347 0.924465 0
0.0377785 0.962221 0
0.610334 0.389666 0
0.628536 0 0.371464
0.278924 0.162433 0.558643
0.456407 0.543593 0
1.03658e-16 0.75 0.25
0.75 0 0.25
3.99407e-17 0.288983 0.711017
0.1513 0.8487 0
0.168708 0.386211 0.445081
0.187441 0.208463 0.604096
0.414844 0.296615 0.288541
0.265246 0.734754 0
2.74548e-17 3.00748e-19 1
0.571709 0.428291 0
1.59139e-17 0.115142 0.884858
0.0698796 0.465547 0.464574
0.227733 0.513001 0.259265
0.370642 0 0.629358
0.325618 0.198833 0.475548
0.369137 0.244018 0.386844
0.648991 0.351009 0
0.921652 0.0783478 0
