0.113342 0.472085 0.414573
0.771476 0.228524 0
0.388259 0.611741 0
0.410028 0.241628 0.348345
0.485716 0.192182 0.322102
0 0.285079 0.714921
0.572555 0.158328 0.269118
0.0389775 0.961022 0
0.0803415 0.423938 0.495721
0.0977286 0.169751 0.73252
4.30565e-17 0.642201 0.357799
4.66634e-17 0.559838 0.440162
0.580391 0.419609 0
0.695037 0.304963 0
0.618565 0.381435 0
0.349729 0.650271 0
0.542074 0.457926 0
0.7333 0.2667 0
0.26538 0.201931 0.532689
0.184025 0.565975 0.25
0.256905 0.493095 0.25
0.923828 0.0761724 0
0.226551 0.462935 0.310514
0.521729 0.228271 0.25
0.269781 0.0725579 0.657661
0.360762 0.325347 0.313891
0.0294948 0.392395 0.57811
0.150348 0.195805 0.653847
0.75 0 0.25
0.318064 3.53122e-17 0.681936
8.48927e-19 0.215442 0.784558
0.155853 0.844147 0
2.9553e-18 0.75 0.25
0.322552 0.421344 0.256104
0.243641 0.337605 0.418754
0.160108 0.381772 0.45812
0.138616 0 0.861384
1.67238e-18 1.0935e-16 1
0.0236834 0.684244 0.292073
0.208007 0.295896 0.496098
0.291125 0.250314 0.458561
1 0 0
0.45208 0.0238287 0.524091
0.272358 0.727642 0
0.602879 0.0738429 0.323278
0.0585346 0.566871 0.374594
0.0169373 0.0616911 0.921372
0.375613 0.199528 0.424859
0.480345 0.0760746 0.443581
0.39684 0.0963367 0.506824
0.688525 0.0301072 0.281368
6.70452e-17 1 0
0.192344 0.11022 0.697436
0.465267 0.534733 0
0.0894968 0.660503 0.25
0.230342 0.15538 0.614278
0.528026 0.11142 0.360554
0.186022 0.0228997 0.791079
0.961913 0.0380866 0
0.0632914 0.244816 0.691892
4.81745e-19 0.122258 0.877742
0.280548 0.379197 0.340255
0.344922 0.165234 0.489844
0.147176 0.516219 0.336605
0.446204 0.149961 0.403834
0.116904 0.883096 0
0.249945 0 0.750055
0.132751 0.273965 0.593283
0.426737 0.573263 0
1.39709e-18 0.354556 0.645444
0.885746 0.114254 0
0.194753 0.805247 0
0.809587 0.190413 0
0.415682 4.61499e-17 0.584318
0.524444 0 0.475556
0.326009 0.288458 0.385533
0.642856 0 0.357144
0.0877826 0.070765 0.841452
0.233554 0.766446 0
0.0436797 0.146822 0.809498
0.077967 0.922033 0
0.351776 0.0389911 0.609233
0.0693271 7.69685e-18 0.930673
0.656826 0.343174 0
0.503678 0.496322 0
0.108023 0.59812 0.293856
0.311111 0.688889 0
0.394242 0.355758 0.25
0.0725087 0.307845 0.619647
0.311243 0.11809 0.570667
0.847677 0.152323 0
0.116905 0.345588 0.537507
1.82413e-18 0.462931 0.537069
0.0373009 0.501626 0.461073
0.570479 0.0222752 0.407246
0.140069 0.0931786 0.766753
0.644137 0.105863 0.25
0.193223 0.239125 0.567652
0.19421 0.423692 0.382098
0.451742 0.284618 0.263639
