0.0344838 0.253332 0.712184
0.246092 0.200768 0.55314
0.278865 0.246449 0.474686
0.474538 0.0825245 0.442938
0.399204 0.115528 0.485268
0.15422 0.84578 0
0.845644 0.154356 0
8.20976e-17 0.503982 0.496018
0.0771726 0.573784 0.349044
0.580277 0 0.419723
0.120012 0.390894 0.489094
0.173484 0.41776 0.408756
1.28461e-17 0.0788597 0.92114
0.346477 0.653523 0
0.0627644 0 0.937236
5.02942e-17 0.75 0.25
0.434549 0.165133 0.400318
0.614773 0.385227 0
0.208689 0.161399 0.629911
0.549926 0.0574722 0.392602
0.308834 0.291983 0.399183
0.0624318 0.687568 0.25
1.46973e-17 0.219169 0.780831
0.73003 0.26997 0
0.34553 0.332866 0.321604
0.122573 0.207476 0.669952
0.634911 0.115089 0.25
0.440843 0.0252981 0.533859
3.06784e-17 1 0
0.357591 0.204962 0.437447
0.384875 0.615125 0
0.138659 0.322693 0.538648
0.0946404 0.0337242 0.871635
0.507255 0 0.492745
0.264053 0.376275 0.359673
0.308081 0.691919 0
6.42462e-17 0.394395 0.605605
0.562774 0.173019 0.264207
0.884209 0.115791 0
0.210109 0.0553467 0.734544
0.291561 0.112248 0.596191
0.687386 0.0405062 0.272108
0.0771183 0.922882 0
0.807111 0.192889 0
0.49986 0.50014 0
0.0991438 0.61969 0.281166
0.51528 0.132503 0.352217
0.203449 0.286897 0.509654
0.260037 0.0776538 0.662309
0.0601345 0.11483 0.825035
0.392773 0.252201 0.355026
0.319293 0 0.680707
0.6533 0 0.3467
0.167655 0.128123 0.704222
0.768555 0.231445 0
0.922775 0.0772245 0
0.0841005 0.167905 0.747995
0.231186 0.768814 0
0.360789 0.0695593 0.569652
0.538143 0.461857 0
0.379582 0.370418 0.25
0.323512 0.158757 0.517731
0.434722 0.299015 0.266263
0.576445 0.423555 0
0.166938 0 0.833062
0.25903 0.49097 0.25
2.42708e-17 0.148994 0.851006
0.0317534 0.541668 0.426578
0.470983 0.209311 0.319706
0.269629 0.730371 0
0.653183 0.346817 0
0.75 0 0.25
0.0385771 0.961423 0
0.0288086 0.435656 0.535535
0.691544 0.308456 0
0.181551 0.528836 0.289613
0.961379 0.0386206 0
0.00532361 0.669959 0.324717
0.307911 0.420753 0.271335
0 0 1
0.0653283 0.358334 0.576337
0.2431 0 0.7569
0.461563 0.538437 0
9.90945e-18 0.32301 0.67699
0.505872 0.244128 0.25
0.0839335 0.464028 0.452039
0.128469 0.498237 0.373294
0.0863423 0.285276 0.628381
0.133094 0.0814492 0.785457
0.222223 0.338309 0.439468
0.218238 0.452612 0.329151
0.192762 0.807238 0
1 0 0
0.166885 0.242753 0.590362
0.392144 0 0.607856
9.93931e-17 0.610155 0.389845
0.115657 0.884343 0
0.598229 0.0828441 0.318927
0.423249 0.576751 0
0.160723 0.589277 0.25
