0.527661 0.193045 0.279294
0.386083 0.613917 0
0.486232 0.263768 0.25
0.152858 0.124309 0.722833
0.106183 0.329578 0.564239
0.500593 0.0775655 0.421842
0.692155 0.0578455 0.25
0.885416 0.114584 0
0.108055 0.211145 0.680799
0.221387 0.219527 0.559086
0.264783 0 0.735217
0.354287 0.0896159 0.556098
0.0593076 0 0.940692
0.415601 0.175293 0.409106
3.3014e-17 0.198834 0.801166
0.0188188 0.251499 0.729682
1 0 0
0.250964 0.257202 0.491834
0.463199 0.536801 0
0.0655658 0.410066 0.524368
0.961821 0.0381789 0
0.256903 0.373838 0.369258
0.77061 0.22939 0
0.151082 0.598918 0.25
0.594476 0.0252806 0.380243
9.25788e-19 0.602127 0.397873
0.371079 0.378921 0.25
0.196011 0.0340976 0.769892
0.146721 0.357298 0.495981
0.152677 0.257804 0.589519
0.595028 0.154972 0.25
0.424638 0.575362 0
0.308864 0.691136 0
0.47578 0 0.52422
0.391851 0.131413 0.476736
0.0974768 0.561844 0.340679
0.257635 0.492365 0.25
8.74641e-17 0.526771 0.473229
0.159527 0 0.840473
0.501713 0.498287 0
0.655522 0.344478 0
0.229378 0.0861842 0.684438
0.402894 0.00470464 0.592402
0.617153 0.382847 0
0.0956089 0.446669 0.457722
0.177739 0.40756 0.414701
0.294449 0.295394 0.410157
0.0755448 0.674455 0.25
0.0385468 0.961453 0
0.115717 0.884283 0
0.374612 0.260712 0.364677
0.554962 0.109119 0.33592
0.44823 0.225294 0.326476
0.0709942 0.288203 0.640803
0.578719 0.421281 0
0.154326 0.845674 0
0.301543 0.421995 0.276462
0.305446 0.060464 0.63409
0.187009 0.172053 0.640938
0.41693 0.309144 0.273927
0.847165 0.152835 0
0.347477 0.652523 0
0.219244 0.450735 0.33002
0.628692 0.0826876 0.288621
0.337183 0.216054 0.446764
0.19295 0.80705 0
0.540259 0.459741 0
0.33673 0 0.66327
0.270211 0.729789 0
0.665452 0 0.334548
0.305879 0.172618 0.521504
0 0.75 0.25
0.481296 0.14792 0.370784
7.49565e-17 0.451441 0.548559
0.141402 0.486267 0.372331
0.0771252 0.922875 0
0.440624 0.0601861 0.49919
0.75 8.32667e-17 0.25
0 0.676081 0.323919
0.265873 0.135703 0.598424
0.923617 0.0763828 0
1.09458e-16 1.5646e-18 1
1.53753e-18 1 0
0.0135134 0.3777 0.608786
0.693875 0.306125 0
0.732268 0.267732 0
0.0611877 0.515593 0.423219
0.231577 0.768423 0
0.185458 0.531852 0.28269
0.549534 0 0.450466
0.0737674 0.16507 0.761163
0.113052 0.0848869 0.802061
0.0255568 0.126819 0.847624
0.808925 0.191075 0
0.334037 0.33861 0.327353
0.0859863 0.0368461 0.877168
0.214784 0.325983 0.459233
4.57943e-18 0.0832384 0.916762
0.0597005 0.631758 0.308542
4.9433e-19 0.321509 0.678491
