0.0340412 0.628072 0.337887
0.0334616 0.098196 0.868342
0.668799 0.0800628 0.251138
0.737556 0.262444 0
0.531502 0.189865 0.278633
0.29033 0.165913 0.543757
0.329227 0.670773 0
0.027776 0.51898 0.453244
0.244785 0.485709 0.269506
0.284475 0.399015 0.31651
0.193848 0.556152 0.25
0.551117 0.448883 0
1 0 0
0.129169 0.256146 0.614685
1.10855e-16 1.67351e-19 1
0.255683 0.744317 0
0.625526 0.374474 0
0.122244 0.5996 0.278156
0.0874417 0.213438 0.69912
0.366051 0.633949 0
0.476874 0.523126 0
0.486638 0.141432 0.371929
0 0.255522 0.744478
0.159034 0.516026 0.32494
0.0728746 0.927125 0
0.0773324 0.0035926 0.919075
0 0.0625816 0.937418
0.331843 0.326538 0.341619
0 0.690836 0.309164
0.688275 0 0.311725
0.196549 0.317499 0.485952
0.453333 0.0175491 0.529118
0.18236 0.81764 0
0.51325 0.067009 0.419741
0.102497 0.076312 0.821191
0.372643 0.120717 0.50664
0.439905 0.0915736 0.468521
0.327589 0.207065 0.465347
0 0.588512 0.411488
0.523102 0 0.476898
0.924955 0.0750455 0
0.417495 0.297224 0.285281
0.962476 0.0375242 0
0.203089 0.216394 0.580517
0.325934 0 0.674066
0 0.160546 0.839454
3.60084e-18 0.36434 0.63566
0.250054 0.13204 0.617905
0.489809 0.260191 0.25
0.88744 0.11256 0
0.384871 0.365129 0.25
0.123941 0.350198 0.525861
0.168169 0.170427 0.661405
0.285194 0.285288 0.429518
0.618138 0.0379644 0.343897
0.700173 0.299827 0
0.291373 0.0579681 0.650659
0.0804742 0.552963 0.366563
0.0849229 0.32324 0.591837
0.400491 0 0.599509
0.593788 0 0.406212
0.439884 0.560116 0
0.849949 0.150051 0
0.0323371 0.294187 0.673476
0.251372 0 0.748628
0.23902 0.248965 0.512016
0.044813 0.178041 0.777146
0.0822594 0.667741 0.25
0.77501 0.22499 0
0.66286 0.33714 0
0.182233 0.0325419 0.785226
0.40296 0.59704 0
0.109317 0.890683 0
0.292398 0.707602 0
0.812473 0.187527 0
0.243237 0.359193 0.39757
0.369707 0.251543 0.378749
0.314248 0.435752 0.25
9.8832e-18 1 0
0.0802577 0.433947 0.485796
0.75 0 0.25
0.601548 0.148452 0.25
0 0.75 0.25
0.202991 0.439467 0.357543
0.130477 0.12589 0.743633
0.407574 0.171845 0.42058
0.344951 0.0789208 0.576128
0.161741 0.396654 0.441605
0 0.476039 0.523961
0.567564 0.108096 0.324339
0.0364448 0.963555 0
0.117184 0.476145 0.406671
0.513997 0.486003 0
0.145858 0.854142 0
0.211627 0.0859859 0.702387
0.588306 0.411694 0
0.448904 0.217693 0.333402
0.0285378 0.405221 0.566242
0.218967 0.781033 0
0.144396 0 0.855604
