0.688576 0.0439891 0.267434
0.610584 0.389416 0
0.274405 0.111163 0.614432
0.321599 0.0197267 0.658674
0.170285 0.342806 0.486909
0.0858163 0.625785 0.288398
0.494995 0.505005 0
3.70248e-17 0.517014 0.482986
0.249001 0.195671 0.555328
0.12359 0.421891 0.454519
0.144392 0.21372 0.641889
0.68804 0.31196 0
0.0758355 0.0736022 0.850562
0.113565 0.886435 0
0.235775 0.0726137 0.691611
0.35401 0.072753 0.573237
0.0378396 0.96216 0
0.0799777 0.262692 0.65733
0.418206 0.581794 0
0.0967772 0.12713 0.776092
0.533431 0.466569 0
0.0448046 0.59068 0.364516
0.442292 0.0219334 0.535775
0.151415 0.848585 0
0.189371 0.810629 0
0.649262 0.350738 0
2.20898e-17 0.308462 0.691538
0.960837 0.0391633 0
0.57208 0.42792 0
0.438074 0.25217 0.309755
0.0378123 0.456059 0.506128
0.0831533 0.381492 0.535354
0 0.75 0.25
0.843589 0.156411 0
0.379878 0.620122 0
0.223255 0.484177 0.292568
0.129924 0.536768 0.333307
0.0312692 0.347729 0.621002
0.656332 0 0.343668
0.211461 0.369024 0.419515
0.510195 0 0.489805
4.90228e-17 8.97551e-17 1
0.0577993 0.692201 0.25
0.55338 0.19662 0.25
7.16127e-17 1 0
0.386955 0.224947 0.388098
0.804621 0.195379 0
0.583259 0 0.416741
0.332259 0.379397 0.288344
0.20621 0.54379 0.25
0.27072 0 0.72928
0.603464 0.0850972 0.311439
0.122102 0.310049 0.567849
0.341688 0.658312 0
0.472841 0.181045 0.346114
0.299967 0.450033 0.25
0.402627 0.347373 0.25
0.554257 0.0595715 0.386172
0.0136336 0.165846 0.82052
4.11246e-17 0.574265 0.425735
0.265455 0.734545 0
0.765692 0.234308 0
1.69817e-17 0.237132 0.762868
0.156818 0.104448 0.738734
0.227405 0.772595 0
0.434343 0.148528 0.417129
0.195622 0.0293864 0.774991
0.478006 0.271994 0.25
0.253569 0.408607 0.337824
0.189751 0.150653 0.659596
0.149932 0.600068 0.25
5.87256e-17 0.667334 0.332666
0.222902 0.276028 0.50107
0.301304 0.257242 0.441454
0.0691647 0.201552 0.729284
0.398718 0.105712 0.49557
0.921683 0.078317 0
0.882649 0.117351 0
0.315812 0.152716 0.531472
0.532812 0.138564 0.328624
0.480817 0.0782904 0.440893
0.0757003 0.9243 0
0.629709 0.120291 0.25
0.726799 0.273201 0
0.75 0 0.25
0.0977429 0 0.902257
9.53369e-17 0.110196 0.889804
0.0840308 0.50158 0.41439
0.281377 0.330223 0.3884
2.99426e-17 0.418119 0.581881
0.39242 0 0.60758
0.357595 0.300016 0.342389
0.456559 0.543441 0
0.303532 0.696468 0
0.346076 0.188362 0.465562
0.177831 0.238933 0.583236
0.170967 0.454888 0.374145
1 0 0
0.164877 0 0.835123
0.0247404 0.0372192 0.93804
