0.238548 0.761452 0
0.0318009 0.0284737 0.939725
0.720135 0.279865 0
0.367755 0.0894479 0.542797
0.138971 0.611029 0.25
0.278473 0.721527 0
0.465469 5.16774e-17 0.534531
0.101166 0.450861 0.447973
0.599641 0.400359 0
0.75 0 0.25
0.282309 0.331132 0.386559
0.760291 0.239709 0
0.0556327 0.248813 0.695555
0.242975 0.0866506 0.670375
0.0643512 0.406462 0.529187
0.100635 0.57672 0.322644
0.278634 0 0.721366
0.398454 0.601546 0
0.0727676 0.66937 0.257863
0.624219 0 0.375781
0.188836 0.544514 0.26665
0.438657 0.561343 0
0.31838 0.68162 0
0.0396412 0.960359 0
0.0212321 0.618549 0.360219
1 0 0
0.443317 0.234516 0.322167
2.29441e-18 0.284534 0.715466
0.177143 0 0.822857
0.671547 0.0145903 0.313862
0.434944 0.172397 0.392659
0.283821 0.134068 0.582111
0.527822 5.86e-17 0.472178
0.263913 0.486087 0.25
0.519145 0.480855 0
0.247149 0.410153 0.342698
0.159261 0.251402 0.589337
0.679976 0.320024 0
0.118987 0.881013 0
0.205516 0.169012 0.625472
0.34116 0.40884 0.25
6.04782e-18 0.75 0.25
0.396822 0.332553 0.270625
0.0793035 0.920697 0
0.960087 0.0399133 0
0.127168 0.208546 0.664286
0.639775 0.360225 0
0.0680256 0.5294 0.402575
0.291093 0.251406 0.457501
0.15881 0.84119 0
0.545038 0.165011 0.289951
0.186211 0.401273 0.412516
0.800369 0.199631 0
0.165992 0.125724 0.708284
0.0800672 0.0635148 0.856418
0.144758 0.493271 0.361972
0 0.684215 0.315785
0.209295 0.0367976 0.753907
0.920166 0.0798339 0
0.19561 0.28862 0.51577
0.478054 0.0778298 0.444116
0.525606 0.224394 0.25
0.370855 0.214122 0.415024
0.46056 0.28944 0.25
0.21536 0.467062 0.317578
0.407812 0.119785 0.472403
0.0836626 0.169623 0.746714
0.356383 0.287309 0.356308
0.0755472 0.300724 0.623729
0.327903 0.171969 0.500128
2.90038e-18 0.359681 0.640319
0.105224 0 0.894776
0.316925 0.372122 0.310953
0.880228 0.119772 0
0.684021 0.0659785 0.25
0.316538 0.0608918 0.62257
0.55569 0.0392544 0.405056
0.0108895 0.495561 0.49355
0.105189 0.33544 0.55937
0.147225 0.368177 0.484598
0.618031 0.131969 0.25
0.590444 0.0824117 0.327144
0.358455 0.641545 0
0.404539 0.017843 0.577618
1.04835e-17 0.101884 0.898116
0.478899 0.521101 0
0.030462 0.141634 0.827904
0.198686 0.801314 0
0.350523 0 0.649477
6.29391e-17 0.566905 0.433095
0.124949 0.0892485 0.785802
1.68935e-18 0.209499 0.790501
0.840309 0.159691 0
0 0 1
0.559369 0.440631 0
0.507854 0.129225 0.362921
0.244897 0.212417 0.542686
0.235185 0.319458 0.445357
0 0.433613 0.566387
1.11022e-16 1 0
