0.236335 0.117485 0.646179
0.685023 0.314977 0
0.524607 0 0.475393
0.467368 0.282632 0.25
0.37015 0.37985 0.25
0.882398 0.117602 0
0.123376 0.558391 0.318233
0.605584 0.394416 0
0.30081 0.412729 0.286461
0.122144 0.877856 0
0.282946 0.155732 0.561322
0 0.554759 0.445241
0.960855 0.0391453 0
0.171956 0 0.828044
0.159713 0.590287 0.25
0.284676 0.715324 0
0.649397 0.100603 0.25
0.498685 0.184986 0.316329
0.534546 0.215454 0.25
0.724602 0.275398 0
0.525981 0.474019 0
0.0909185 0.659081 0.25
0.149667 0.347274 0.50306
0.267917 0.482083 0.25
0.0579956 0.35932 0.582684
0.325358 0.334144 0.340499
0.400923 0.308235 0.290841
0.843094 0.156906 0
0.321486 0.0732739 0.60524
0.057421 0.162586 0.779993
0 0.629846 0.370154
0.358081 0.11398 0.527938
0.325143 0.674857 0
0.580976 0.148957 0.270067
1 0 0
0.31637 0.204348 0.479282
0.27954 0.0325619 0.687898
0.691145 0.0281339 0.280721
0.162893 0.837107 0
0.453259 0.0205045 0.526236
0.146222 0.276929 0.576849
0.0999726 0 0.900027
0.0759282 0.0830759 0.840996
0.148091 0.0595576 0.792352
2.44011e-19 1.10778e-16 1
0.445894 0.554106 0
0.460154 0.143368 0.396478
0.0853705 0.396269 0.51836
0.284252 0.284993 0.430755
0.357594 0.255406 0.387
0.496055 0.067617 0.436329
0.15424 0.194803 0.650956
0.210654 0.186453 0.602893
0.149012 0.479601 0.371387
0.082452 0.512193 0.405355
0.423312 0.0919562 0.484732
0.405536 0.594464 0
0.0814412 0.918559 0
0.0594102 0.596871 0.343718
0.56575 0.43425 0
0.412167 0 0.587833
0.0743335 0.292557 0.63311
1.30832e-17 1 0
0.388743 0.174167 0.43709
0.0646251 0.460193 0.475182
0.199914 0.521417 0.278669
0.0863736 0.221325 0.692301
0.646787 0 0.353213
0.347 0 0.653
0.21181 0.317305 0.470885
0.645326 0.354674 0
0.75 0 0.25
0 0.479074 0.520926
0.608934 0.068991 0.322075
0.00601839 0.256572 0.73741
0 0.75 0.25
0.365437 0.634563 0
0.428811 0.226558 0.34463
0.243968 0 0.756032
0 0.324496 0.675504
0.537962 0.104729 0.357309
0.0261929 0.0381555 0.935652
0.222484 0.4419 0.335616
0.167067 0.405918 0.427015
0.578503 0.0154938 0.406003
0.236212 0.241295 0.522493
0.921662 0.0783385 0
0.244173 0.755827 0
0.124067 0.136649 0.739285
0.203544 0.796456 0
0.0407589 0.959241 0
0.486008 0.513992 0
0.764213 0.235787 0
0.0168523 0.687149 0.295999
0 0.187826 0.812174
0 0.111939 0.888061
5.25649e-18 0.401773 0.598227
0.249546 0.366888 0.383566
0.196784 0.0891237 0.714092
0.803699 0.196301 0
