0.142389 0.0331132 0.824498
0.0639362 0.494661 0.441403
0.377697 0.305065 0.317237
0.0978435 0.275756 0.6264
0.0373033 0.962697 0
0.339125 0.401067 0.259809
0.000284394 0.594623 0.405093
0.525898 0 0.474102
0.920786 0.0792135 0
0.0745937 0.925406 0
0.169715 0.499928 0.330357
0.0674191 0.190077 0.742504
0.102841 0 0.897159
0.277124 0.472876 0.25
0.247043 0.442682 0.310276
0.392946 0.0198607 0.587193
0.214368 0.404437 0.381195
0.0655229 0.358245 0.576232
0.613353 0.136647 0.25
0.529048 0.470952 0
0.517847 0.232153 0.25
0.149454 0.850546 0
0.0587664 0.244698 0.696536
0 0.252287 0.747713
0.00161811 0.174608 0.823774
0.262104 0.737896 0
0.669134 0.0722289 0.258637
0.346173 0.267136 0.38669
0.252108 0.113688 0.634204
0.13744 0.452411 0.410148
0.723453 0.276547 0
0.0983868 0.12084 0.780774
0.203627 0.179634 0.616739
0.606454 0.393546 0
0.337575 0.662425 0
0.203886 0.546114 0.25
5.9795e-17 0.39767 0.60233
0.76266 0.23734 0
0.221392 0.276338 0.50227
1 0 0
0.881159 0.118841 0
0.00216159 0.327754 0.670085
0.540537 0.168892 0.290571
0.645539 0.354461 0
0.0585949 0.626316 0.315089
0.206428 0 0.793572
0.112044 0.887956 0
0.438247 0.215853 0.3459
0.265134 0.18917 0.545696
0.23733 0.0625196 0.700151
0.585 0.085628 0.329372
0.177744 0.363409 0.458847
0.408656 0.341344 0.25
0.54806 0.0439002 0.40804
0.0779234 0.672077 0.25
0.80221 0.19779 0
0.0916498 0.546555 0.361795
0.275815 0 0.724185
0.0968089 0.409271 0.49392
0.0293668 0.0316367 0.938996
0.567679 0.432321 0
0.345251 0 0.654749
0.359836 0.104279 0.535885
0.413849 0.586151 0
0.375549 0.624451 0
0.398553 0.182181 0.419265
0.841712 0.158288 0
1.8976e-17 1 0
0.139605 0.322307 0.538089
9.20191e-17 1.90033e-17 1
0.68422 0.31578 0
0.260269 0.318555 0.421176
0.341538 0.164157 0.494305
0.172531 0.24416 0.583309
0.0143785 0.452488 0.533134
0.683127 0.00538483 0.311488
0.224426 0.775574 0
4.13481e-18 0.105102 0.894898
0.496448 0.134078 0.369474
2.05802e-17 0.523121 0.476879
0.186888 0.813112 0
0.0650824 0.0806851 0.854232
0.960321 0.0396787 0
0.298781 0.358095 0.343124
0.75 0 0.25
0.452134 0.547866 0
0.137594 0.594437 0.267969
0.174003 0.0911917 0.734805
0.299804 0.700196 0
0.303172 0.236092 0.460737
0.458121 0.100114 0.441765
0.621611 0 0.378389
0.458906 0.268324 0.27277
0.315014 0.0799076 0.605078
0.459406 0 0.540594
0 0.75 0.25
0.148537 0.165805 0.685658
2.64487e-17 0.672292 0.327708
0.429012 0.0675681 0.50342
0.490537 0.509463 0
