3.26053e-17 0.463516 0.536484
0.641 0 0.359
0.246149 0.0799718 0.673879
0.247737 0.481751 0.270511
0.0116086 0.520671 0.46772
0.252806 0.213279 0.533916
0.66578 0.0842197 0.25
2.29737e-17 0.140434 0.859566
0.83657 0.16343 0
0.31439 0.68561 0
0.104779 0.0300049 0.865216
0.334556 0.299385 0.366058
0.475653 0 0.524347
0.446686 0.0621062 0.491207
9.64664e-17 0.589682 0.410318
0.122061 0.627939 0.25
0 0 1
0.145773 0.19018 0.664046
0.318573 0.0599937 0.621433
0.226092 0.422088 0.35182
4.22337e-17 0.258167 0.741833
0.319517 0.430483 0.25
0.00634609 0.074049 0.919605
0.368529 0.0931597 0.538312
0.291979 0.384178 0.323842
0.493762 0.089789 0.416449
0.408983 0.138235 0.452781
0.411906 0.257 0.331095
0.553225 0.446775 0
0.593372 0.406628 0
0.0947055 0.482652 0.422642
0.115198 0.270608 0.614194
0.545586 0 0.454414
0.271362 0 0.728638
0.117237 0.882763 0
0.0905251 0.599212 0.310263
1 0 0
0.344018 0 0.655982
0.0968104 0.344279 0.55891
0.288434 0.132694 0.578872
0.0356306 0.297919 0.666451
0.329633 0.175557 0.49481
0.168786 0 0.831214
0.046981 0.687617 0.265402
0.674059 0.325941 0
0.502051 0.2068 0.291148
0.235358 0.764642 0
0.188373 0.240233 0.571394
0.353998 0.646002 0
0.918189 0.0818111 0
0.281545 0.260796 0.457659
0.714511 0.285489 0
0.133355 0.394845 0.471799
0.473386 0.526614 0
0.576151 0.173849 0.25
0.0756414 0.0995103 0.824848
0.216246 0.159179 0.624574
0.166085 0.447726 0.38619
0.433588 0.566412 0
0.481904 0.268096 0.25
7.03436e-17 1 0
0.0743813 0.220194 0.705425
0.795802 0.204198 0
0.078126 0.921874 0
0.261272 0.332654 0.406073
0.198168 0.0347492 0.767083
0.149013 0.520752 0.330235
0.106393 0.138403 0.755204
0.685593 0.0198295 0.294577
0.513181 0.486819 0
0.195912 0.804088 0
0.0206801 0.188086 0.791234
0.633577 0.366423 0
2.51643e-17 0.357734 0.642266
0.201871 0.357798 0.440331
0.40702 0.00851106 0.584469
0.156494 0.843506 0
0.174416 0.310621 0.514963
0.365085 0.353347 0.281568
0.605603 0.0973221 0.297075
0.393721 0.606279 0
0.451852 0.175442 0.372706
0.274822 0.725178 0
0.424214 0.325786 0.25
0.0660125 0.431196 0.502792
0.532539 0.129163 0.338298
0.87742 0.12258 0
0.367244 0.219318 0.413439
0.0246224 0.39147 0.583908
0.172684 0.10886 0.718456
0.197689 0.552311 0.25
0 0.75 0.25
0.0643287 0.55734 0.378331
0.755149 0.244851 0
0.959083 0.040917 0
1.07881e-16 0.659457 0.340543
0.065353 0 0.934647
0.574578 0.0415595 0.383863
0.0390349 0.960965 0
0.75 0 0.25
