3.93792e-18 0.539267 0.460733
0.195565 0.759325 0.0464508
0.164111 0.376388 0.459501
0.0424509 0.957549 0
0.347881 0.392314 0.259805
0.146124 0 0.853876
0.348156 0.138957 0.512887
0.078699 0.317678 0.603623
0.0736287 0.601053 0.325318
4.71543e-18 0.645741 0.354259
0.294706 0.0907849 0.614509
6.1074e-17 0.17286 0.82714
0.165783 0.825045 0.00955066
0.107431 0.065291 0.827278
0.431108 0.10184 0.467052
4.74651e-17 0.361581 0.638419
2.15015e-17 2.78466e-18 1
0.107537 0.642463 0.25
0.158238 0.0968983 0.744864
0.179608 0.484224 0.336168
9.54711e-18 0.471491 0.528509
0.119839 0.17798 0.702181
0.0271305 0.570322 0.402547
1 0 0
0.666299 0.0837008 0.25
0.160744 0.276427 0.562829
0.75 8.32667e-17 0.25
0.344958 0.264832 0.39021
0.603951 0.13073 0.26532
0.631809 0 0.368191
0.459087 0 0.540913
0.475799 0.138265 0.385936
0.287715 0.462285 0.25
0.960944 0.0390564 0
0.765497 0.234503 0
0.804589 0.195411 0
0.571007 0.428993 0
0.334978 0 0.665022
0.34022 0.65978 0
0.487735 0.0276323 0.484632
0.0597102 0.217695 0.722595
6.00009e-17 0.247637 0.752363
0.240624 0.0654989 0.693877
0.687428 0.312572 0
0.561802 0 0.438198
0.149588 0.56905 0.281362
0.312906 0.219316 0.467777
0.0848998 0.9151 0
0.13709 0.441726 0.421183
0.0286027 0.40465 0.566747
0.271558 0.728442 0
0.476074 0.261708 0.262219
0.218413 0.398005 0.383581
0.39189 0.18093 0.42718
0.102586 0.519932 0.377482
0.416672 0.583328 0
5.47677e-18 0.75 0.25
0.682704 0.0164039 0.300892
0.0324379 0.688161 0.279401
0.0767244 0.13913 0.784146
0.648514 0.351486 0
0.574438 0.0875864 0.337975
0.209152 0.193965 0.596883
0.843695 0.156305 0
0.394908 0.00438149 0.60071
0.372722 0.0684868 0.558791
0.196069 0.140384 0.663547
0.266193 0 0.733807
0.203788 0.30641 0.489802
0.51441 0.169931 0.315659
0.216207 0.533793 0.25
4.24199e-17 1 0
0.0771989 0.00179061 0.921011
0.609679 0.390321 0
0.546839 0.203161 0.25
0.126997 0.235211 0.637793
0.0693928 0.453958 0.476649
0.244818 0.242365 0.512818
0.304045 0.352214 0.343741
0.383617 0.300723 0.315661
0.255702 0.433388 0.31091
0.493643 0.506357 0
0.378446 0.621554 0
0.431799 0.221486 0.346715
0.127353 0.872647 0
0.198135 0.0165902 0.785275
7.85849e-17 0.0632987 0.936701
0.262122 0.316005 0.421873
0.275674 0.164066 0.56026
0.455042 0.544958 0
0.921873 0.0781268 0
0.22925 0.679882 0.093325
0.418223 0.331777 0.25
0.111227 0.360578 0.528196
0.0278767 0.100591 0.871532
0.0263921 0.291552 0.682056
0.882786 0.117214 0
0.524966 0.0659489 0.409085
0.726477 0.273523 0
0.532267 0.467733 0
