0.538947 0.211053 0.25
0.0812889 0.668711 0.25
0.486021 0.0580911 0.455888
0.0690422 0.0123299 0.918628
0.0426451 0.957355 0
0.375947 4.17385e-17 0.624053
0.0251914 0.457021 0.517788
0.0261857 0.34906 0.624755
0.195598 0.554402 0.25
0.0394009 0.628355 0.332244
0.442348 9.82211e-17 0.557652
0.336715 0.233343 0.429942
0.0661859 0.501259 0.432555
0.877746 0.122254 0
0.170299 0.829701 0
0.285834 0.376323 0.337843
0.507113 0.492887 0
0.381536 0.618464 0
0.470112 0.245684 0.284204
0.918577 0.0814228 0
0.713833 0.286167 0
0.105965 0.416558 0.477476
0.126466 0.600784 0.27275
0.0727787 0.281254 0.645967
2.77916e-18 0.0667533 0.933247
0.0961401 0.0780309 0.825829
0.018041 0.114706 0.867253
0.213989 0.209261 0.576749
0.254936 0.745064 0
0.411418 0.0713073 0.517275
0.100938 0.205996 0.693066
0.27504 3.05356e-17 0.72496
0.606407 0.0664917 0.327102
0.837029 0.162971 0
0.304542 0.163547 0.531911
0.513976 5.70627e-17 0.486024
0.17444 0.0567726 0.768787
0 0.416024 0.583976
0.202376 0.40497 0.392654
0.0851617 0.914838 0
0.689977 0.0293521 0.280671
0.339487 0.660513 0
0.548641 0.451359 0
0.533653 0.0928123 0.373534
0.755097 0.244903 0
0.297286 0.702714 0
0.22472 0.0839258 0.691354
1 0 0
2.48518e-17 0.596921 0.403079
0.212771 0.787229 0
0.341839 0.0877479 0.570413
0.333798 0.416202 0.25
0.577387 0.143689 0.278923
0.590253 0.409747 0
0.26216 0.12484 0.613
0 0.526958 0.473042
0.256013 0.323599 0.420388
0.576112 0.00787814 0.41601
0.155652 0.312469 0.531878
0.132072 1.46629e-17 0.867928
0.647422 0.102578 0.25
0.0816725 0.36392 0.554407
0.229016 0.284697 0.486288
0.423529 0.576471 0
0.496905 0.168372 0.334722
0.140891 0.126349 0.73276
0.0677643 0.156134 0.776101
0.142261 0.471489 0.38625
6.58176e-17 1 0
0.12779 0.87221 0
0.13817 0.255683 0.606148
0.307692 0.0368038 0.655504
0.376786 0.15005 0.473164
0.175457 0.367602 0.456941
0.392419 0.271886 0.335696
9.55639e-18 0.75 0.25
0.232889 0.447427 0.319684
0 0.186786 0.813214
0.203554 4.5198e-17 0.796446
0.179377 0.167627 0.652997
1.08309e-16 2.71349e-18 1
0.631491 0.368509 0
0.366204 0.349246 0.28455
0.320727 0.301587 0.377687
0.0906522 0.553226 0.356121
0.9593 0.0406997 0
1.05595e-16 0.691718 0.308282
0.171053 0.516233 0.312714
0.0177235 0.241098 0.741178
0.465366 0.534634 0
0.796125 0.203875 0
0.646101 7.17316e-17 0.353899
0.418404 0.200389 0.381207
0.672734 0.327266 0
0.452087 0.126242 0.421672
0.75 0 0.25
0.435634 0.314366 0.25
0 0.30722 0.69278
0.26662 0.48338 0.25
0.270976 0.224038 0.504986
