0.355336 0.394664 0.25
0.148445 0.601555 0.25
0.615474 0.029774 0.354752
0.428951 0.170049 0.401
0.21125 0.15124 0.63751
0.097622 0.269112 0.633266
1.69203e-17 0.38207 0.61793
0.248026 0.0722447 0.679729
0.91522 0.0847797 0
0.328366 0.671634 0
0.577981 0.422019 0
0.28803 0.110494 0.601476
0.292946 0.240482 0.466572
0.0896421 0.469959 0.440399
0.398591 0.294985 0.306424
0.583902 0.102019 0.314079
1.1228e-17 0.253535 0.746465
0.573192 0 0.426808
0.248941 0.501059 0.25
0.536067 0.463933 0
0.061243 0.688757 0.25
0.452693 0.547307 0
0.175256 0.543314 0.28143
0.75 0 0.25
2.64769e-17 0.597864 0.402136
0.367961 0.258078 0.373961
0.287047 0.712953 0
0.369613 0.630387 0
0.321678 0.345525 0.332797
0.672299 0 0.327701
0.175466 0.232491 0.592043
0.788238 0.211762 0
0.494315 0.505685 0
0.459112 0.216696 0.324192
0.830512 0.169488 0
0.122646 0.877354 0
0.504941 0 0.495059
0.242615 0.388561 0.368825
0.0124763 0.312145 0.675379
0.0711444 0.344967 0.583889
0.163658 0.836342 0
0.0333549 0.423379 0.543266
0.2881 0.43107 0.28083
0.494144 0.252403 0.253453
0.557736 0.192264 0.25
0.411027 0.588973 0
0.0408121 0.959188 0
0.162773 0.429421 0.407806
0.284919 0 0.715081
0.0633606 0.221713 0.714926
0.275697 0.310683 0.41362
0.745966 0.254034 0
0.661651 0.338349 0
0.0816663 0.918334 0
5.46005e-18 1.05562e-16 1
0.537957 0.065114 0.396929
0.14577 0.311108 0.543121
0.439854 0.0312312 0.528915
0.331422 0.0223251 0.646253
0.508176 0.142592 0.349232
2.14483e-17 0.484316 0.515684
0.129616 0.515194 0.35519
0.426663 0.323337 0.25
0.216539 0.017822 0.765639
0.0639922 0.0876546 0.848353
0.00582726 0.182088 0.812085
5.10702e-18 0.11532 0.88468
4.42858e-17 1 0
0.171893 0.104821 0.723286
0.397669 0.119354 0.482977
0.400013 0 0.599987
0.136515 0.186051 0.677434
0.361838 0.0760524 0.562109
0.957586 0.0424137 0
0.204757 0.795243 0
0.113692 0.390557 0.495751
0.0207675 0.0415053 0.937727
0.0945823 0 0.905418
0.0906293 0.144544 0.764827
0.685753 0.0550444 0.259203
0 0.75 0.25
0.017455 0.525648 0.456897
0.0838655 0.617752 0.298383
0.355075 0.203913 0.441012
0.626381 0.123619 0.25
0.206433 0.465219 0.328348
0.13257 0.0643056 0.803125
0.221174 0.275124 0.503702
0.250972 0.194827 0.554201
0.703738 0.296262 0
0.469848 0.087804 0.442348
0.245893 0.754107 0
0.0624692 0.562293 0.375237
0.165005 0 0.834995
0.619852 0.380148 0
0.323232 0.156824 0.519944
0.193858 0.351053 0.455089
1 0 0
0 0.6691 0.3309
0.872831 0.127169 0
