0.109561 0.575849 0.31459
0.304678 0.0662955 0.629026
0.0714285 0.534628 0.393943
0.152379 0.0035298 0.844091
0.274421 0.402724 0.322855
0.426614 0.235091 0.338294
0.0313688 0.451797 0.516834
0.57308 0.0969805 0.32994
0.403431 0 0.596569
0.0375625 0.962438 0
7.09286e-18 0.141335 0.858665
0.301955 0.698045 0
1 0 0
0.61092 0.135879 0.253201
0.395968 0.3127 0.291333
0.267079 0.141147 0.591774
0.169186 0.366673 0.464141
0.305296 0.444704 0.25
0.198352 0.418801 0.382847
3.1111e-17 0.254902 0.745098
0.37824 0.62176 0
0.0195014 0.183094 0.797404
0.803615 0.196385 0
0.567409 0 0.432591
0.376079 0.199254 0.424666
0.416486 0.583514 0
0.0317653 0.621405 0.34683
0.54188 0.20812 0.25
0.0918179 0.271485 0.636697
0.531872 0.468128 0
0.75 0 0.25
0.509719 0.179083 0.311198
0.0747948 0.671859 0.253346
0.206471 0.28363 0.509899
0.236044 0.474835 0.289121
0.882045 0.117955 0
7.80633e-17 0.686759 0.313241
0.20813 0.54187 0.25
0.0958648 0.399417 0.504718
0.333126 0 0.666874
0.476882 0.0849042 0.438214
0.264507 0.0264667 0.709026
0.226059 0.773941 0
0.150428 0.849572 0
0.241303 0.206258 0.55244
8.62293e-18 0.0706504 0.92935
0.764602 0.235398 0
0.112771 0.887229 0
0.0751254 0.924875 0
0.324012 0.167593 0.508395
0.263975 0.736025 0
0.0912848 0.149735 0.758981
0.141105 0.608895 0.25
0 0 1
0.220391 0 0.779609
0.110168 0.0880514 0.80178
0.539845 0.063015 0.39714
0.725674 0.274326 0
0.680139 0.0698613 0.25
0.371442 0.378558 0.25
0.404565 0.12331 0.472126
0.469229 0.280771 0.25
0.341452 0.275097 0.38345
0.339974 0.660026 0
0.436415 0.0378743 0.525711
5.86863e-17 0.516291 0.483709
0.460883 0.155857 0.38326
4.76032e-17 0.418788 0.581212
0.188156 0.811844 0
0.183579 0.0754479 0.740974
0.501485 0 0.498515
1.63624e-17 0.326043 0.673957
0.249451 0.325883 0.424666
8.52518e-17 0.75 0.25
6.6311e-17 0.583369 0.416631
0.171295 0.226575 0.60213
5.01848e-17 1 0
0.493277 0.506723 0
0.454876 0.545124 0
0.308403 0.344283 0.347314
0.156444 0.499561 0.343995
0.143017 0.174778 0.682205
0.57039 0.42961 0
0.686769 0.313231 0
0.289533 0.245043 0.465424
0.0782197 0 0.92178
0.356534 0.0888598 0.554606
0.063862 0.227292 0.708845
0.0633539 0.0589034 0.877743
0.84282 0.15718 0
0.110761 0.457923 0.431316
0.647948 0.352052 0
0.633347 0 0.366653
0.664656 0.0252545 0.31009
0.960597 0.0394026 0
0.0454882 0.354086 0.600426
0.129048 0.316779 0.554173
0.21922 0.118812 0.661968
0.609121 0.390879 0
0.92128 0.0787199 0
