0.180905 0.313191 0.505904
0.546866 0.0872131 0.365921
0.220231 0.779769 0
0.302692 0.420809 0.276499
0.064783 0.162496 0.772721
0.207296 0.122387 0.670316
9.33423e-18 0.541489 0.458511
0.257058 0.742942 0
0.594688 0.128846 0.276466
0.285836 0.0864529 0.627711
0.457393 0.132553 0.410054
0.206802 0.24824 0.544958
0.479132 0.520868 0
0.0580283 0.37052 0.571452
0.75 0 0.25
0.739793 0.260207 0
0.0921237 0.425399 0.482477
0.0872498 0.0838902 0.82886
0.293991 0.706009 0
1.72381e-17 1 0
0.262437 0.282319 0.455243
1 0 0
0.665495 0.0845045 0.25
0.777035 0.222965 0
2.09939e-18 0.203095 0.796905
0.330902 0.669098 0
0.155247 0.594753 0.25
0.516307 0.483693 0
0.522866 0 0.477134
0.169579 0.409135 0.421286
0.690806 0 0.309194
0.506805 0.164289 0.328907
0.475022 0.24364 0.281338
0.594089 0 0.405911
0.146657 0.853343 0
0.259754 0.490246 0.25
0.104971 0.554523 0.340505
0.018876 0.595767 0.385357
0.0586808 0.691319 0.25
0.925771 0.0742286 0
0.85145 0.14855 0
0.341466 0.339833 0.318701
0.0173801 0.0662526 0.916367
7.75275e-18 0.75 0.25
1.14741e-17 0.665628 0.334372
0.62542 0.0401317 0.334448
0.553446 0.446554 0
0.371636 0.378364 0.25
0.7025 0.2975 0
0.590668 0.409332 0
0.549434 0.200566 0.25
5.55655e-18 0.322342 0.677658
0.22141 0.443743 0.334847
0.39145 0 0.60855
0.404936 0.595064 0
0.159778 0.225059 0.615163
0.242133 0.169611 0.588256
0.166704 0.0490054 0.78429
0.31954 0 0.68046
0.0732638 0.926736 0
0.188764 0.525309 0.285927
0.137087 0 0.862913
0.332163 0.253967 0.41387
0.88862 0.11138 0
0.627927 0.372073 0
0.108487 0.202376 0.689137
0.217983 0.345713 0.436305
0.183429 0.816571 0
0.326034 0.134019 0.539947
0.267586 0.36532 0.367094
0.441989 0.558011 0
0.382895 0.278326 0.338779
0.0802294 0.286191 0.63358
0.814237 0.185763 0
0.0365878 0.963412 0
7.07477e-17 4.02746e-17 1
0.141276 0.479221 0.379503
0.2279 0 0.7721
0.022822 0.251521 0.725657
1.34157e-18 0.129784 0.870216
0.242927 0.0457891 0.711284
0.96289 0.0371103 0
0.367877 0.632123 0
0.0814427 0.627515 0.291042
0.290203 0.208632 0.501166
0.44085 0.30915 0.25
0.0685583 0 0.931442
0.421615 0.207541 0.370844
0.373009 0.172597 0.454394
4.11716e-18 0.398293 0.601707
0.361277 0.0609501 0.577773
0.109902 0.890098 0
0.139591 0.130318 0.730091
0.665201 0.334799 0
0.0049128 0.468083 0.527004
0.411945 0.0924436 0.495612
0.0666129 0.505689 0.427698
0.49443 0.0610626 0.444508
0.45308 0.00901918 0.537901
0.123772 0.335838 0.54039
