0.0719673 0.928033 0
0.0570854 0.441333 0.501581
5.12059e-17 0.47042 0.52958
0.160946 0.455623 0.383431
0.180106 0.819894 0
0.612653 0.387347 0
0.606085 0.0777072 0.316207
0.298858 0.451142 0.25
0.120839 0.152347 0.726813
0.0980962 0.0591333 0.84277
0.0360181 0.963982 0
0.375705 0.0855404 0.538754
0.0521135 0.0126755 0.935211
0.400775 0.211867 0.387358
6.65013e-17 0.159384 0.840616
0.512854 0.237146 0.25
0.324817 0.675183 0
0.251698 0.288122 0.46018
0.469634 0.530366 0
0.108934 0.273935 0.617131
1 0 0
0.196178 0.492901 0.310922
0.445464 0.264464 0.290071
0.149203 0.586068 0.264729
0.296031 0.194774 0.509195
0.338065 0.380648 0.281288
0.683934 0.316066 0
0.0714976 0.123146 0.805356
0.291563 0.334746 0.373691
0.0810905 0.498075 0.420834
0.689502 0.0348166 0.275681
0.860239 0.139761 0
0.268704 0.0120947 0.719201
0.0730315 0.23501 0.691959
0.41027 0.33973 0.25
0.75 8.32667e-17 0.25
0.53347 5.92271e-17 0.46653
5.94678e-17 0.54632 0.45368
0.170936 0.334821 0.494243
0.127379 0.408647 0.463974
0.0227028 0.324502 0.652795
0.210408 0.373625 0.415967
0.577097 0.422903 0
0.43054 0.122724 0.446736
0.368085 0.295648 0.336267
0.20704 0.174378 0.618582
0.789965 0.210035 0
0.252388 0.747612 0
0.216255 0.783745 0
0.50078 0.0833713 0.415848
0.107926 0.892074 0
0.536925 0.127335 0.33574
0.223828 0.235953 0.540219
0.25086 0.414969 0.334171
0.12945 1.43719e-17 0.87055
0.648764 0 0.351236
0.0366522 0.585702 0.377646
0.314301 0.0638077 0.621891
0.208038 2.30968e-17 0.791962
2.1097e-18 1 0
0.0242586 0.204477 0.771264
0.343834 3.81732e-17 0.656166
0.470669 0.177014 0.352317
0 0.75 0.25
0.565777 0.172259 0.261963
0.433475 0.566525 0
0.36107 0.63893 0
3.31609e-20 1.10989e-16 1
0.895405 0.104595 0
0.112721 0.54812 0.339159
0.359273 0.162818 0.477908
0.151634 0.292908 0.555458
0.930241 0.0697587 0
0.965148 0.0348524 0
0.397316 0.602684 0
0.0998752 0.650125 0.25
0.639492 0.110508 0.25
0.541476 0.458524 0
0.149822 0.198618 0.651561
0.279622 0.137581 0.582797
0 0.275996 0.724004
0.578687 0.0259447 0.395369
0.167558 0.0746194 0.757822
0.0781245 0.360203 0.561672
0.648346 0.351654 0
0.225191 0.0984166 0.676392
0.505552 0.494448 0
0.719362 0.280638 0
0.825069 0.174931 0
0.143983 0.856017 0
0.223629 0.526371 0.25
0.288569 0.711431 0
0.462619 0.0312811 0.5061
0.754813 0.245187 0
0 0.394567 0.605433
0.326933 0.249451 0.423616
0.420581 0 0.579419
2.75621e-17 0.0900086 0.909991
0.032614 0.682728 0.284658
0 0.648093 0.351907
