0 0.166542 0.833458
0.12139 0.628609 0.25
0.428843 0.142402 0.428755
0.531978 0.468022 0
0.0905288 0.588647 0.320824
0.209037 0.40823 0.382734
0.382118 0.103778 0.514104
0.416863 0.583137 0
0.550415 0.137546 0.312039
0.157551 0.312635 0.529814
0.364223 0 0.635777
0.323635 0.290145 0.386221
0.0799785 0 0.920022
0.648096 0.351904 0
0.104784 0.254731 0.640485
0.30221 0.69779 0
0 0.75 0.25
0.200205 0.0219208 0.777875
0.325562 0.0765136 0.597925
0.686804 0.018141 0.295055
0.596491 0.0662712 0.337238
0.472214 0.181729 0.346057
0.114361 0.064526 0.821113
0.181372 0.556761 0.261868
0.75 0 0.25
0.0834029 0.371545 0.545052
0.378583 0.621417 0
0.842958 0.157042 0
0.340353 0.659647 0
0.358323 0.329996 0.311682
1 0 0
0.382099 0.221642 0.396259
0.140601 0.168742 0.690658
0.725816 0.274184 0
0.0253849 0.468921 0.505694
0.512907 0.0951028 0.391991
0.150627 0.849373 0
0.313653 0.425839 0.260508
0.281898 0.374475 0.343627
0.0164273 0.290795 0.692778
0.264193 0.735807 0
0.492231 0 0.507769
0 0.359241 0.640759
0.276472 0.239174 0.484355
0 1 0
0 0.428703 0.571297
0.570646 0.429354 0
0.0648595 0.207266 0.727874
0.921383 0.078617 0
0.286272 0.0352862 0.678442
0.107936 0.416251 0.475813
0.150304 1.66871e-17 0.849696
0.960696 0.0393043 0
0.227488 0.116129 0.656383
0.518759 0.231241 0.25
0.112902 0.887098 0
0.252611 0.497389 0.25
0.0181731 0.596022 0.385805
0.455167 0.544833 0
0.0346605 0.0955265 0.869813
0.305271 0.162396 0.532332
0.0732333 0.50611 0.420657
0.249053 0.319608 0.431339
1.89663e-17 0.237335 0.762665
0.075247 0.924753 0
0.129972 0.521385 0.348643
0.557789 0.00801756 0.434194
0.657249 0.0927504 0.25
0.188376 0.811624 0
0.882165 0.117835 0
0.174556 0.0937761 0.731668
0.260419 2.89124e-17 0.739581
0 0.659548 0.340452
0.588033 0.161967 0.25
0.220334 0.464121 0.315545
0.419437 0.0165196 0.564043
0.0480361 0.684919 0.267044
0.453216 0.294942 0.251843
0.493605 0.506395 0
0.630489 0 0.369511
0 0.541675 0.458325
0.764744 0.235256 0
0.261298 0.150543 0.588159
0.686941 0.313059 0
0.207029 0.248765 0.544206
0.350012 0.18894 0.461048
0.182037 0.357176 0.460787
0.0860977 0.134844 0.779059
0.383629 0.366371 0.25
0.462487 0.0661259 0.471387
0.0375849 0.962415 0
0.419586 0.25728 0.323134
5.04446e-18 0.0631238 0.936876
0.226272 0.773728 0
0.803769 0.196231 0
0.17887 0.207527 0.613603
0.0658154 0.326999 0.607185
0.146359 0.452812 0.400828
8.26943e-17 5.72467e-19 1
0.60932 0.39068 0
