0.0408115 0.959188 0
0.174546 0.516806 0.308648
0.39279 0.326012 0.281198
0.573755 0.176245 0.25
0.75 0 0.25
0.309926 0 0.690074
0.0916345 0.451057 0.457309
0.467241 0.282759 0.25
0.134706 0.379102 0.486193
0.280625 0.199906 0.51947
0.158027 0.154437 0.687536
0.219607 0.23067 0.549723
0.302895 0.120064 0.577041
0.0660553 0.305587 0.628358
0.445405 0.554595 0
0.384032 0.0799653 0.536003
0.92144 0.0785599 0
1.42797e-17 0.401824 0.598176
0.882055 0.117945 0
0.104515 0.0217472 0.873738
0.763698 0.236302 0
0.344427 0.299922 0.355651
0.302415 0.400722 0.296863
0.242575 0.293284 0.464142
0.324863 0.675137 0
0.103148 0.130996 0.765856
0.188504 0.393527 0.417968
0.0701699 0.192424 0.737406
0.485329 0.514671 0
0.272071 0.477929 0.25
1.18999e-17 0.334858 0.665142
0.684553 0.315447 0
0.203518 0.796482 0
0.690107 0.0312496 0.278644
2.20197e-17 0.660882 0.339118
2.10471e-17 0.592256 0.407744
0.312948 0.251843 0.435209
0.178103 0 0.821897
0.53649 0 0.46351
0.38695 0.207153 0.405897
0.350647 0.161935 0.487418
0.364906 0.385094 0.25
3.18891e-17 0.218926 0.781074
0.26844 0.0768846 0.654676
0.138752 0.475898 0.38535
0.162902 0.837098 0
0.241249 0.00976257 0.748988
0.42373 0 0.57627
0.579286 0.0272005 0.393514
1.00995e-16 6.55389e-17 1
5.26177e-18 0.148064 0.851936
0.12027 0.62973 0.25
0.196155 0.553845 0.25
0.110927 0.228099 0.660974
0.243945 0.756055 0
0.0920699 0.348413 0.559517
0.0434793 0.52626 0.430261
3.33187e-17 1 0
0.803215 0.196785 0
0.0692384 0.611815 0.318947
0.365072 0.634928 0
2.74327e-18 0.0771944 0.922806
0.0999583 0.551541 0.348501
0.426768 0.118933 0.454299
0.607467 0.0788122 0.313721
0.122332 0.877668 0
0.605113 0.394887 0
0.405231 0.594769 0
0.0395924 0.428266 0.532141
0.645383 0.104616 0.25
0.644777 0.355223 0
0.147277 0.262802 0.589921
0.208551 0.171564 0.619885
0.148172 0.0630446 0.788783
0.0626376 0 0.937362
0.842642 0.157358 0
0.284488 0.715512 0
0.224692 0.437018 0.338289
0.538437 0.123658 0.337905
0.565303 0.434697 0
0.198416 0.0913451 0.710238
0.176813 0.313203 0.509984
0.0458254 0.689411 0.264764
0.0815815 0.918418 0
0.0202293 0.26935 0.710421
1.77131e-17 0.498439 0.501561
0.648086 0 0.351914
0.525408 0.474592 0
0.500866 0.0802623 0.418871
1 0 0
2.66529e-17 0.75 0.25
0.42458 0.246591 0.328829
0.268887 0.347924 0.383189
0.506517 0.211464 0.282019
0.464208 0.165476 0.370316
0.960712 0.0392881 0
0.352795 0.0273503 0.619855
0.724157 0.275843 0
0.467266 0.0277799 0.504954
0.0631682 0.100691 0.836141
