0.250201 0.247258 0.502541
0.0845366 0.58011 0.335353
0.234561 0.166562 0.598877
0.194821 0.805179 0
0.454453 0.160918 0.384629
0.465336 0.534664 0
0.456918 0 0.543082
0.117006 0.882994 0
0.771644 0.228356 0
0.161267 0.419334 0.419399
0.20627 0.332164 0.461566
0.270982 0.42186 0.307158
0.923975 0.076025 0
0.0718027 0.00812198 0.920075
0.125369 0.624631 0.25
0.0845725 0.324399 0.591029
0.200265 0.463303 0.336432
0.431232 0.056486 0.512282
0.239628 0.0557388 0.704633
0.695338 0.304662 0
0.143591 0.112079 0.74433
0.0794089 0.459617 0.460975
0.621606 0.0718804 0.306513
0.396781 0.123163 0.480056
0.349619 0.650381 0
0.233664 0.766336 0
0.181458 0.145926 0.672617
0.0194912 0.605017 0.375492
0.064629 0.155147 0.780224
0.155925 0.844075 0
1.76828e-17 0.183449 0.816551
0.240956 0.376363 0.382681
0.580565 0.419435 0
0.73354 0.26646 0
0.0179389 0.111923 0.870139
0.604219 0 0.395781
0.657132 0.342868 0
6.62443e-17 1.00289e-16 1
0 0.670045 0.329955
0.885935 0.114065 0
0.204583 0.545417 0.25
0.160487 0.530664 0.308848
0.679081 0 0.320919
0.0373486 0.287272 0.675379
0.323599 0.340398 0.336003
0.511194 0.238806 0.25
0.384354 0 0.615646
0.308238 0.151039 0.540723
0.0924146 0.201206 0.706379
0.0947711 0.0751859 0.830043
7.22928e-17 0.75 0.25
0.405354 0.279501 0.315145
0.163738 0.293828 0.542434
0.668133 0.0818672 0.25
0.078043 0.921957 0
0.388162 0.611838 0
0 0.0648463 0.935154
0.0390607 0.960939 0
0.0569078 0.681559 0.261533
0 0.255026 0.744974
0.363443 0.257634 0.378923
0.20289 0.22211 0.575
0.107488 0.503965 0.388547
0.272338 0.727662 0
1 0 0
0.426794 0.573206 0
0.174295 0.0376401 0.788065
0.317416 0 0.682584
0.4812 0.209356 0.309444
0.565839 0.0568083 0.377353
0.128136 0.371865 0.499999
0 0.357611 0.642389
0.809756 0.190244 0
0.286369 0.292752 0.420879
0.542189 0.457811 0
0.847885 0.152115 0
0.276822 0.0931199 0.630059
0.389835 0.190613 0.419552
0 1 0
0.310995 0.689005 0
0.961987 0.0380133 0
0.436162 0.313838 0.25
0.503814 0.496186 0
0.363771 0.386228 0.25
0.586266 0.163734 0.25
0.75 0 0.25
0.351473 0.0721537 0.576373
0.0582055 0.400975 0.54082
0.23257 0 0.76743
0.126703 0.242558 0.630739
0.529405 0 0.470595
0.534592 0.13016 0.335248
0.137412 0 0.862588
0.618847 0.381153 0
4.15005e-17 0.430546 0.569454
5.39265e-17 0.559459 0.440541
0.486104 0.0848133 0.429083
0.326455 0.205496 0.46805
0.00719181 0.495595 0.497213
0.284197 0.465803 0.25
