0.0776679 0.408556 0.513776
0.725438 0.274562 0
0.259438 0.201501 0.539061
0.168472 0.129513 0.702016
0.224669 0.276581 0.49875
0.232421 0.517579 0.25
0.33111 0.41889 0.25
0.00634865 0.299073 0.694578
0.764574 0.235426 0
0.686486 0.313514 0
1.12262e-17 0.371941 0.628059
0.339611 0.660389 0
0.251352 0.0880596 0.660589
0.326625 0.0648348 0.60854
0.454226 0.545774 0
3.66506e-20 0.446208 0.553792
0.492762 0.507238 0
0.545019 0 0.454981
0.236804 0.402894 0.360302
0.173921 0.445173 0.380906
0.0746743 0.0672365 0.858089
1.66034e-17 0.550094 0.449906
9.30707e-17 0.233513 0.766487
0.034415 0.0254876 0.940097
0.183365 0 0.816635
0.362868 0 0.637132
0.960672 0.039328 0
0.473091 0.276909 0.25
0.0816288 0.601125 0.317246
0.402062 0.347938 0.25
8.32806e-21 0.101391 0.898609
0.882063 0.117937 0
0.0595353 0.350427 0.590037
0.26365 0.73635 0
0.00954816 0.161376 0.829076
0.489651 0.094695 0.415654
0.377708 0.622292 0
1 0 0
0.0275625 0.490375 0.482063
0.225316 0.0311354 0.743549
0.307799 0.358831 0.33337
0.0358357 0.687824 0.276341
0.407737 0.0244997 0.567763
0.531382 0.131391 0.337227
0.445601 0.0701244 0.484275
0.647667 0.352333 0
0.258501 0.453741 0.287758
0.422523 0.239541 0.337937
0.150203 0.849797 0
0.350138 0.260347 0.389515
0.608828 0.391172 0
0.365866 0.113185 0.520948
2.26371e-17 0.75 0.25
0.415973 0.584027 0
0.172782 0.243897 0.583321
0.13467 0.520907 0.344424
0.29398 0.137693 0.568327
0.315366 0.216709 0.467926
0.665648 0.0843516 0.25
0.531203 0.468797 0
0.575905 0.174095 0.25
0.301558 0.698442 0
0.150174 0.0800928 0.769733
0.112404 0.637596 0.25
1.96147e-17 9.14076e-17 1
0.291962 0 0.708038
0.842837 0.157163 0
0.476514 0 0.523486
0.0915238 0.122113 0.786363
0.143299 0.385531 0.47117
0.0689106 0.193914 0.737176
0.210228 0.167635 0.622137
0.0994082 0.473871 0.426721
0.0425696 0.568467 0.388963
0.110318 0 0.889682
0.0374822 0.962518 0
0.377142 0.313447 0.309411
0.397064 0.158615 0.444321
0.203834 0.353054 0.443112
0.276163 0.308643 0.415194
0.605042 0.0975262 0.297432
0.921347 0.078653 0
5.9037e-17 1 0
0.13513 0.319589 0.545282
0.450049 0.175335 0.374616
0.112508 0.887492 0
0.572287 0.0433856 0.384327
0.187903 0.812097 0
0.225713 0.774287 0
0.169606 0.561767 0.268627
0.685185 0.0195771 0.295238
0.75 0 0.25
0.569848 0.430152 0
0.0862431 0.27713 0.636626
0.505818 0.210196 0.283986
0.122165 0.210155 0.66768
0.803736 0.196264 0
0.0750153 0.924985 0
0.639904 0 0.360096
1.95321e-17 0.647129 0.352871
