0.778233 0.221767 0
0.0754175 0.579048 0.345535
0.331547 0.668453 0
0.214334 0.45325 0.332416
0.261944 0.374401 0.363655
0.379327 0.370673 0.25
0.0843468 0.0886233 0.82703
0.284347 0.165629 0.550025
0.368303 0.631697 0
0.257755 0.742245 0
0 0.0821325 0.917868
0.0197942 0.126956 0.85325
0.374049 0.182162 0.443789
0.591724 0.158276 0.25
0.390459 0.270757 0.338784
0.350445 0.0218229 0.627732
0.220818 0.779182 0
0.517931 0.232069 0.25
0.118901 0.496728 0.384371
0.474746 0.0181694 0.507084
0.0525216 0.0147948 0.932684
0.53716 0.46284 0
0.110147 0.143 0.746853
0.319669 0.094562 0.585769
0.386513 0.0756208 0.537866
0.246665 0.0199051 0.73343
0.0311034 0.426793 0.542104
0.740819 0.259181 0
0 0.75 0.25
1 0 0
0.546744 0.112755 0.340501
5.41316e-17 3.6074e-17 1
0.204194 0.0934389 0.702367
0.172059 0.299116 0.528825
0.26096 0.48904 0.25
0.589819 0.410181 0
0.342876 0.338442 0.318681
0.186757 0.563243 0.25
0.170705 0.417572 0.411723
0.305556 0.421029 0.273415
0.418443 0.109369 0.472188
0 0.289961 0.710039
0.505703 0.0719498 0.422347
0.310176 0.286335 0.403489
0.963236 0.0367636 0
0.127709 0.260718 0.611574
0.0282336 0.540957 0.430809
0.110144 0.889856 0
0.400293 0.583397 0.016711
0.0943815 0.214518 0.6911
0.471701 0.528299 0
0.665253 0.334747 0
0.547104 0 0.452896
0.183874 0.816126 0
0.193019 0 0.806981
0.70309 0.29691 0
0.432579 0.491422 0.0782903
0.0366899 0.96331 0
0.594551 0.0247589 0.38069
0.690087 0.059913 0.25
0.493318 0.193401 0.313281
0.445173 0.297684 0.257142
0.0654804 0.68452 0.25
0.00756737 0.669333 0.3231
0.665273 0 0.334727
1.09918e-16 0.497943 0.502057
0.463092 0.145216 0.391692
0.624588 0.0851974 0.290214
0 0.609957 0.390043
0.113699 0.619028 0.267273
0.75 0 0.25
0.815321 0.184679 0
0.310376 0.203246 0.486378
0.451465 0.434016 0.120271
8.5538e-17 0.3875 0.6125
0.156516 0.0632332 0.780251
0.889488 0.110512 0
0.926396 0.0736042 0
0.0301129 0.225686 0.744201
0.255942 0.266894 0.477165
0.159313 0.529215 0.311472
0.42314 0 0.57686
0.417173 0.215213 0.367613
0.0734074 0.926593 0
0.852668 0.147332 0
0.168983 0.174162 0.656854
0.249019 0.120521 0.63046
0.294697 0.705303 0
0.147 0.853 0
0.309153 0 0.690847
1.85231e-17 1 0
0.210797 0.21589 0.573314
0.0412646 0.311176 0.64756
0.12633 0.380599 0.493071
0.215566 0.34041 0.444024
0.119857 0 0.880143
0.0860563 0.343638 0.570306
0 0.191512 0.808488
0.627649 0.372351 0
0.0820108 0.457808 0.460182
