0.103991 0.468706 0.427304
0.430102 0.0796755 0.490223
0.44407 0.30593 0.25
0.340017 0.126847 0.533136
0.194983 0 0.805017
0.172059 0.540359 0.287581
0.259676 0.740324 0
0.0162935 0.668763 0.314944
0.0708108 0.0677669 0.861422
0.278212 0.216462 0.505326
0.0836041 0.216348 0.700048
0.0869827 0.584596 0.328421
0.669009 0.0754775 0.255513
0.301566 0.373277 0.325156
0.75 8.32667e-17 0.25
0.926583 0.0734172 0
0.536518 0.213482 0.25
0.498966 0.159408 0.341626
0.230324 0.30038 0.469296
0.136778 0.136244 0.726978
0.668708 0.331292 0
0.520307 0.479693 0
0.173832 0.391371 0.434797
0.172879 0.173596 0.653525
0.705726 0.294274 0
0.617984 0.0234662 0.35855
0.14822 0.85178 0
0.084532 0.378618 0.53685
0.147682 0.346991 0.505326
4.91131e-19 0.377491 0.622509
0.371376 0.628624 0
0.138993 0.496652 0.364355
5.88354e-19 0.452217 0.547783
0.296913 0.703087 0
0.683827 0 0.316173
0.33397 0 0.66603
0.299606 0.0740825 0.626311
0.18539 0.81461 0
0.175467 0.276281 0.548252
0.222484 0.777516 0
0.372181 0.168339 0.45948
0.33912 0.41088 0.25
0.489494 5.43448e-17 0.510506
0.074072 0.925928 0
0.413128 0.205519 0.381354
0.606093 0.143907 0.25
8.09559e-19 0.622238 0.377762
0.56494 0 0.43506
0.319865 0.25236 0.427775
0.264469 0.339722 0.395809
0.268986 0.15318 0.577834
0.46087 0.241709 0.297421
0.816295 0.183705 0
0.224384 0.0971985 0.678418
1 0 0
0.071241 0.328784 0.599975
0.0370223 0.962978 0
0.063744 0.441764 0.494492
0.445888 0.554112 0
0.104454 0.0913662 0.80418
0.631656 0.368344 0
0.0680993 0.681901 0.25
0.594632 0.405368 0
0.483104 0.516896 0
0.531708 0.0688431 0.399449
0.460229 0.11695 0.422821
0.119849 0.253978 0.626173
0.359797 0.28743 0.352772
0.264822 0.00796239 0.727216
0.575329 0.107126 0.317545
3.34882e-19 0.257395 0.742605
0.234481 0.515519 0.25
0.111121 0.888879 0
0.779481 0.220519 0
0.41173 0 0.58827
0.557475 0.442525 0
2.3454e-19 0.180271 0.819729
0.115962 0 0.884038
0.136165 0.613835 0.25
0.963302 0.0366984 0
0.853127 0.146873 0
0.384156 0.336938 0.278906
1.34342e-19 0.103257 0.896743
0.26494 0.455682 0.279378
0.0215976 0.302425 0.675977
1.30104e-18 1 0
0.215165 0.431247 0.353587
0.889867 0.110133 0
0 0.75 0.25
0.378911 0.0555886 0.5655
0.742643 0.257357 0
0.0439108 0.550774 0.405315
0.208562 0.207095 0.584343
6.85521e-19 0.526901 0.473099
0.17701 0.0600041 0.762986
9.49053e-17 1.6117e-17 1
0.0581145 0.163943 0.777943
0.0361779 0.0234857 0.940336
0.33415 0.66585 0
0.408632 0.591368 0
