0.355523 0.359861 0.284616
0.0397544 0.08292 0.877326
0.650798 0.099202 0.25
0.191726 0.435989 0.372285
0 0.75 0.25
0.0835271 9.27337e-18 0.916473
0.15993 0.59007 0.25
0.0726427 0.253425 0.673933
0.175493 0.262833 0.561674
0.918288 0.0817117 0
0.513738 0.486262 0
0.75 8.32667e-17 0.25
0.275103 0.724897 0
0.877482 0.122518 0
0.594037 0.405963 0
0.458656 0.180634 0.360711
1.46949e-17 0.49313 0.50687
0.596136 0.0705909 0.333273
0.125675 0.161025 0.713299
0.275817 0.394388 0.329795
0.291563 0.266442 0.441994
0.243163 0.0569817 0.699855
0.147751 0.528701 0.323548
0.156908 0.843092 0
0.0391876 0.960812 0
0.327191 0.30947 0.363339
0.553844 0.446156 0
0.196127 2.17745e-17 0.803873
0.113537 0.48227 0.404193
0.28987 0.144145 0.565985
0.210402 0.307493 0.482106
0.0571403 0.192507 0.750352
0.386411 0.0306696 0.58292
0.0852071 0.664793 0.25
0.674744 0.325256 0
0.715063 0.284937 0
0.354317 0.645683 0
0.334017 0.182757 0.483227
0.796054 0.203946 0
0.148027 0.214521 0.637453
0.253895 0.224756 0.521349
0.235698 0.764302 0
0.163534 0.0793759 0.75709
0.196269 0.803731 0
0.344104 3.82032e-17 0.655896
1 0 0
0.132182 0.347459 0.520359
0.369937 0.103601 0.526462
0.50544 0.214435 0.280125
0.00273856 0.290319 0.706942
0.0595129 0.387145 0.553342
0.0492747 0.630256 0.320469
0.638547 7.0893e-17 0.361453
0.416248 0.333752 0.25
0.502843 0.100327 0.39683
0.202461 0.126475 0.671064
8.18101e-18 0.0580949 0.941905
0.755486 0.244514 0
0.634392 0.365608 0
9.79519e-17 1 0
0.563251 0.0250276 0.411721
0.220379 0.475769 0.303853
0.161208 0.393483 0.445308
0.579519 0.170481 0.25
0.475018 0.274982 0.25
0.117719 0.882281 0
0.545792 0.137532 0.316676
0.224122 0.17339 0.602488
0.0930589 0.305695 0.601246
0 0 1
0.314603 0.685397 0
0.40861 0.262696 0.328693
0.433815 0.566185 0
3.14189e-17 0.223111 0.776889
1.056e-17 0.354372 0.645628
0.9591 0.0409004 0
0.373402 0.222137 0.404461
0.315778 0.434222 0.25
0.0808439 0.563875 0.355281
0.0783462 0.921654 0
0.0289945 0.531045 0.439961
0.0809015 0.439883 0.479216
0.418202 0.138401 0.443397
0.394077 0.605923 0
0.0859406 0.114407 0.799652
0.303253 0.0777053 0.619042
0.237876 0.512124 0.25
0.83682 0.16318 0
1.79413e-17 0.602075 0.397925
0.460056 0.0549709 0.484973
2.0632e-17 0.692367 0.307633
0.243785 0.350807 0.405409
0.473755 0.526245 0
0.687077 0.0252867 0.287636
0.52969 5.88074e-17 0.47031
2.15218e-17 0.152831 0.847169
1.26273e-17 0.423747 0.576253
0.126641 0.0274443 0.845915
0.270153 2.9993e-17 0.729847
0.446236 4.95421e-17 0.553764
