0.180934 0 0.819066
0.306777 0.693223 0
3.85262e-17 0.694027 0.305973
0.164149 0.473208 0.362643
0.0791266 0.0818258 0.839048
0.847343 0.152657 0
0.693601 0.306399 0
0.504042 0.160287 0.335671
0.0166251 0.347303 0.636072
0.307762 0.32349 0.368748
0.500229 0.499771 0
0.616408 0.383592 0
0.623367 0.0286874 0.347946
0.152685 0.0566489 0.790666
0.577686 0.422314 0
0.192298 0.403795 0.403908
0.268256 0.731744 0
0.579138 0 0.420862
0.579207 0.109502 0.311291
0.206178 0.0767144 0.717108
0.0853283 0.497068 0.417604
0.461486 0.538514 0
0.509063 0.0207 0.470237
0.304453 0.0648563 0.630691
0.274086 0.475914 0.25
0.466075 0.111457 0.422468
0.159941 0.590059 0.25
0.42273 0.57727 0
0.384076 0.615924 0
0.732151 0.267849 0
0.233411 0.224466 0.542123
0.961937 0.0380635 0
0.0381701 0.96183 0
0.252338 0.420949 0.326713
0.770631 0.229369 0
0.105343 0.213604 0.681053
0.133367 0.133704 0.732929
0.424419 0.0718497 0.503731
0.277015 0.267682 0.455303
0.345398 0.654602 0
0.337536 0.412464 0.25
1.17997e-18 1.09842e-16 1
0.152801 0.847199 0
0.0642978 0.566154 0.369548
0.191127 0.808873 0
0.0299739 0.46058 0.509446
1.04917e-17 0.189002 0.810998
0.0864078 0.663592 0.25
0.0886745 0.29241 0.618916
0.687373 7.63138e-17 0.312627
0.808999 0.191001 0
0.137761 0.344457 0.517782
0.429183 0.196297 0.37452
0.390479 0.0142141 0.595307
6.23396e-18 0.112301 0.887699
0 0.419297 0.580703
0.43199 0.31801 0.25
0.210029 0.514817 0.275153
0.45974 0 0.54026
0.331764 0 0.668236
0.114572 0.885428 0
0.157914 0.260175 0.581911
0.469525 0.246273 0.284202
0.885639 0.114361 0
0.348774 0.103289 0.547937
0.0763334 0.923667 0
0.605084 0.144916 0.25
0.312165 0.187066 0.500769
0.0383326 0.631316 0.330352
0.131159 0.550081 0.318761
2.98077e-17 0.302276 0.697724
0.538986 0.461014 0
0.655017 0.344983 0
0.672229 0.0765512 0.25122
0.0710045 0.376543 0.552452
0.0256766 0.240393 0.73393
0.269097 0.147142 0.583761
0.923769 0.0762308 0
0.229656 0.770344 0
0.388031 0.152128 0.459842
0 0.528001 0.471999
0 0.598354 0.401646
0.350575 0.234922 0.414503
0.104048 2.31034e-17 0.895952
0.0285766 0.0368344 0.934589
9.86107e-17 1 0
0.389504 0.276672 0.333824
0.234385 0.346069 0.419546
0.184074 0.182776 0.63315
0.230625 0.108963 0.660412
1 0 0
0.201761 0.305211 0.493028
0.75 8.32667e-17 0.25
0.539674 0.0748277 0.385498
4.16334e-17 0.75 0.25
0.0631529 0.158255 0.778592
0.536444 0.213556 0.25
0.11457 0.422858 0.462572
0.257937 0 0.742063
0.354588 0.354126 0.291286
