0.253517 0.746483 0
0.105975 0 0.894025
0.659327 0.340673 0
0.573002 0.176998 0.25
0.436677 0.563323 0
0.183244 0.559846 0.25691
0.510561 0.489439 0
0.129997 0.445286 0.424717
0.355891 0.0837311 0.560378
0.75 0 0.25
7.02774e-17 0.649354 0.350646
0.478453 0.271547 0.25
0.0722695 0.927731 0
0.0411037 0.366716 0.59218
0.0307982 0.0309076 0.938294
0.621476 0.034646 0.343878
0.809843 0.190157 0
0.547611 0.452389 0
0.961871 0.0381291 0
0.217167 0.782833 0
0 0.516923 0.483077
3.77054e-17 0.348392 0.651608
0.590332 0.115433 0.294235
0.0598438 0.483784 0.456372
0.396095 0.235217 0.368688
0.163063 0.246919 0.590019
0.0665044 0.264754 0.668742
0.0772188 0.602495 0.320286
0.22759 0 0.77241
0.383132 0.366868 0.25
0.275828 0.367122 0.35705
0.244443 0.313169 0.442388
0.585384 0 0.414616
0.0360921 0.963908 0
0 0.75 0.25
0.257639 0.492361 0.25
0.0386062 0.68798 0.273413
0.484303 0.0687871 0.44691
0.584787 0.415213 0
0.363116 0.636884 0
0.180881 0.819119 0
0.115966 0.634034 0.25
0.117371 0.320622 0.562007
0.163924 0.357806 0.47827
0.509359 0.20787 0.282771
0.135082 0.216152 0.648766
0.000275712 0.282131 0.717593
0.092635 0.533768 0.373597
0.0845659 0.40411 0.511324
0.345001 0.203938 0.451061
0.326503 0.673497 0
0.200996 0.403819 0.395185
1.08227e-16 1 0
0.159555 0.0181661 0.822279
0.0834521 0.184157 0.73239
0.15986 0.500817 0.339322
0.621925 0.378075 0
4.11757e-17 0.216295 0.783705
0.771936 0.228064 0
0.21362 0.273138 0.513242
0.0101052 0.579015 0.41088
0.144589 0.855411 0
0.315063 0.417519 0.267418
0.847841 0.152159 0
0.6968 0.3032 0
0.396792 0.115438 0.48777
0.535164 0.0914819 0.373354
0.230867 0.45275 0.316383
0.347636 0.323802 0.328561
0.30887 0.171447 0.519683
0.199418 0.06601 0.734572
0.481643 0.171922 0.346436
0.401209 0 0.598791
0.443377 0.026791 0.529832
0.297241 0 0.702759
0.734255 0.265745 0
0.0292477 0.150177 0.820575
0.329029 0.0344263 0.636545
0.667211 0.0827887 0.25
0.885786 0.114214 0
1 0 0
0.399888 0.600112 0
0.436289 0.149003 0.414708
0.514392 0 0.485608
0.0763943 0.0718094 0.851796
0.289994 0.710006 0
0 0.106119 0.893881
0.1714 0.147018 0.681582
0.923724 0.0762758 0
0.473576 0.526424 0
0.120571 0.106796 0.772632
0.688252 0 0.311748
4.79434e-17 0.44299 0.55701
0 0 1
0.272388 0.129335 0.598278
0.312379 0.277201 0.41042
0.23665 0.202147 0.561204
0.421704 0.288326 0.28997
0.1084 0.8916 0
0.245625 0.0924179 0.661957
