0.393806 0.309403 0.296791
0.543967 0.456033 0
1 0 0
0.234671 0.765329 0
0.16568 0.24063 0.59369
0.773025 0.226975 0
0.848848 0.151152 0
0.886735 0.113265 0
0.0308696 0.475638 0.493492
0.258515 0.0700495 0.671436
0.81095 0.18905 0
0.23126 0.511319 0.257421
0.306155 0 0.693845
5.18698e-17 0.322859 0.677141
0.53633 0.122756 0.340914
0.139588 0.0740899 0.786322
0.062971 0.110148 0.826881
0.390078 0.609922 0
0.126437 0.441149 0.432414
8.71277e-17 0.542318 0.457682
0.0825763 0.505432 0.411992
0.18797 0.484954 0.327077
0 0 1
0.494684 0.192569 0.312747
0.301031 0.448969 0.25
0.428582 0.571418 0
0.622273 0.0853023 0.292425
0.569007 0.0557018 0.375291
0.370839 0.379161 0.25
0.317007 0.332602 0.350391
0.412653 0.0992024 0.488144
0.48944 0.0731721 0.437388
1.26703e-17 0.43509 0.56491
0.3125 0.6875 0
0.467114 0.532886 0
0.208665 0.155008 0.636327
0.668347 0 0.331653
0.422445 0.230721 0.346834
8.92622e-17 0.146182 0.853818
0.620603 0.379397 0
0.174686 7.75761e-17 0.825314
0.0820146 0.282126 0.63586
0.450202 0.0108469 0.538951
0.156644 0.843356 0
0.0817455 0.399482 0.518773
0.0392287 0.960771 0
0.582324 0.417676 0
0.239759 0.350066 0.410175
0.0273907 0.58226 0.390349
0.00175477 0.0771463 0.921099
0.273647 0.726353 0
0.377252 0.182343 0.440405
0 1 0
0.0637818 4.95684e-17 0.936218
0.351332 0.648668 0
0.271531 0.281861 0.446608
0.0784642 0.921536 0
0.247143 0.193533 0.559324
0.175759 0.110747 0.713494
0.293028 0.103135 0.603837
0.207415 0.420647 0.371939
0.1197 0.323886 0.556414
0.347789 0.258608 0.393603
0.164006 0.367666 0.468328
0.201565 0.288222 0.510212
0.028558 0.365796 0.605646
0.363478 0.063071 0.573451
0.962256 0.0377437 0
0.75 0 0.25
0.505633 0.494367 0
0.195685 0.804315 0
0.593409 0 0.406591
0.29361 0.219672 0.486718
2.18407e-17 0.75 0.25
0.100375 0.0282663 0.871359
0.331814 0.142994 0.525192
0.124734 0.200004 0.675262
0.279407 0.404615 0.315978
0.924495 0.0755053 0
3.46513e-17 0.215684 0.784316
0.461735 0.288265 0.25
0.230415 0.0146818 0.754903
1.04454e-16 0.650162 0.349838
0.595541 0.154459 0.25
0.102898 0.647102 0.25
0.0798671 0.606076 0.314056
0.383992 0 0.616008
0.0332571 0.2499 0.716843
0.453865 0.149213 0.396923
0.172419 0.577581 0.25
0.122142 0.532612 0.345246
0.117586 0.882414 0
0.528663 0.221337 0.25
0.658806 0.341194 0
0.689362 0.0606384 0.25
0.696912 0.303088 0
0.0874206 0.161693 0.750886
0.03152 0.690145 0.278335
0.51859 0 0.48141
0.735032 0.264968 0
