0.231744 0.30512 0.463135
0.565734 0.434266 0
0.376858 0.623142 0
0.0812664 0.918734 0
0.18308 0.270182 0.546738
0.413593 0.586407 0
0.283921 0.323708 0.392371
0.365917 0.272206 0.361877
0.477622 0.0769285 0.445449
0.0967687 0.185676 0.717555
0 0.75 0.25
0.287161 0.0331832 0.679656
0 1 0
0.142558 0.227398 0.630044
0.102903 0.30867 0.588427
0.336239 0.410335 0.253426
0.449351 0.153607 0.397042
0.208856 0.507876 0.283268
0.529139 0.00413175 0.466729
0.130764 0.539215 0.330021
0.176567 0.149841 0.673593
0.114808 0.425298 0.459893
0.52085 0.100382 0.378768
0.317182 0.364203 0.318615
0.388203 0.0172671 0.59453
0.643904 0.356096 0
0.306183 0.693817 0
3.37014e-17 0.299327 0.700673
0.162699 0.837301 0
0.256985 0.114722 0.628293
0.0106989 0.229521 0.75978
0.243145 0.419551 0.337304
0.244407 0 0.755593
0.683265 0.316735 0
0 0.169332 0.830668
0.588738 0.0689969 0.342265
0.540523 0.150733 0.308744
0.566304 0.183696 0.25
0.420132 0.0639033 0.515964
0.027324 0.466064 0.506612
0.199691 0.791596 0.00887106
0.597842 0 0.402158
0 0.602196 0.397804
0.75 8.32667e-17 0.25
4.75065e-17 0.421941 0.578059
1 0 0
0.461637 0 0.538363
0.666674 7.40157e-17 0.333326
0.174284 0.0146118 0.811104
0.376509 0.135233 0.488258
0.920983 0.0790168 0
0.347406 0 0.652594
0.0411319 0.0218738 0.936994
0.168969 0.581031 0.25
0.0406735 0.959327 0
0.0612345 0.140372 0.798394
0.329157 0.225349 0.445494
0.0625088 0.687491 0.25
0.841897 0.158103 0
0.488697 0.511303 0
7.56492e-17 0.671897 0.328103
0.19838 0.382516 0.419104
0.121956 0.878044 0
0.210209 0.0727875 0.717004
0.526961 0.473039 0
0.604541 0.395459 0
0.222157 0.740603 0.0381455
0.450646 0.549354 0
0.422226 0.289403 0.288371
0.221453 0.192644 0.585903
0.0594615 0.57775 0.362789
0.163819 0.462508 0.373673
0.0729934 0.384665 0.542341
0.722943 0.277057 0
0.0812732 0.501033 0.417693
7.52295e-17 3.57928e-17 1
0.274485 0.475515 0.25
0.116064 0 0.883936
0.299974 0.166061 0.533965
8.34981e-19 0.532488 0.467512
0.0169204 0.352263 0.630816
0.396449 0.19374 0.409812
0.266024 0.636185 0.102804
0.333465 0.0907282 0.575807
0.0957718 0.622989 0.281239
0.881408 0.118592 0
0.136722 0.101481 0.761797
0.151162 0.346569 0.502269
0.0673168 0.263969 0.668714
0.960487 0.0395133 0
0.401522 0.348478 0.25
0.802257 0.197743 0
0.0844384 0.068513 0.847049
0.636774 0.113226 0.25
0.495875 0.254125 0.25
0.462077 0.207429 0.330494
0.762603 0.237397 0
0 0.0967827 0.903217
0.26215 0.239784 0.498066
0.684458 0.0476986 0.267843
