0.387448 0.248253 0.364298
0.0763275 4.23703e-17 0.923673
0 0.206013 0.793987
0.105094 0.0927473 0.802159
0.68491 0.0133876 0.301702
0.0832048 0.633392 0.283403
0.0792721 0.920728 0
0.027046 0.249015 0.723939
0.166194 0.42277 0.411036
0.302978 0.29871 0.398312
0.264852 0.266181 0.468967
0.182988 0.322225 0.494787
0.0727498 0.169141 0.758109
0.383868 0.0305963 0.585536
0.758032 0.241968 0
0.149572 0.139304 0.711124
0.677634 0.322366 0
0.557347 0.442653 0
0.334628 0.338292 0.32708
0.54713 0.163605 0.289265
0.798267 0.201733 0
0 0.385031 0.614969
0.222281 0.46355 0.314169
0.431644 0.155693 0.412662
0.0849545 0.275498 0.639547
0.0626166 0.058423 0.87896
0.307149 0.185053 0.507797
0.515047 0.112412 0.372541
0.0563504 0.69365 0.25
0 1 0
0.630054 0 0.369946
0.317703 0.682297 0
0.919254 0.0807462 0
0.597377 0.402623 0
0.0587526 0.558033 0.383214
6.67364e-17 4.42859e-17 1
0.438855 0.271879 0.289266
0.258626 0.390385 0.350989
0.397439 0.602561 0
0.477308 0.522692 0
0 0.315191 0.684809
0.182965 0.0650709 0.751964
0.114151 0.569011 0.316838
0 0.585952 0.414048
0.21764 0.352573 0.429787
0.159502 0.590498 0.25
0.637439 0.362561 0
0.437397 0.562603 0
0.561486 0.0244668 0.414047
0.609527 0.140473 0.25
0.109119 0.382264 0.508617
1 0 0
0.262928 0.151636 0.585436
0.353615 0.20615 0.440235
0 0.663412 0.336588
0.448772 0 0.551228
0.513783 0.236217 0.25
0.158656 0.841344 0
0.838585 0.161415 0
0.668328 0.0816716 0.25
0.159898 0.50333 0.336772
0.478689 0.0690146 0.452296
0.517268 2.87141e-16 0.482732
0.356663 0.380113 0.263224
0.222432 0.234352 0.543216
0.150069 0.00212051 0.84781
0.357567 0.642433 0
0.106633 0.491037 0.40233
0.232895 0.517105 0.25
0.878903 0.121097 0
0 0.75 0.25
0.0123113 0.138738 0.848951
0.220485 0 0.779515
0.0396306 0.960369 0
0.226241 0.10487 0.668889
0.238101 0.761899 0
0.11895 0.88105 0
0.0653907 0.347708 0.586902
0.717793 0.282207 0
0.0177414 0.435078 0.547181
0.186286 0.191233 0.622481
0.0739237 0.458769 0.467308
0.593941 0.0761564 0.329902
0.271067 0.0187503 0.710183
0.277922 0.722078 0
0 0.076014 0.923986
0.959626 0.0403742 0
0.469132 0.19559 0.335278
0.420436 0.329564 0.25
0.75 0 0.25
0.306096 0.443904 0.25
0.409842 0.0955655 0.494593
0.344485 0.116318 0.539197
0.303282 0.0740062 0.622712
0.517321 0.482679 0
0 0.508403 0.491597
0.144676 0.287892 0.567432
0.114745 0.213403 0.671853
0.198359 0.801641 0
0.34139 0 0.65861
