0.487416 0 0.512584
0.215866 0.298027 0.486107
0.719452 0.280548 0
0.253109 0 0.746891
0.0397179 0.626369 0.333913
0.179778 0.570222 0.25
0.879871 0.120129 0
0.107436 0.42917 0.463394
0.375335 0 0.624665
0.75 8.32667e-17 0.25
0.0796891 0.670311 0.25
0.089741 0.186274 0.723985
0.266537 0.227213 0.50625
0.354126 0.318747 0.327127
0.00989759 0.0565234 0.933579
0.558711 0.441289 0
0.615524 0.134476 0.25
0.318308 0.681692 0
0.243102 0.324788 0.432111
0.222112 0.185385 0.592503
0.0397187 0.960281 0
0.158988 0.841012 0
0.679264 0.320736 0
0.398311 0.601689 0
0.391879 0.358121 0.25
0.139263 0.223539 0.637199
0.304734 0.0187441 0.676522
0.436476 0.287975 0.275548
0.180501 0.0251166 0.794382
3.18427e-17 0.295159 0.704841
0.424391 0.159782 0.415826
0.278459 0.721541 0
0.533485 0.0583057 0.408209
0.238595 0.761405 0
0.215556 0.0724958 0.711948
0.235442 0.433861 0.330697
0.178997 0.262837 0.558167
0.391519 0.240094 0.368388
0.959967 0.040033 0
0.0794343 0.920566 0
0.119855 0.599466 0.280679
0.0682473 0.506632 0.42512
0.478419 0.521581 0
0.338878 0.0732223 0.5879
0.119157 0.880843 0
0.175396 0.148033 0.676571
4.51029e-17 0.41807 0.58193
0 0.598894 0.401106
0.0223587 0.465806 0.511835
0.3467 0.194298 0.459002
0.0702316 0.383356 0.546412
0.518569 0.481431 0
0.421186 0.0265611 0.552253
0.140569 0 0.859431
0.466171 0.205123 0.328706
0.151022 0.472464 0.376514
0.260957 0.106042 0.633002
0.130693 0.108721 0.760586
0.278935 0.360519 0.360546
0.799696 0.200304 0
0.557471 0 0.442529
0.188876 0.397066 0.414058
0.0998861 0.305982 0.594132
8.02234e-17 3.0433e-18 1
0 0.75 0.25
0.382912 0.112776 0.504313
0.639083 0.360917 0
0.627547 0 0.372453
0.503144 0.12998 0.366876
0.302881 0.150614 0.546504
0.506091 0.243909 0.25
0.0635019 0.260653 0.675845
0.199216 0.5093 0.291484
0.585974 0.0859153 0.328111
0.682793 0.067207 0.25
0.275662 0.474338 0.25
0.669501 0.0182056 0.312294
0.0871008 0.0745485 0.838351
0.438345 0.561655 0
0.144879 0.348346 0.506775
0.0763127 0.00320381 0.920484
0.037783 0.155482 0.806735
6.36031e-17 0.532072 0.467928
0.598903 0.401097 0
0 0.122945 0.877055
0.358272 0.641728 0
0.0155979 0.348995 0.635407
1.07883e-16 1 0
0 0.691298 0.308702
1 0 0
0.321876 0.404987 0.273137
2.42084e-17 0.224394 0.775606
0.458844 0.0805332 0.460623
0.919933 0.0800667 0
0.548288 0.172893 0.278818
0.315379 0.273075 0.411546
0.0992211 0.549239 0.35154
0.759577 0.240423 0
0.83978 0.16022 0
0.198768 0.801232 0
