0.576361 0.423639 0
0.0688967 0.174349 0.756754
1.05268e-18 0.448511 0.551489
0.37922 0.37078 0.25
0.312908 0.180972 0.50612
0 0.0761331 0.923867
0.227551 0.352171 0.420279
0.730743 0.269257 0
0.437996 0.172346 0.389658
0.5722 0.0316226 0.396178
0.807772 0.192228 0
0.394269 0.258826 0.346905
0.769267 0.230733 0
0 0.668193 0.331807
0.846256 0.153744 0
0.50845 0.24155 0.25
0.688108 0.0331642 0.278727
0.75 8.32667e-17 0.25
0.269683 0.142683 0.587633
0.174737 0.458247 0.367016
0.1009 0.0961641 0.802936
1 0 0
0.228222 0.0988341 0.672943
0.0764469 0.923553 0
0.0382095 0.96179 0
0.167037 0.582963 0.25
0.0216407 0.379677 0.598682
0.093073 0.625515 0.281412
0.383554 0.616446 0
0.436988 0.300465 0.262546
0.30654 0.69346 0
0.923152 0.0768484 0
0.0193573 0.261871 0.718771
0.18855 0.179476 0.631974
0.0611109 0.0598073 0.879082
9.60343e-17 1 0
0.146459 0.00493389 0.848607
0.118786 0.44425 0.436964
0.476129 0.207792 0.316079
0.436297 0.0633185 0.500384
0.216035 0 0.783965
0.0726815 0.296126 0.631193
0 0.33141 0.66859
0.614956 0.385044 0
0.601735 0.0798126 0.318452
0.353086 0.221326 0.425588
0.158217 0.378962 0.462822
0.307115 0.0674228 0.625462
0.340501 0 0.659499
0.00836827 0.142913 0.848719
0.354489 0.0989014 0.54661
0.466087 0 0.533913
0.0814974 0.517111 0.401391
0.499226 0.500774 0
0 0.211782 0.788218
0.395719 0.139243 0.465038
0.30553 0.422043 0.272427
0.0760993 8.44872e-18 0.923901
0.206105 0.507252 0.286643
0.179955 0.0655144 0.754531
0 0 1
0.105555 0.219325 0.675119
0.124339 0.546321 0.32934
0.110913 0.338166 0.550921
0.191336 0.808664 0
0.537057 0 0.462943
0.254359 0.399549 0.346091
0.645631 7.16795e-17 0.354369
0.270157 0.264067 0.465776
0.229741 0.770259 0
0.396387 0.0139488 0.589665
0.0750123 0.411519 0.513469
0.306473 0.305332 0.388195
0.192145 0.301606 0.506249
0.26829 0.48171 0.25
0.268132 0.731868 0
0.961586 0.0384144 0
0.342607 0.339281 0.318112
0.653562 0.346438 0
0.485897 0.0881078 0.425996
0.345027 0.654973 0
0.568832 0.170247 0.260922
0.884689 0.115311 0
0.460638 0.539362 0
0.537795 0.462205 0
1.76029e-18 0.75 0.25
0.692148 0.307852 0
0.641232 0.108768 0.25
0.270556 0.0146658 0.714779
0.114694 0.885306 0
1.31948e-18 0.562186 0.437814
0.153006 0.846994 0
0.145849 0.139844 0.714308
0.0336889 0.599528 0.366783
0.231147 0.221135 0.547718
0.0607039 0.689296 0.25
0.422088 0.577912 0
0.151477 0.258355 0.590168
0.0251983 0.492641 0.482161
0.525198 0.126047 0.348755
