0.277308 0.472692 0.25
0.283324 0.185516 0.53116
0.199221 0.800779 0
0.196656 0.228177 0.575167
0.557409 0.442591 0
0.0257924 0.690217 0.28399
0.255232 0 0.744768
3.81736e-18 0.531268 0.468732
0.878725 0.121275 0
0.717785 0.282215 0
0.0577666 0.428492 0.513742
0.919124 0.0808757 0
2.33567e-18 0.325059 0.674941
0.0748023 0.228383 0.696814
0.0596881 0.0212052 0.919107
0.47681 0.161062 0.362127
0.430511 0.123381 0.446108
0.253866 0.380589 0.365545
0.16357 0.180759 0.655671
0.512577 0.0791137 0.408309
0.838421 0.161579 0
0.15941 0.84059 0
0.186148 2.06666e-17 0.813852
0.202666 0.516888 0.280446
0.324055 0.359207 0.316738
5.38903e-18 0.75 0.25
0.00132111 0.13468 0.863999
0.757979 0.242021 0
0.151107 0.474372 0.37452
0.517452 0.482548 0
0.309132 0.0144253 0.676442
0.437782 0.562218 0
0.475726 0.274274 0.25
0.280596 0.0827964 0.636608
0.077261 0.345842 0.576897
0.125349 0.386486 0.488165
0.206342 0.340839 0.452819
0.39714 0.19921 0.40365
0.364358 0.145444 0.490197
0.219681 0.0757173 0.704602
0.336883 0.104258 0.558859
0.95956 0.0404397 0
0.403805 0.0281825 0.568012
0.119595 0.880405 0
0.597912 0.028414 0.373674
0.406864 0.32716 0.265976
0.141492 0.0637685 0.79474
0.477611 0.522389 0
0.152732 0.120466 0.726802
0.0398762 0.960124 0
0.117102 1.3001e-17 0.882898
0 0 1
0.666948 7.40462e-17 0.333052
0.169248 0.580752 0.25
0.677566 0.322434 0
0.00457192 0.385276 0.610152
0.286538 0.30691 0.406552
1 0 0
0.358218 0.641782 0
0.79817 0.20183 0
4.89089e-19 0.0680673 0.931933
0.108096 0.269475 0.622428
0.362422 0.279791 0.357788
0.350287 0.399713 0.25
0.158152 0.305905 0.535943
0.0798557 0.486544 0.433601
0.637448 0.362552 0
0.0272787 0.572851 0.39987
0.521887 0.203926 0.274186
0.278736 0.721264 0
1.44307e-18 0.200834 0.799166
0.00843419 0.258678 0.732888
0.238998 0.761002 0
0.242261 0.264847 0.492892
0.437867 0.239448 0.322685
0.241899 0.148937 0.609164
0.44913 0.0612487 0.489622
3.2905e-18 0.457944 0.542056
0.373329 4.14478e-17 0.626671
0.0989145 0.651085 0.25
0.0756135 0.609139 0.315247
0.0797314 0.920269 0
0.230293 0.443121 0.326586
6.40951e-17 1 0
0.55473 0 0.44527
0.169864 0.41384 0.416296
0.0875315 0.15636 0.756108
0.479866 0 0.520134
0.691245 0.0587555 0.25
0.628242 0.0867194 0.285039
0.318468 0.681532 0
0.75 0 0.25
0.0692695 0.0956933 0.835037
0.322665 0.229244 0.448091
0.398006 0.601994 0
4.76275e-18 0.642964 0.357036
0.115501 0.54208 0.34242
0.590316 0.159684 0.25
0.553154 0.11708 0.329766
0.597393 0.402607 0
