0.0715183 0.262867 0.665615
0.384125 0.101283 0.514591
0.158644 0.440093 0.401263
1 0 0
0.076725 0.923275 0
0.243921 0.394387 0.361692
0.401828 0.312831 0.285342
0.46701 0.28299 0.25
0.228728 0 0.771272
0.294786 0.17613 0.529084
0.150705 0.569783 0.279512
0.201111 0.147208 0.65168
0.0776268 0.482237 0.440136
0.613418 0.386582 0
0.49815 0.50185 0
0.8838 0.1162 0
0.0584285 0 0.941571
0.0682794 0.603043 0.328677
0.282532 0.467468 0.25
0 0 1
0.285661 0.324781 0.389557
0.0900005 0.0305067 0.879493
0.306541 0.693459 0
1.61498e-17 1 0
0.435724 0.138874 0.425401
0.501127 0 0.498873
0.845107 0.154893 0
0.194411 0.48204 0.323549
0.223878 0.209951 0.56617
0.108421 0.641579 0.25
0.383084 0.616916 0
0.571471 0 0.428529
0.518169 0.0906606 0.39117
0.922515 0.077485 0
7.51117e-18 0.465095 0.534905
0.470378 0.0644204 0.465202
0.652 0.348 0
0.171576 0.0975516 0.730872
0.119857 0.183908 0.696235
0.574673 0.175327 0.25
1.21123e-17 0.75 0.25
0.0383767 0.961623 0
0.0155627 0.400779 0.583658
0.554605 0.129422 0.315973
0.661716 0 0.338284
0.15339 0.84661 0
0.167241 0.312402 0.520357
0.767802 0.232198 0
0.268263 0.731737 0
0.109665 0.297896 0.592439
0.344811 0.655189 0
0.340888 0.0736164 0.585496
0.160744 0 0.839256
0.112182 0.4049 0.482918
0.690526 0.309474 0
0.384088 0 0.615912
0.0356777 0.688326 0.275996
0.191695 0.808305 0
0.216989 0.533011 0.25
0 0.582165 0.417835
0.10659 0.527738 0.365672
0.156676 0.229965 0.613358
0.322514 0.242453 0.435033
2.10552e-17 0.287155 0.712845
0.0841978 0.143635 0.772167
0.0798563 0.367969 0.552175
0.68518 0.0413534 0.273467
0.200616 0.356933 0.44245
0.11505 0.88495 0
0.75 0 0.25
0.250123 0.0506479 0.699229
0.536553 0.463447 0
0.247881 0.270392 0.481727
0.128889 0.0681285 0.802982
0.574956 0.425044 0
0 0.352284 0.647716
0 0.65135 0.34865
0.403366 0.221238 0.375396
0.0126599 0.517252 0.470088
0.304121 0.402098 0.293781
2.37924e-17 0.0805516 0.919448
0.599105 0.0476044 0.35329
0.504051 0.220801 0.275147
0.318697 0 0.681303
0.0316166 0.221632 0.746751
0.806437 0.193563 0
0.431353 0.0188807 0.549766
0.272775 0.110497 0.616728
0.459769 0.540231 0
0.0358767 0.1127 0.851424
0.22999 0.77001 0
0.729152 0.270848 0
0.961245 0.038755 0
0.361667 0.167771 0.470562
1.34112e-17 0.182904 0.817096
0.37204 0.37796 0.25
0.356751 0.292752 0.350497
0.643888 0.106112 0.25
0.42142 0.57858 0
0.47447 0.179795 0.345735
