0.551722 0.137788 0.318186
1 0 1.47327e-13
5.35167e-22 0.238097 0.761903
6.42323e-22 0.285714 0.714286
4.6953e-22 0.357142 0.642858
3.72855e-22 0.464287 0.535713
6.52908e-22 0.142856 0.857144
6.62765e-22 0.785714 0.214286
6.40873e-22 0.678569 0.321431
2.50584e-22 0.103446 0.896554
6.40843e-22 0.592592 0.407408
0.551088 0.127426 0.32801
1.24157e-22 0.172417 0.827583
5.16683e-22 0.655167 0.344833
4.58873e-22 0.857145 0.142855
1.44111e-22 0.0799994 0.920001
6.64494e-21 0.25 0.75
7.00048e-22 0.869567 0.130433
3.73613e-22 0.633324 0.366676
4.53344e-22 0.344831 0.655169
6.37663e-22 0.814814 0.185186
4.84639e-22 0.40741 0.59259
4.52866e-22 0.444444 0.555556
6.4506e-23 0.0384611 0.961539
1.14536e-22 0.0333299 0.96667
1.24666e-22 0.181816 0.818184
6.43865e-22 0.620689 0.379311
5.95928e-21 0.214288 0.785712
9.71078e-22 0.12 0.88
6.70278e-22 0.708331 0.291669
7.04132e-22 0.925928 0.0740721
0.495171 0.510158 2.65816e-05
1.2796e-21 0.833338 0.166662
6.40841e-22 0.535722 0.464278
6.43608e-22 0.272729 0.727271
0.358081 0.648499 0
3.7136e-22 0.153846 0.846154
1.18649e-22 0.043477 0.956523
5.90003e-21 0.206897 0.793103
3.47623e-22 0.555553 0.444447
7.82883e-22 0.846152 0.153848
0.472209 0.463836 0.0704575
6.36219e-22 0.545451 0.454549
4.63119e-22 0.724138 0.275862
1.74873e-22 0.230769 0.769231
6.76595e-22 0.500002 0.499998
3.88971e-22 0.333333 0.666667
1.65426e-22 0.2 0.8
5.46308e-22 0.366668 0.633332
3.78457e-22 0.733337 0.266663
1.7422e-21 0.933341 0.0666593
6.16899e-22 0.750001 0.249999
0.464778 0.0520769 0.491958
6.51705e-22 0.519999 0.480001
0.552368 0 0.45806
0.214862 0.293952 0.51041
7.67847e-21 0.319999 0.680001
7.10969e-21 0.296295 0.703705
2.51078e-22 0.190476 0.809524
6.08515e-22 0.82759 0.17241
2.38398e-22 0.4 0.6
3.49445e-22 0.571425 0.428575
3.5532e-22 0.0740696 0.92593
1.7887e-22 0.0666613 0.933339
6.44344e-22 0.130431 0.869569
3.53305e-22 0.692301 0.307699
0.565069 0.108266 0.359936
1.21504e-22 0.0952383 0.904762
4.03113e-22 0.642855 0.357145
4.08551e-22 0.307691 0.692309
7.59455e-22 0.99992 7.95622e-05
6.40716e-22 0.961544 0.0384563
3.99114e-22 0.222223 0.777777
6.38504e-22 0.769231 0.230769
2.35726e-22 0.37931 0.62069
9.82085e-22 0.76 0.24
3.68407e-22 0.428576 0.571424
1.25515e-22 0.166666 0.833334
7.81686e-22 0.900002 0.0999975
6.55675e-22 0.8 0.2
8.09011e-26 9.82453e-05 0.999902
1.26713e-22 0.136364 0.863636
0.457021 0 0.552307
0.143915 0.559385 0.317116
0.801754 0.206723 0
3.33669e-22 0.111108 0.888892
1.0149e-21 0.793104 0.206896
5.50433e-22 0.740736 0.259264
5.76035e-22 0.607146 0.392854
6.42882e-22 0.266666 0.733334
7.52623e-22 0.966668 0.0333324
6.36387e-22 0.259258 0.740742
6.71369e-22 0.481478 0.518522
6.46202e-22 0.88 0.12
7.11231e-22 0.666667 0.333333
6.60128e-22 0.7 0.3
3.51027e-22 0.0869562 0.913044
6.62033e-22 0.888891 0.111109
6.52521e-22 0.392856 0.607144
6.97187e-22 0.916667 0.0833332
