1.75988e-21 0.69565 0.30435
1.54766e-21 0.545453 0.454547
0.456515 0.371545 0.190825
6.76873e-22 0.592591 0.407409
6.68831e-22 0.0999972 0.900003
1.81954e-21 0.999909 9.10463e-05
6.83028e-22 0.136363 0.863637
7.59071e-22 0.272728 0.727272
7.01387e-22 0.0833325 0.916668
7.4212e-22 0.153843 0.846157
6.69995e-22 0.888889 0.111111
6.73755e-22 0.851849 0.148151
0.517218 0.490198 4.47828e-05
0.473729 0.538376 0
0.477432 0.334095 0.20219
2.03617e-21 0.92593 0.0740699
7.32385e-22 0.190476 0.809524
7.14478e-22 0.444443 0.555557
1.40309e-21 0.259258 0.740742
1.00165e-21 0.520001 0.479999
1.54312e-21 0.366669 0.633331
2.05683e-21 0.761897 0.238103
2.03484e-21 0.181819 0.818181
1.41354e-21 0.296299 0.703701
7.93181e-22 0.571426 0.428574
7.8297e-22 0.900001 0.0999991
0.218343 0.275281 0.52526
7.49588e-22 0.166666 0.833334
3.38882e-21 0.206897 0.793103
7.42915e-22 0.66667 0.33333
1.1826e-21 0.814816 0.185184
1.74188e-21 0.785709 0.214291
3.50762e-21 0.653846 0.346154
5.25796e-22 0.0666668 0.933333
4.93903e-20 0.608693 0.391307
1.35299e-21 0.250001 0.749999
1.69869e-21 0.344829 0.655171
6.67451e-22 0.681818 0.318182
1.75615e-21 0.319999 0.680001
1.02181e-21 0.535714 0.464286
1.40551e-21 0.227272 0.772728
1.7502e-21 0.772728 0.227272
2.02071e-21 0.750002 0.249998
7.14055e-22 0.392857 0.607143
7.06721e-22 0.629627 0.370373
4.88073e-22 0.0434756 0.956524
1.50854e-21 0.111112 0.888888
2.74383e-21 0.428575 0.571425
0.496262 0 0.513611
0.520657 0.45826 0.0347614
2.58349e-21 0.357142 0.642858
0.219614 0.787676 0
7.16406e-22 0.586204 0.413796
5.4923e-21 0.933332 0.0666678
1.697e-21 0.827586 0.172414
7.52929e-22 0.619049 0.380951
1.2806e-21 0.279999 0.720001
7.39149e-22 0.423076 0.576924
0.470832 0.109787 0.429606
4.87926e-22 0.0384608 0.961539
1.71744e-21 0.840001 0.159999
1 0 6.53111e-12
1.00914e-21 0.464285 0.535715
1.79983e-21 0.4 0.6
7.07268e-22 0.0909098 0.90909
1.51342e-21 0.130434 0.869566
1.01935e-21 0.555555 0.444445
1.79089e-21 0.866666 0.133334
4.72959e-22 0.172414 0.827586
1.40605e-21 0.727273 0.272727
7.42054e-22 0.214286 0.785714
2.06382e-21 0.200001 0.799999
1.75751e-21 0.636354 0.363646
7.50022e-22 0.799999 0.200001
1.75759e-21 0.307692 0.692308
1.85723e-21 0.500001 0.499999
1.7553e-21 0.407409 0.592591
4.92255e-22 0.714287 0.285713
0.520395 0.453331 0.0394821
2.03157e-21 0.966667 0.033333
7.01732e-22 0.119999 0.880001
0.472375 0.513867 0.0235902
7.21511e-22 0.642857 0.357143
1.4502e-21 0.733336 0.266664
3.57743e-21 0.565217 0.434783
4.9071e-22 0.0333333 0.966667
4.84961e-22 0.703702 0.296298
7.32374e-22 0.576922 0.423078
0.462252 0.0222345 0.525798
3.61716e-21 0.480006 0.519994
7.09156e-22 0.37931 0.62069
5.02735e-20 0.6 0.4
5.43449e-22 0.0740731 0.925927
7.64169e-22 0.142857 0.857143
0.937221 0.071358 0
1.79399e-21 0.266668 0.733332
1.41848e-21 0.740739 0.259261
1.22001e-25 9.75811e-05 0.999902
1.80624e-19 0.333333 0.666667
1.82214e-21 0.238099 0.761901
