8.36716e-22 0.130435 0.869565
1.90028e-21 0.0333314 0.966669
1.85443e-21 0.233331 0.766669
3.03387e-21 0.275863 0.724137
3.01727e-21 0.999902 9.77358e-05
4.47968e-21 0.857144 0.142856
2.45756e-21 0.769231 0.230769
4.0798e-21 0.750001 0.249999
2.3859e-21 0.0833306 0.916669
2.80966e-21 0.692306 0.307694
4.46752e-21 0.320001 0.679999
2.4307e-21 0.476187 0.523813
2.7408e-21 0.846161 0.153839
2.63975e-21 0.555548 0.444452
4.23617e-21 0.800004 0.199996
2.44656e-21 0.481481 0.518519
0.122913 0.197414 0.694839
9.63359e-21 0.0666642 0.933336
2.8055e-21 0.714284 0.285716
2.72238e-21 0.454545 0.545455
2.60603e-21 0.821427 0.178573
5.68352e-21 0.608694 0.391306
1.77238e-21 0.25 0.75
2.74515e-21 0.703703 0.296297
2.62483e-21 0.6 0.4
2.48938e-21 0.380952 0.619048
0.333238 0.534144 0.142637
3.61963e-21 0.285715 0.714285
6.13962e-21 0.680001 0.319999
2.63869e-21 0.642857 0.357143
2.60635e-21 0.888889 0.111111
4.31386e-21 0.307692 0.692308
2.60416e-21 0.625002 0.374998
4.32625e-20 0.807693 0.192307
5.87184e-21 0.615382 0.384618
0.300459 0.628303 0.0842687
6.55837e-25 9.74918e-05 0.999903
2.59942e-21 0.214287 0.785713
7.49605e-21 0.449999 0.550001
4.31873e-21 0.4 0.6
6.16265e-21 0.464286 0.535714
4.41963e-21 0.793104 0.206896
8.46972e-22 0.777785 0.222215
0.28942 0.713075 0.0115316
2.62697e-21 0.434783 0.565217
1.86241e-21 0.115383 0.884617
3.22789e-21 0.200001 0.799999
3.46742e-21 0.586206 0.413794
4.3541e-20 0.866674 0.133326
2.42807e-21 0.760001 0.239999
5.89326e-21 0.411768 0.588232
2.87474e-21 0.592592 0.407408
3.96739e-21 0.655169 0.344831
4.08223e-21 0.933335 0.0666654
5.8299e-21 0.40741 0.59259
2.9164e-21 0.724138 0.275862
5.81959e-21 0.388889 0.611111
0.41602 0.592692 0
3.82118e-20 0.500003 0.499997
2.75382e-21 0.520001 0.479999
0.122726 0.193062 0.700847
2.79958e-21 0.925927 0.0740731
2.62664e-21 0.633333 0.366667
1.86966e-21 0.107143 0.892857
1.89017e-21 0.172414 0.827586
8.41217e-22 0.0384536 0.961546
7.38952e-21 0.444445 0.555555
0.348178 0 0.657194
7.49074e-21 0.833332 0.166668
0.333042 0.513937 0.162457
1.22312e-20 0.47059 0.52941
2.86493e-21 0.153842 0.846158
2.45072e-21 0.375004 0.624996
3.453e-21 0.296295 0.703705
3.59247e-21 0.899999 0.100001
0.214362 0.79999 7.93092e-05
4.52648e-21 0.352944 0.647056
3.69057e-21 0.666667 0.333333
5.78853e-21 0.962965 0.037035
3.6686e-21 0.421052 0.578948
5.79398e-21 0.428571 0.571429
2.61462e-21 0.125 0.875
4.09479e-21 0.368423 0.631577
5.91608e-21 0.360004 0.639996
2.7361e-21 0.57692 0.42308
3.4699e-21 0.565214 0.434786
1 0 3.35854e-12
5.16418e-21 0.740742 0.259258
4.47314e-21 0.0999976 0.900002
2.57798e-21 0.185185 0.814815
3.0132e-21 0.333333 0.666667
1.84257e-21 0.0740712 0.925929
9.14985e-22 0.142858 0.857142
2.86978e-21 0.733337 0.266663
2.00686e-20 0.966667 0.0333325
0.821592 0.18707 0
3.40336e-21 0.538462 0.461538
1.82085e-21 0.166662 0.833338
4.30433e-21 0.346154 0.653846
3.27311e-21 0.259261 0.740739
