6.92978e-20 0.866665 0.133335
7.54649e-20 0.181818 0.818182
2.5215e-20 0.733334 0.266666
1.38396e-20 0.107142 0.892858
1 5.15143e-14 0
1.11241e-19 0.285713 0.714287
2.63226e-20 0.227273 0.772727
3.04986e-21 0.586205 0.413795
7.13795e-20 0.750002 0.249998
0.446163 0.44938 0.125961
2.90328e-20 0.444444 0.555556
6.90289e-20 0.461541 0.538459
7.26782e-20 0.833334 0.166666
2.32048e-20 0.653846 0.346154
0.539789 0.4527 0.0260097
1.23878e-20 0.884617 0.115383
4.66747e-20 0.407406 0.592594
6.93586e-20 0.916667 0.0833333
6.28993e-20 0.5 0.5
7.05906e-20 0.518523 0.481477
7.03732e-20 0.666668 0.333332
3.69809e-21 0.25 0.75
0.175785 0.248972 0.59358
0.545369 0.0794209 0.383286
2.25232e-20 0.428572 0.571428
7.45711e-20 0.809524 0.190476
2.6516e-20 0.714287 0.285713
3.85253e-20 0.153846 0.846154
3.67694e-21 0.192306 0.807694
2.30545e-20 0.199999 0.800001
8.77765e-20 0.321428 0.678572
2.87463e-20 0.896555 0.103445
7.17545e-20 0.846157 0.153843
2.6369e-20 0.555555 0.444445
7.27781e-20 0.481481 0.518519
7.03054e-20 0.681818 0.318182
1.41827e-20 0.0869517 0.913048
3.63971e-21 0.0333331 0.966667
2.58265e-20 0.240002 0.759998
6.8586e-20 0.357143 0.642857
7.09669e-20 0.607143 0.392857
2.55668e-20 0.538461 0.461539
7.44961e-20 0.966667 0.033333
7.01145e-20 0.703703 0.296297
2.77872e-20 0.6 0.4
4.09476e-20 0.344827 0.655173
3.30001e-21 0.0399971 0.960003
4.11645e-20 0.857143 0.142857
6.90534e-20 0.592594 0.407406
7.38241e-20 0.904764 0.0952364
3.51641e-21 0.142857 0.857143
7.06939e-20 0.629628 0.370372
7.48679e-20 0.37931 0.62069
4.65139e-20 0.769233 0.230767
7.56732e-20 0.818182 0.181818
0.883372 0 0.134812
3.69434e-21 0.961539 0.0384615
7.17376e-20 0.875001 0.124999
0.291317 0.337973 0.387321
0.446636 0.5759 0
1.27156e-20 0.259259 0.740741
1.37584e-20 0.571427 0.428573
1.65551e-20 0.74074 0.25926
0 9.92438e-05 0.999901
2.58584e-20 0.695652 0.304348
6.99365e-20 0.8 0.2
4.66636e-20 0.333332 0.666668
1.35297e-20 0.933334 0.0666663
7.04426e-20 0.576923 0.423077
3.6891e-21 0.0666655 0.933335
1.17017e-20 0.793104 0.206896
2.24761e-20 0.392858 0.607142
1.2265e-20 0.266667 0.733333
0.441013 0.374524 0.197274
4.61134e-20 0.761905 0.238095
2.50094e-20 0.0999991 0.900001
4.10103e-20 0.956522 0.0434778
3.11357e-21 0.0799994 0.920001
3.77103e-21 0.366666 0.633334
6.59947e-20 0.999901 9.90263e-05
7.79606e-20 0.642856 0.357144
1.38158e-20 0.125001 0.874999
7.61196e-20 0.785713 0.214287
1.50954e-20 0.172415 0.827585
1.04291e-20 0.727273 0.272727
3.03714e-21 0.0740737 0.925926
1.12631e-19 0.307692 0.692308
7.04918e-20 0.925927 0.0740732
7.13518e-20 0.636364 0.363636
1.2313e-20 0.133333 0.866667
2.62412e-20 0.166666 0.833334
0.4194 0 0.59006
6.98946e-20 0.619047 0.380953
2.30219e-20 0.206893 0.793107
2.55973e-20 0.115384 0.884616
7.2707e-20 0.827586 0.172414
4.70747e-20 0.214286 0.785714
6.3727e-20 0.416667 0.583333
1.11366e-19 0.296295 0.703705
7.01726e-20 0.777778 0.222222
