9.99558e-05 0.93324 0.06666
0.0666665 0.866667 0.0666667
0.31031 0.689586 0.000103436
0.6 0.0666664 0.333333
0.488889 0.177777 0.333333
0.310344 0.448286 0.24137
0.380953 0.285713 0.333333
0.137932 0.586206 0.275862
0.655103 0.344794 0.000103436
9.9933e-05 0.86658 0.13332
0.551736 0.206894 0.24137
9.9958e-05 0.9998 9.99814e-05
0.517247 0.172405 0.310348
0.100069 0.733148 0.166783
0.379312 0.51724 0.103448
0.37931 0.310345 0.310345
0.0952388 0.571428 0.333333
0.285714 0.380953 0.333333
0.0333342 0.633332 0.333333
0.133333 0.533334 0.333333
0.448285 0.275858 0.275858
0.310344 0.551726 0.13793
0.172413 0.689656 0.137931
0.58621 0.13793 0.27586
0.733324 0.133338 0.133338
0.0666703 0.799989 0.133341
0.586209 0.310343 0.103448
0.379307 0.413799 0.206895
0.133322 0.866578 9.99933e-05
0.633331 0.0333354 0.333333
0.799919 9.9897e-05 0.199981
0.620691 0.241378 0.13793
0.0667375 0.699681 0.233581
0.206894 0.724142 0.0689646
0.517243 0.344827 0.137931
0.899911 9.99727e-05 0.0999893
0.355555 0.311112 0.333333
0.000103432 0.793021 0.206875
0.833242 0.166658 9.9996e-05
0.166668 0.799999 0.0333328
0.413792 0.448277 0.137931
0.344826 0.379313 0.275861
0.133417 0.766522 0.100061
0.724141 0.206894 0.0689648
0.444444 0.222222 0.333333
0.137927 0.655176 0.206897
0.833334 0.0333323 0.133334
0.724063 0.000103404 0.275834
0.25641 0.410257 0.333333
0.413806 0.344824 0.24137
0.689744 0.103419 0.206837
9.9927e-05 0.73326 0.26664
0.551724 0.275862 0.172414
0.766463 0.066725 0.166812
0.586143 0.413753 0.000103436
0.799978 0.133348 0.0666739
0.177777 0.488889 0.333333
0.275862 0.517242 0.206896
0.448273 0.482762 0.068965
0.655173 0.0689646 0.275862
0.172409 0.517245 0.310346
0.311111 0.355556 0.333333
0 0 1
0.235294 0.431373 0.333333
0.89991 0.0999896 9.99916e-05
9.99989e-05 0.666567 0.333333
0.482767 0.31034 0.206893
0.206889 0.551741 0.24137
0.666567 9.96719e-05 0.333333
0.0666641 0.933236 9.99977e-05
0.655169 0.172418 0.172413
0.482756 0.413796 0.103448
0.689654 0.275863 0.0344824
0.53333 0.133337 0.333333
0.766566 0.233334 0.000100002
0.866669 0.0666644 0.0666668
0.333333 0.333333 0.333333
0.466666 0.200001 0.333333
0.241379 0.586208 0.172413
0.241366 0.482787 0.275847
0.275728 0.620873 0.103398
0.410261 0.256406 0.333333
0.344821 0.586215 0.0689642
0.233318 0.766582 9.99948e-05
0.100007 0.633307 0.266686
0.482704 0.517193 0.000103436
0.9998 9.96586e-05 9.99813e-05
0.482765 0.241376 0.275859
0.551729 0.379307 0.0689648
0.413793 0.551725 0.0344824
0.27586 0.413797 0.310343
0.06667 0.599997 0.333333
0.933335 0.0333322 0.0333328
0.517242 0.448276 0.0344824
0.571429 0.0952381 0.333333
0.205129 0.461537 0.333333
0.448274 0.379313 0.172413
0.344824 0.482765 0.172411
0.033332 0.666659 0.300009
0.379274 0.620623 0.000103436
