0.200011 0.733326 0.0666626
0.222222 0.444445 0.333333
9.91504e-05 0.899911 0.0999902
0.799999 0.166667 0.0333335
0.310345 0.62069 0.0689655
0.0666519 0.86668 0.0666676
0.517242 0.344827 0.137931
0.333333 0.333333 0.333333
0.62069 0.310345 0.0689655
0.275857 0.586214 0.137929
0.0952384 0.571428 0.333333
0.551726 0.172411 0.275863
9.99418e-05 0.9998 9.998e-05
0.413893 0.275815 0.310292
0.275863 0.482758 0.241379
0.448271 0.482764 0.0689648
9.99082e-05 0.83325 0.16665
0.41026 0.256407 0.333333
0.724063 0.00010336 0.275834
0.700004 0.0999952 0.200001
9.99779e-05 0.733258 0.266642
0.482759 0.241379 0.275862
0.541663 0.125004 0.333333
0.413794 0.448275 0.137931
0.53328 0.46662 9.99901e-05
0.52381 0.142857 0.333333
0.137655 0.65586 0.206485
0.833302 0.100019 0.066679
0.199982 0.799918 9.99909e-05
0.0333261 0.93334 0.0333336
0.655104 0.344793 0.000103437
0.551733 0.379303 0.0689642
0.482763 0.41379 0.103447
0.444444 0.222222 0.333333
0.586207 0.275863 0.137931
0.470588 0.196078 0.333333
0.133338 0.833327 0.0333345
0.241327 0.448395 0.310278
0.86658 9.99693e-05 0.13332
0.620785 0.137896 0.241319
0.866584 0.133316 9.99905e-05
0.20689 0.620701 0.172409
0.0666654 0.600001 0.333333
0.166698 0.699944 0.133359
0.9998 9.98964e-05 9.998e-05
0.0666695 0.799992 0.133339
0.311111 0.355556 0.333333
0.166667 0.5 0.333333
0.37931 0.344829 0.275862
0.355556 0.311111 0.333333
0.79992 9.99658e-05 0.19998
0.448229 0.551668 0.000103437
0.379312 0.586208 0.0344802
0.285715 0.380952 0.333333
0.379314 0.517238 0.103448
0.0333325 0.633334 0.333333
0.380952 0.285714 0.333333
0.0333313 0.766668 0.200001
0.758963 0.0688681 0.172169
0.689662 0.17241 0.137928
0.344798 0.655099 0.000103437
0 0 1
0.699807 0.266838 0.0333547
0.655175 0.0689613 0.275863
0.100001 0.733332 0.166667
0.0333279 0.666666 0.300006
0.655172 0.24138 0.103448
0.93324 9.99546e-05 0.06666
0.41379 0.379315 0.206895
0.933239 0.0666613 9.9992e-05
0.133339 0.766657 0.100004
0.666567 9.99115e-05 0.333333
0.833335 0.0666661 0.0999988
0.766578 0.233322 9.99949e-05
0.133334 0.533332 0.333333
0.571427 0.09524 0.333333
0.344829 0.448275 0.206896
0.466729 0.366582 0.16669
0.0999881 0.899912 9.99902e-05
0.103448 0.62069 0.275862
0.241362 0.551756 0.206882
0.586146 0.41375 0.000103438
0.172401 0.586238 0.241361
0.196078 0.470588 0.333333
0.275833 0.724063 0.000103437
0.310346 0.413793 0.275862
0.25641 0.410257 0.333333
0.600002 0.0666645 0.333333
0.206885 0.517269 0.275846
0.241293 0.655295 0.103411
0.499998 0.166669 0.333333
0.310345 0.517242 0.172414
0.0667411 0.699665 0.233594
9.98612e-05 0.666567 0.333333
0.448275 0.310346 0.241379
0.586216 0.206892 0.206892
0.766656 0.133342 0.100002
0.733334 0.2 0.0666666
0.517244 0.275861 0.206895
0.633331 0.0333353 0.333333
