0.586205 0.172413 0.241381
0.311099 0.355567 0.333333
0.51725 0.20689 0.27586
0.35556 0.311107 0.333333
0.275861 0.551726 0.172413
0.933244 0.0666556 9.99904e-05
0.407406 0.259261 0.333333
0.655319 0.137863 0.206818
0.689583 0.310313 0.000103437
9.96639e-05 0.799921 0.199979
0.766666 0.166667 0.0666669
0.166665 0.833235 9.9999e-05
0.166668 0.499999 0.333333
0.517241 0.275862 0.206897
0.0684543 0.760409 0.171137
0.456128 0.228063 0.315809
0.517115 0.482785 0.000100062
0.241371 0.517257 0.241371
0.285699 0.380968 0.333333
0.799149 0.0669491 0.133901
0.333331 0.333335 0.333333
9.93894e-05 0.666567 0.333333
9.99606e-05 0.699929 0.299971
0.3793 0.551737 0.0689634
0.551739 0.310334 0.137926
0.413798 0.379307 0.206895
0.1724 0.72416 0.10344
0.256398 0.410269 0.333333
0.93324 9.98197e-05 0.06666
0.0666529 0.933247 9.99908e-05
0.172411 0.620694 0.206895
0.62071 0.275847 0.103443
0.9998 9.99011e-05 9.998e-05
0.633333 0.0333335 0.333333
0.799911 0.199989 9.99946e-05
0.766665 0.0333336 0.200001
0.51724 0.379312 0.103448
0.66659 0.033341 0.300069
0.0999989 0.866672 0.0333291
0.551727 0.413809 0.034464
0.0333335 0.733334 0.233333
0.833324 0.100006 0.06667
0.557771 0.128601 0.313627
0.599976 0.0666911 0.333333
0.0667025 0.599964 0.333333
0.724137 0.241381 0.0344823
0.310343 0.482761 0.206896
9.97556e-05 0.9998 9.998e-05
0.586402 0.241266 0.172332
0.586203 0.344832 0.0689651
0.448277 0.31035 0.241373
0.571379 0.0952879 0.333333
0.379309 0.34483 0.275861
0.133333 0.533334 0.333333
0.733248 9.94974e-05 0.266653
0.310319 0.379313 0.310368
0.47058 0.196087 0.333333
0.83325 9.91223e-05 0.166651
0.375042 0.291625 0.333333
0.241384 0.689651 0.0689651
0.620624 0.379273 0.000103437
0.103313 0.690059 0.206628
0.0952381 0.571429 0.333333
0.448351 0.517171 0.0344776
0.733252 0.10003 0.166718
0.413792 0.48276 0.103448
0.0666695 0.833326 0.100005
0.482759 0.344828 0.172414
0.206895 0.655175 0.13793
0 0 1
0.666567 9.92092e-05 0.333333
0.482761 0.448274 0.0689652
0.206132 0.484668 0.3092
0.698602 0.0669782 0.23442
0.499999 0.166667 0.333333
9.99477e-05 0.93324 0.06666
0.199998 0.766673 0.0333291
0.068965 0.655173 0.275862
0.13334 0.799991 0.0666697
0.344817 0.413811 0.241372
0.344828 0.517241 0.137931
0.344826 0.620696 0.0344782
0.431276 0.235391 0.333333
0.448272 0.4138 0.137928
0.310341 0.586212 0.103447
0.866574 0.133326 9.99947e-05
0.13793 0.586208 0.275862
0.222223 0.444444 0.333333
0.379311 0.448275 0.172414
0.27583 0.724066 0.000103435
0.0333338 0.633333 0.333333
0.620698 0.103442 0.27586
0.689655 0.172414 0.137931
0.866669 0.0333315 0.0999998
0.533333 0.133333 0.333333
0.333314 0.666586 9.99906e-05
0.196075 0.470592 0.333333
0.275862 0.448276 0.275862
9.96675e-05 0.866581 0.13332
0.413774 0.586122 0.000103308
