0.206897 0.448274 0.344829
0.647727 0.102273 0.25
0.34483 0.068965 0.586205
0.16667 0.0666684 0.766661
0.275861 0.103448 0.62069
0.48276 0.241378 0.275861
0.933332 0.0666679 0
0.172397 0.517289 0.310314
0.310345 0.275862 0.413793
0.0689642 0.551725 0.379311
0.103446 0.448277 0.448277
0.0333411 0.699903 0.266756
0.428572 0.321428 0.25
0.1 0.9 0
0.482761 0.137928 0.379312
0.413793 0.275862 0.310345
0.307689 0.692311 0
0.448276 0.103448 0.448277
0.464278 0.535722 0
0.413796 0.172409 0.413795
0.551727 0.103444 0.344829
0.137929 0.137931 0.724139
0.1 0.066667 0.833333
0.192304 0.807696 0
0.310343 0.172414 0.517243
0.000103407 0.655105 0.344792
0.900001 0.099999 0
0.178553 0.392866 0.428581
0.448275 0.206897 0.344828
0.000103405 0.586146 0.413751
0.27586 0.379311 0.344828
0.6 0.4 0
0.204543 0.545457 0.25
0.464243 0.000100426 0.535656
0.0344827 0.310345 0.655172
0.379271 0.000103395 0.620626
0.692308 0.307692 0
0.241379 0.172415 0.586206
0.586211 0.0344764 0.379313
0.518521 0.481479 0
0.275859 0.241383 0.482758
0.517243 0.0689626 0.413794
0.586212 0.137923 0.275865
0.241379 0.482758 0.275862
0.344833 0.206884 0.448283
0.642855 0.357145 0
0.206898 0.103448 0.689654
0.241385 0.310343 0.448272
0.142856 0.857144 0
0.769225 0.230775 0
0.551667 0.00010343 0.448229
0.966668 0.0333317 0
0.199982 9.99885e-05 0.799918
0.103444 0.241381 0.655176
0.0666572 8.96188e-05 0.933253
0.102271 0.647729 0.25
0.137931 0.275862 0.586207
0.344824 0.310346 0.344829
0.733335 0.266665 0
0.000103405 0.379271 0.620626
0.03333 0.96667 0
0.545454 0.204546 0.25
0.0666678 0.933332 0
0.137929 0.48276 0.379311
9.9757e-05 0.16665 0.83325
0.566666 0.433334 0
0.000102185 0.749898 0.25
0.13332 9.87982e-05 0.866581
0.814817 0.185183 0
0.379342 0.103443 0.517215
0.206896 0.275862 0.517242
0.344837 0.379305 0.275858
0.0344827 0.206898 0.758619
0.357147 0.642853 0
0.137931 0.586207 0.275862
0.0689655 0.62069 0.310345
0.233332 0.766668 0
0.689656 0.0344821 0.275862
0.172415 0.20689 0.620695
0.275833 0.000103422 0.724063
0.266667 0.733333 0
0.655105 0.000103229 0.344792
0.000103386 0.275833 0.724063
0.379309 0.24138 0.379311
0.407409 0.592591 0
0.321428 0.428572 0.25
0.310345 0.0344824 0.655173
0.0666667 0.133333 0.8
0.0333267 0.0999992 0.866674
9.9986e-05 0.499949 0.499951
0.9999 9.99581e-05 0
9.74486e-05 9.98245e-05 0.999803
0.749898 0.000102243 0.25
0.862069 0.137931 0
0.068965 0.413793 0.517242
0.000103431 0.448232 0.551664
0.137923 0.344831 0.517246
0.0689648 0.344828 0.586207
9.98168e-05 0.9999 0
8.97495e-05 0.0666571 0.933253
