0.344827 0.275862 0.379311
0.102268 0.647732 0.25
0.172415 0.344827 0.482758
0.275878 0.137928 0.586194
0.0666668 0.099999 0.833334
0.206897 0.482759 0.310345
0.517242 0.137931 0.344828
0.344828 0.206897 0.448276
0.428527 0.00010078 0.571373
0.620684 0.0344832 0.344833
0.6 0.4 0
0.481477 0.518523 0
0.103447 0.379311 0.517242
0.135996 0.612004 0.252001
0.230769 0.769231 0
0.137924 0.413797 0.44828
0.275863 0.275862 0.448275
0.00010335 0.655105 0.344792
0.41379 0.172415 0.413795
0.0344751 0.689661 0.275864
0.689659 0.310341 0
0.933335 0.0666652 0
0.642857 0.357143 0
0.749898 0.000102235 0.25
0.689584 0.000103423 0.310313
0.241381 0.103442 0.655177
0.379313 0.103448 0.517239
0.0344821 0.448276 0.517242
0.133338 0.0666632 0.799999
0.185182 0.814818 0
8.69648e-05 9.41266e-05 0.999819
0.681817 0.0681829 0.25
0.0689657 0.482758 0.448277
0.172418 0.551714 0.275868
0.579546 0.170454 0.25
0.172412 0.103447 0.72414
0.172414 0.241379 0.586207
0.100004 0.899996 0
0.000102253 0.749898 0.25
0.857143 0.142857 0
9.26666e-05 0.099989 0.899918
0.103448 0.517242 0.379311
0.566664 0.433336 0
0.266667 0.733333 0
0.966667 0.0333331 0
9.99703e-05 0.16665 0.83325
0.517246 0.0344736 0.44828
0.266682 0.0333352 0.699982
0.344829 0.655171 0
0.0689651 0.344828 0.586207
0.357143 0.392857 0.25
0.0333339 0.200007 0.766659
0.551724 0.0689654 0.37931
0.433331 0.566669 0
0.066668 0.933332 0
0.37931 0.310345 0.310345
0.807696 0.192304 0
0.20689 0.172413 0.620698
0.51724 0.206897 0.275863
0.172415 0.448273 0.379313
0.241379 0.241379 0.517242
0.000103424 0.517188 0.482709
0.482709 0.000103398 0.517188
0.44834 0.0689517 0.482709
0.000103375 0.344792 0.655105
0.137926 0.862074 0
0.392859 0.607141 0
0.0666567 5.15655e-05 0.933292
0.238652 0.511348 0.25
0.413794 0.241377 0.344828
0.0333339 0.966666 0
0.068961 0.58621 0.344829
0.464286 0.285714 0.25
0.62069 0.103448 0.275862
0.766671 0.233329 0
0.241343 0.00010341 0.758553
0.310347 0.344824 0.34483
9.99418e-05 0.9999 0
0.586146 0.000103415 0.41375
0.137931 0.310353 0.551716
0.000103426 0.275832 0.724064
0.310345 0.172414 0.517241
0.482821 0.103436 0.413744
0.24138 0.344825 0.413795
0.344792 0.00010335 0.655105
0.275862 0.448276 0.275862
0.3 0.7 0
0.0999972 0.0333315 0.866671
0.00010078 0.428527 0.571373
0.310335 0.0689671 0.620698
0.241382 0.413786 0.344832
0.533328 0.466672 0
0.103448 0.206894 0.689658
0.16665 9.99434e-05 0.83325
0.9999 9.98378e-05 0
0.000100821 0.571372 0.428527
0.0689653 0.275862 0.655173
0.899999 0.100001 0
0.730769 0.269231 0
0.100002 0.133335 0.766662
