0.647726 0.102274 0.25
0.448278 0.0344797 0.517242
0.357142 0.642858 0
0.533326 0.466674 0
0.137931 0.241383 0.620686
0.586209 0.137928 0.275863
0.344791 0.000103164 0.655106
0.0344735 0.413797 0.55173
0.545453 0.204547 0.25
0.933334 0.066666 0
0.692316 0.307684 0
0.48147 0.51853 0
0.000103218 0.275833 0.724064
0.0666665 0.166667 0.766667
0.172412 0.0689641 0.758624
0.000103376 0.379273 0.620624
0.000103419 0.482708 0.517189
0.199981 9.77563e-05 0.799921
0.31035 0.0689643 0.620686
0.482759 0.241379 0.275862
9.23823e-05 8.07163e-05 0.999827
0.142855 0.857145 0
0.275859 0.241384 0.482757
0.433341 0.566659 0
0.482764 0.0689589 0.448277
0.13332 9.9848e-05 0.86658
0.966665 0.0333355 0
0.566665 0.433335 0
0.482766 0.172404 0.34483
0.0344695 0.689665 0.275866
0.379306 0.172417 0.448277
0.068965 0.241376 0.689659
0.310343 0.689657 0
0.448269 0.137933 0.413798
0.034479 0.58621 0.379311
0.733326 0.266674 0
0.0689483 0.44841 0.482642
0.655105 0.000103437 0.344792
0.24138 0.344826 0.413794
0.000101397 0.749899 0.25
0.17241 0.344843 0.482747
0.103444 0.482761 0.413795
0.206897 0.27586 0.517242
0.137931 0.137931 0.724138
0.769231 0.230769 0
0.999903 9.73879e-05 0
0.172414 0.482758 0.344828
0.137917 0.586217 0.275866
0.23334 0.76666 0
0.275859 0.448281 0.27586
0.10345 0.379307 0.517243
0.24138 0.103446 0.655174
0.413793 0.206897 0.37931
0.192308 0.807692 0
6.32686e-05 0.0666481 0.933289
9.00289e-05 0.19998 0.79993
0.000100549 0.571371 0.428529
0.586221 0.0689486 0.34483
9.83714e-05 0.999902 0
0.0333349 0.966665 0
0.241378 0.206896 0.551726
0.379308 0.0689656 0.551726
0.814819 0.185181 0
0.68965 0.0344833 0.275866
0.517247 0.103442 0.379311
0.357144 0.392856 0.25
0.443175 0.306825 0.25
0.642867 0.357133 0
0.100001 0.100001 0.799998
0.1 0.9 0
0.172414 0.172413 0.655173
0.0666651 0.0333326 0.900002
0.413795 0.103443 0.482761
0.249992 0.428576 0.321432
0.103436 0.310425 0.586139
0.103444 0.551727 0.344829
0.269227 0.730773 0
0.31034 0.34483 0.34483
0.0344826 0.517241 0.448276
0.102274 0.647726 0.25
0.551731 0.0344732 0.413795
0.533267 9.99902e-05 0.466633
0.275833 0.000103356 0.724064
0.862086 0.137914 0
9.9252e-05 0.13332 0.86658
0.000103343 0.655105 0.344792
0.066665 0.933335 0
0.399997 0.600003 0
0.344828 0.13793 0.517242
0.344833 0.241369 0.413799
0.0344828 0.310345 0.655172
0.749898 0.000101628 0.25
0.285709 0.321422 0.392869
0.275862 0.137931 0.586207
0.899999 0.100001 0
0.172409 0.413795 0.413795
0.6 0.4 0
0.392859 0.285713 0.321428
0.41375 0.000102802 0.586147
0.214285 0.535715 0.25
