0.266669 0.0333336 0.699998
0.551724 0.172414 0.275862
0.00010014 0.428523 0.571377
0.285715 0.464285 0.25
0.613637 0.136363 0.25
0.27586 0.172418 0.551721
0.102271 0.647729 0.25
0.511363 0.238637 0.25
0.399998 0.600002 0
0.266666 0.733334 0
0.206897 0.448274 0.344829
0.166653 9.86989e-05 0.833249
9.99683e-05 0.533298 0.466602
0.206888 0.0689592 0.724152
0.310345 0.0689652 0.62069
0.137931 0.344828 0.517241
0.551723 0.0689654 0.379312
0.0344762 0.34483 0.620694
0.1 0.0333316 0.866668
0.0689638 0.275863 0.655174
0.000103135 0.689584 0.310313
0.310345 0.206896 0.482758
0.185175 0.814825 0
0.275863 0.413795 0.310342
0.0333334 0.1 0.866667
0.413795 0.241377 0.344829
0.172412 0.379306 0.448282
0.230764 0.769236 0
0.103446 0.413794 0.48276
0.379315 0.13793 0.482755
0.24138 0.275865 0.482756
0.448273 0.103446 0.448282
0.241382 0.103445 0.655173
0.37931 0.206896 0.413793
0.899996 0.100004 0
0.933334 0.066666 0
0.733333 0.266667 0
0.517238 0.137932 0.34483
0.000103073 0.586146 0.41375
0.23331 9.97628e-05 0.76659
0.409089 0.340911 0.25
0.172415 0.206891 0.620694
0.0344779 0.620693 0.34483
0.344827 0.379311 0.275862
0.448228 0.000103346 0.551668
0.0333334 0.966667 0
0.655105 0.000103304 0.344792
0.620695 0.068957 0.310348
0.482768 0.206893 0.310339
0.9999 9.99085e-05 0
0.807693 0.192307 0
9.90951e-05 0.999901 0
0.100002 0.899998 0
0.499961 9.9765e-05 0.499939
0.448284 0.275858 0.275858
0.06666 9.90691e-05 0.933241
0.379311 0.310341 0.310348
0.344828 0.275861 0.379311
0.100257 0.467867 0.431877
0.206897 0.517241 0.275862
0.0344796 0.448279 0.517242
0.379305 0.0344783 0.586216
0.586146 0.000103277 0.41375
0.481478 0.518522 0
0.766667 0.233333 0
9.96608e-05 0.23331 0.76659
5.76628e-05 8.30961e-05 0.999859
0.692306 0.307694 0
0.103438 0.586214 0.310348
0.749898 0.000102206 0.25
0.206896 0.241379 0.551724
0.103433 0.103434 0.793133
0.857143 0.142857 0
0.103443 0.310374 0.586183
0.000103325 0.310308 0.689588
0.533328 0.466672 0
0.689655 0.0344826 0.275862
0.448283 0.172402 0.379316
0.137927 0.172409 0.689664
0.137927 0.517244 0.344829
0.137925 0.862075 0
0.56667 0.43333 0
0.344831 0.103439 0.55173
0.966668 0.0333324 0
0.000101734 0.749898 0.25
0.344798 0.000103131 0.655099
0.170454 0.579546 0.25
0.275864 0.310343 0.413794
9.9238e-05 0.0666599 0.933241
0.357141 0.642859 0
0.600001 0.399999 0
0.642859 0.357141 0
0.0689623 0.206887 0.724151
0.433334 0.566666 0
9.99629e-05 0.166651 0.833249
0.0666576 0.933342 0
0.24138 0.37931 0.379311
0.310342 0.344829 0.344829
0.413793 0.0689654 0.517241
0.307693 0.692307 0
