0.613639 0.136361 0.25
0.206897 0.275861 0.517242
0.4 0.6 0
0.857143 0.142857 0
0.9 0.0999999 0
0.0689617 0.275863 0.655175
0.000103437 0.241354 0.758543
0.551725 0.0689643 0.379311
0.433336 0.566664 0
0.0333334 0.966667 0
0.0689597 0.344883 0.586158
0.344828 0.172414 0.482759
0.310344 0.275862 0.413793
0.692308 0.307692 0
0.103447 0.206897 0.689656
0.466667 0.533333 0
0.206863 0.000103362 0.793033
0.100262 0.431849 0.467889
0.137924 0.517246 0.344831
0.0689652 0.62069 0.310345
0.275863 0.103446 0.620691
0.448277 0.0689629 0.48276
0.133334 0.033332 0.833334
0.379307 0.103449 0.517245
0.517243 0.137928 0.344829
0.275861 0.24138 0.482759
0.172414 0.172414 0.655172
0.285714 0.464286 0.25
0.137925 0.862075 0
9.99851e-05 0.9999 0
0.13793 0.344832 0.517238
0.966665 0.0333351 0
0.241376 0.413795 0.344829
0.511361 0.238639 0.25
0.000100424 0.464249 0.535651
0.000103365 0.310313 0.689584
0.482759 0.103448 0.413793
0.172414 0.551724 0.275862
0.0999881 9.8366e-05 0.899914
0.0344806 0.689657 0.275863
0.34483 0.0689579 0.586212
0.241381 0.068961 0.689658
0.24138 0.310344 0.448277
0.344792 0.000103436 0.655104
0.23077 0.76923 0
0.13793 0.275862 0.586208
0.807691 0.192309 0
0.266663 0.733337 0
0.206895 0.48276 0.310344
0.206897 0.206897 0.586207
9.79287e-05 0.0999885 0.899914
9.97532e-05 0.16665 0.83325
0.206897 0.379309 0.413794
0.0344811 0.586208 0.379311
0.0333326 0.0333326 0.933335
0.0666667 0.1 0.833333
0.37931 0.206897 0.413793
0.344829 0.310343 0.344829
0.9999 9.98453e-05 0
0.136368 0.613632 0.25
0.000103415 0.655105 0.344792
0.392858 0.357142 0.25
0.310345 0.137931 0.551724
0.689663 0.0344711 0.275865
0.275828 0.00010343 0.724068
0.655105 0.000103417 0.344792
0.275862 0.344827 0.379311
0.185182 0.814818 0
0.137929 0.103445 0.758626
0.413794 0.241378 0.344828
0.000102258 0.749898 0.25
0.000103436 0.379271 0.620625
0.172412 0.448277 0.379311
0.310349 0.379308 0.310343
0.933338 0.0666625 0
0.733334 0.266666 0
0.566666 0.433334 0
0.551723 0.172415 0.275862
0.766668 0.233332 0
0.413796 0.137925 0.448278
0.000103432 0.551667 0.44823
0.518518 0.481482 0
0.0666648 0.933335 0
0.357141 0.642859 0
9.3662e-05 8.97972e-05 0.999817
0.0669821 0.502393 0.430625
0.448278 0.17241 0.379312
0.586146 0.000103435 0.41375
0.749898 0.000102252 0.25
0.0666681 0.16667 0.766662
0.482786 0.206885 0.310328
0.517243 0.0344792 0.448278
0.642857 0.357143 0
0.0999996 0.9 0
0.482709 0.000103387 0.517188
0.448276 0.275861 0.275862
0.62069 0.0689655 0.310345
0.600002 0.399998 0
0.428519 0.00010083 0.57138
0.307686 0.692314 0
