0.899989 0.100011 0
0.206899 0.482754 0.310348
0.647729 0.102271 0.25
0.103449 0.344825 0.551726
0.103449 0.275856 0.620695
0.233334 0.766666 0
0.0333209 0.966679 0
0.857143 0.142857 0
0.137931 0.413794 0.448275
0.433334 0.566666 0
0.44823 0.000103401 0.551666
0.275863 0.0689654 0.655172
0.172414 0.34483 0.482756
0.103447 0.620691 0.275862
0.966673 0.0333273 0
0.399999 0.600001 0
0.275863 0.241381 0.482756
0.192306 0.807694 0
0.933336 0.0666644 0
0.0689646 0.413793 0.517242
0.379313 0.103444 0.517243
0.166667 0.0666667 0.766667
9.9901e-05 0.166653 0.833247
0.366667 0.633333 0
0.000103433 0.689584 0.310313
0.344828 0.344827 0.310345
9.96397e-05 0.23331 0.76659
0.000103308 0.586146 0.41375
0.206894 0.275863 0.517243
0.000103325 0.413751 0.586145
0.566666 0.433334 0
0.379273 0.000103419 0.620623
0.000103425 0.310313 0.689584
0.0666669 0.166664 0.766669
0.000102225 0.749898 0.25
0.393179 0.249866 0.356955
0.64286 0.35714 0
0.310346 0.172412 0.517242
0.517247 0.137921 0.344832
0.551726 0.0689619 0.379312
3.49304e-05 9.41184e-05 0.999871
0.0666657 0.933334 0
0.344827 0.241379 0.413794
0.517241 0.206897 0.275862
0.448262 0.172417 0.37932
0.807693 0.192307 0
0.310345 0.310345 0.379311
0.269234 0.730766 0
0.357141 0.392859 0.25
0.206896 0.413794 0.379311
0.533333 0.466667 0
0.730771 0.269229 0
0.0681814 0.681819 0.25
0.749898 0.000101921 0.25
0.586146 0.000103424 0.41375
0.579544 0.170456 0.25
0.275857 0.448279 0.275864
0.033333 0.0999996 0.866667
0.275865 0.379303 0.344832
9.98787e-05 0.49995 0.499951
0.689665 0.310335 0
0.19998 9.78991e-05 0.799922
0.238636 0.511364 0.25
0.655105 0.00010331 0.344792
0.100001 0.899999 0
0.481478 0.518522 0
0.103448 0.206897 0.689656
0.170453 0.579547 0.25
0.600001 0.399999 0
0.310345 0.103446 0.586208
0.241379 0.172414 0.586207
0.586482 0.103379 0.310139
0.379314 0.172411 0.448275
0.533276 9.98959e-05 0.466624
0.137931 0.517242 0.344828
0.241378 0.0344592 0.724163
0.482743 0.103451 0.413805
0.100258 0.467868 0.431874
0.433318 0.0666688 0.500013
2.34791e-05 0.0666643 0.933312
0.0999824 7.37595e-05 0.899944
0.464285 0.285715 0.25
0.137932 0.137931 0.724137
0.241375 0.34483 0.413796
0.1 0.1 0.799999
0.319997 0.680003 0
0.0344646 0.620701 0.344834
0.142855 0.857145 0
0.133334 0.0333335 0.833332
9.99751e-05 0.9999 0
0.0689645 0.551725 0.379311
0.206897 0.137931 0.655172
0.172408 0.241381 0.586211
0.41381 0.310335 0.275854
0.0344825 0.344828 0.62069
0.0344816 0.241379 0.72414
0.689663 0.034472 0.275865
0.9999 9.99633e-05 0
0.766665 0.233335 0
0.310313 0.000103271 0.689584
