0.448279 0.0689596 0.482762
0.533321 0.466679 0
0.321427 0.428573 0.25
0.233332 0.766668 0
0.448276 0.172414 0.37931
0.966668 0.0333316 0
0.6 0.4 0
0.413789 0.241381 0.34483
0.502392 0.0669868 0.430621
0.034481 0.275852 0.689668
0.269235 0.730765 0
0.102271 0.647729 0.25
0.428528 0.000100686 0.571371
0.000103413 0.448229 0.551667
0.399999 0.600001 0
0.814814 0.185186 0
0.769231 0.230769 0
0.0689649 0.413794 0.517242
0.0344828 0.37931 0.586208
0.482758 0.206897 0.310345
0.172409 0.448278 0.379312
0.37932 0.103438 0.517242
0.1 0.199998 0.700002
0.428574 0.321426 0.25
9.99712e-05 0.09999 0.89991
0.275861 0.310346 0.413794
9.99317e-05 0.533294 0.466606
0.379315 0.206887 0.413798
0.9999 9.99747e-05 0
0.551722 0.172415 0.275863
0.066667 0.933333 0
0.241382 0.275861 0.482757
9.99776e-05 0.9999 0
0.0666667 0.166664 0.766669
0.642858 0.357142 0
0.517188 0.000103398 0.482709
0.206897 0.206897 0.586207
0.749898 0.000102259 0.25
0.61364 0.13636 0.25
0.586146 0.000103431 0.41375
0.733329 0.266671 0
0.86207 0.13793 0
0.692311 0.307689 0
0.275863 0.172414 0.551724
0.689584 0.000103385 0.310313
0.206898 0.0689648 0.724137
0.481479 0.518521 0
0.413794 0.137929 0.448277
0.133329 0.0333335 0.833337
0.099999 0.900001 0
0.310345 0.103447 0.586208
0.172413 0.517242 0.310345
0.933326 0.0666739 0
0.511363 0.238637 0.25
0.137931 0.413793 0.448277
0.344827 0.275863 0.379311
0.100001 0.100001 0.799999
0.379313 0.310343 0.310343
0.172414 0.275861 0.551725
0.103445 0.517243 0.379312
0.310344 0.344828 0.344828
0.344822 0.37932 0.275858
0.172414 0.172414 0.655172
0.192308 0.807692 0
0.000103374 0.241355 0.758541
0.000103174 0.655105 0.344792
0.0333336 0.0333336 0.933333
0.00010318 0.344792 0.655104
0.566668 0.433332 0
0.35714 0.64286 0
0.206897 0.37931 0.413794
0.310335 0.689665 0
0.32139 0.000101714 0.678508
0.0344771 0.689659 0.275864
0.0999899 9.86736e-05 0.899911
0.133333 0.133333 0.733334
0.241381 0.482755 0.275864
0.241379 0.103448 0.655172
0.0666701 0.499975 0.433355
0.103448 0.310345 0.586207
0.000102218 0.749898 0.25
0.204545 0.545455 0.25
0.551724 0.103448 0.344828
0.137928 0.344843 0.517229
0.241381 0.41379 0.344829
8.03455e-05 0.16665 0.83327
0.26664 9.98779e-05 0.73326
8.26511e-05 9.69638e-05 0.99982
0.900002 0.0999985 0
0.655179 0.0689555 0.275865
0.137931 0.586207 0.275862
0.0337967 0.608347 0.357857
0.310345 0.206897 0.482758
0.344827 0.0344815 0.620691
0.137927 0.241381 0.620692
0.0333273 0.966673 0
0.62069 0.0344818 0.344828
0.433334 0.566666 0
0.199985 9.98597e-05 0.799915
0.142856 0.857144 0
