0.692308 0.307692 0
0.321428 0.428572 0.25
0.966667 0.0333326 0
0.000102455 0.24135 0.758548
0.233336 0.766664 0
0.413795 0.103444 0.482761
0.647737 0.102263 0.25
0.551725 0.103446 0.344828
0.433343 0.566657 0
0.413796 0.241374 0.34483
0.0333242 0.966676 0
0.100257 0.467874 0.431869
0.103447 0.172414 0.724139
0.655105 0.000103276 0.344792
0.23331 9.99889e-05 0.76659
0.0344549 0.689675 0.27587
0.172411 0.172416 0.655173
0.344826 0.103448 0.551725
0.344828 0.0344823 0.62069
0.0666668 0.933333 0
0.413756 0.000103237 0.586141
0.48271 0.000103182 0.517187
0.172414 0.482759 0.344828
0.142857 0.857143 0
0.379304 0.241384 0.379312
0.241379 0.482759 0.275862
0.103445 0.551726 0.344829
0.0333322 0.166669 0.799999
0.13332 9.89416e-05 0.866581
0.394623 0.0672644 0.538112
0.172411 0.275866 0.551722
0.9 0.1 0
0.0666648 0.0333269 0.900008
0.566661 0.433339 0
0.9999 9.99537e-05 0
0.464286 0.285714 0.25
0.1 0.9 0
0.275862 0.103448 0.62069
0.466667 0.533333 0
0.76923 0.23077 0
0.275861 0.344827 0.379312
0.0344771 0.58621 0.379313
0.241379 0.0344822 0.724139
0.192294 0.807706 0
0.536912 0.0335576 0.42953
0.482756 0.137932 0.379313
0.28571 0.71429 0
0.357133 0.321418 0.321449
0.310316 0.000102429 0.689581
0.310345 0.172413 0.517242
0.37931 0.344827 0.275862
0.24137 0.206895 0.551735
0.133336 0.0999991 0.766665
0.749898 0.000101953 0.25
0.172413 0.344827 0.482759
0.206869 0.379324 0.413807
0.482759 0.0689645 0.448276
0.103449 0.344826 0.551725
0.275862 0.241379 0.482759
0.482775 0.206889 0.310336
0.933333 0.066667 0
0.000101314 0.357108 0.642791
0.241382 0.413787 0.344831
0.310345 0.275862 0.413793
0.206896 0.103448 0.689656
0.0689647 0.241379 0.689656
9.90894e-05 0.13332 0.866581
6.66614e-05 0.066662 0.933271
0.814818 0.185182 0
0.137926 0.58621 0.275864
0.545455 0.204545 0.25
9.98484e-05 0.9999 0
0.68966 0.0344774 0.275863
0.600006 0.399994 0
0.0689651 0.413795 0.51724
0.392859 0.607141 0
0.586211 0.137926 0.275864
0.0344751 0.379309 0.586216
0.137922 0.413796 0.448282
0.102273 0.647727 0.25
0.607065 0.00010106 0.392833
0.413792 0.172413 0.413794
0.0344827 0.310344 0.655173
0.034481 0.482759 0.48276
0.642858 0.357142 0
0.16667 0.0333316 0.799999
0.344818 0.206899 0.448282
0.137931 0.241379 0.62069
0.24138 0.310343 0.448277
9.93501e-05 0.535671 0.46423
0.000102052 0.749898 0.25
0.20456 0.54544 0.25
0.344827 0.655173 0
0.733321 0.266679 0
0.862069 0.137931 0
0.000103105 0.655105 0.344792
9.00393e-05 9.31414e-05 0.999817
0.000102914 0.448229 0.551668
0.518524 0.481476 0
0.066661 0.100006 0.833333
