9.97879e-05 0.9999 0
0.137933 0.517234 0.344833
0.344832 0.0689537 0.586214
0.233331 0.766669 0
0.102273 0.647727 0.25
0.137927 0.586209 0.275863
0.517243 0.0689618 0.413795
0.310343 0.689657 0
0.310345 0.172414 0.517241
0.206897 0.379309 0.413794
9.98337e-05 0.533281 0.466619
0.034483 0.551721 0.413796
0.0689645 0.586208 0.344828
0.00010333 0.44823 0.551667
0.689663 0.0344714 0.275865
0.586209 0.0689626 0.344829
0.933334 0.0666661 0
0.413793 0.0344825 0.551724
0.192306 0.807694 0
0.0344829 0.275861 0.689656
0.447987 0.241506 0.310507
0.586146 0.000103427 0.41375
0.899999 0.100001 0
0.68966 0.31034 0
0.269236 0.730764 0
0.73076 0.26924 0
0.586207 0.13793 0.275862
0.37931 0.344829 0.275861
0.142857 0.857143 0
0.000102211 0.749898 0.25
0.310344 0.379312 0.310344
0.413793 0.206897 0.37931
0.204546 0.545454 0.25
0.766667 0.233333 0
0.23334 0.0333287 0.733332
0.275862 0.344828 0.37931
0.344837 0.206894 0.448269
0.807692 0.192308 0
0.275856 0.44829 0.275854
0.642857 0.357143 0
0.13793 0.379315 0.482755
0.499948 9.99609e-05 0.499952
0.206897 0.103448 0.689655
0.433335 0.566665 0
0.0689652 0.413793 0.517241
0.0344798 0.379311 0.586209
0.199981 9.99618e-05 0.799919
0.448278 0.137927 0.413795
0.172409 0.448279 0.379313
0.395675 0.100721 0.503604
0.275862 0.24138 0.482759
0.206892 0.241381 0.551727
0.206894 0.482765 0.310341
0.103446 0.24138 0.655173
0.0666658 0.0333329 0.900001
9.94161e-05 9.56287e-05 0.999805
0.275862 0.137931 0.586207
0.24138 0.413791 0.344829
7.48629e-05 0.0666311 0.933294
0.000103374 0.655105 0.344792
0.0344806 0.689657 0.275863
0.137931 0.172414 0.689655
0.647727 0.102273 0.25
0.0666638 0.933336 0
0.566663 0.433337 0
0.481478 0.518522 0
0.310341 0.275863 0.413795
0.357143 0.642857 0
0.46429 0.28571 0.25
0.103448 0.344828 0.551725
0.857143 0.142857 0
0.340909 0.409091 0.25
0.310313 0.000103433 0.689584
0.344827 0.310345 0.344828
0.000103395 0.241351 0.758545
0.172414 0.310345 0.517241
0.241378 0.310345 0.448276
0.655105 0.000103433 0.344792
0.0666686 0.100003 0.833329
0.103446 0.448277 0.448277
0.545452 0.204548 0.25
0.0333331 0.166667 0.8
0.966667 0.0333333 0
0.166667 0.0666668 0.766666
0.100006 0.899994 0
0.0333315 0.966668 0
0.000103422 0.344792 0.655105
0.6 0.4 0
0.533333 0.466667 0
0.13332 9.98319e-05 0.86658
0.517242 0.13793 0.344828
9.98904e-05 0.13332 0.86658
0.9999 9.99743e-05 0
0.379271 0.000103387 0.620626
0.103447 0.137929 0.758623
0.275862 0.0689642 0.655173
0.206895 0.172412 0.620693
0.749898 0.00010225 0.25
0.137931 0.275862 0.586207
0.4 0.6 0
