0.275834 0.000103404 0.724063
0.206897 0.413793 0.37931
9.99687e-05 0.499963 0.499937
0.310345 0.206896 0.482759
0.0689646 0.206897 0.724139
0.413793 0.0689649 0.517242
0.321429 0.428571 0.25
0.241397 0.48272 0.275883
0.586207 0.0344819 0.379311
0.0333171 0.0333184 0.933365
0.0344676 0.551733 0.4138
0.9999 9.99616e-05 0
0.206897 0.310345 0.482759
0.206891 0.103445 0.689664
0.172409 0.0689639 0.758627
0.137931 0.586206 0.275863
0.275862 0.275862 0.448276
0.344827 0.137931 0.517242
0.275864 0.379305 0.34483
0.275861 0.172412 0.551727
0.192307 0.807693 0
0.607141 0.392859 0
0.482758 0.206897 0.310345
0.551747 0.172405 0.275848
0.172413 0.172413 0.655173
0.482763 0.137924 0.379314
9.93525e-05 0.09999 0.899911
9.9959e-05 0.9999 0
0.566666 0.433334 0
0.0666639 0.933336 0
0.392857 0.607143 0
0.34483 0.65517 0
0.857144 0.142856 0
0.133333 0.0333334 0.833334
0.7 0.3 0
0.0688977 0.379921 0.551181
0.0666665 0.0999997 0.833334
0.466668 0.533332 0
0.379314 0.172411 0.448276
0.00010343 0.413751 0.586146
0.511366 0.238634 0.25
0.51852 0.48148 0
0.37927 0.000103381 0.620626
0.137931 0.241379 0.62069
0.807689 0.192311 0
0.613635 0.136365 0.25
0.000102207 0.749898 0.25
0.100004 0.899996 0
0.655105 0.00010341 0.344792
0.933334 0.066666 0
0.19998 9.77294e-05 0.799922
0.733333 0.266667 0
0.409075 0.340925 0.25
0.310344 0.0344827 0.655173
0.137925 0.310347 0.551728
0.749898 0.0001022 0.25
0.103447 0.517242 0.379311
0.0999899 9.95134e-05 0.899911
0.1 0.133334 0.766666
0.344827 0.344827 0.310345
0.206897 0.206897 0.586207
0.413793 0.206896 0.379311
0.241379 0.241379 0.517241
0.65517 0.0689661 0.275864
0.204546 0.545454 0.25
0.9 0.0999999 0
0.0344814 0.275855 0.689664
0.142853 0.857147 0
0.448274 0.275863 0.275863
0.0689651 0.586207 0.344828
0.100012 0.466601 0.433387
0.23333 0.76667 0
0.766668 0.233332 0
9.98148e-05 0.23331 0.76659
0.55172 0.103449 0.344831
0.000103394 0.620625 0.379271
0.102272 0.647728 0.25
0.3 0.7 0
0.000103379 0.689584 0.310313
0.0333283 0.966672 0
0.137893 0.379482 0.482625
0.241381 0.344823 0.413796
0.344834 0.0689477 0.586218
0.966668 0.0333322 0
0.433333 0.566667 0
0.17241 0.482761 0.344829
0.482759 0.0344824 0.482759
0.0689655 0.310345 0.62069
9.66959e-05 9.39364e-05 0.999809
0.000103423 0.344792 0.655104
0.379312 0.27586 0.344829
0.655171 0.344829 0
9.99698e-05 0.16665 0.83325
0.448229 0.000103384 0.551667
0.266668 0.733332 0
0.275864 0.103445 0.620692
0.466664 0.1 0.433335
0.535666 0.000100411 0.464233
0.344827 0.241379 0.413795
0.310345 0.310345 0.37931
