0.241379 0.241379 0.517241
0.481482 0.518518 0
0.275862 0.275862 0.448276
0.0335457 0.429487 0.536968
0.517241 0.206897 0.275862
0.9999 9.99364e-05 0
0.241379 0.0344822 0.724138
0.137928 0.275864 0.586208
0.230769 0.769231 0
0.699889 0.0333443 0.266767
0.068965 0.24138 0.689655
0.0666699 0.0333354 0.899995
0.275854 0.068965 0.655181
0.172413 0.206897 0.62069
9.99394e-05 0.133322 0.866578
0.00010341 0.586146 0.413751
0.241378 0.379311 0.379311
0.172412 0.413794 0.413794
0.73077 0.26923 0
0.103448 0.34483 0.551722
0.185185 0.814815 0
0.0689602 0.58621 0.34483
0.310345 0.379311 0.310345
0.689655 0.310345 0
0.413787 0.172415 0.413797
0.366666 0.366666 0.266669
0.379304 0.241382 0.379314
0.100004 0.0666696 0.833326
9.99485e-05 0.233312 0.766588
0.900001 0.0999994 0
0.966667 0.0333327 0
0.340909 0.409091 0.25
0.000103251 0.379271 0.620625
0.103449 0.448274 0.448277
0.551667 0.000103414 0.44823
0.642858 0.357142 0
0.13793 0.86207 0
0.0666624 0.933338 0
0.857142 0.142858 0
0.103444 0.517244 0.379312
0.206854 0.000103289 0.793043
0.379271 0.000103215 0.620626
0.310345 0.206897 0.482758
0.0333347 0.16668 0.799985
0.766667 0.233333 0
0.344828 0.137931 0.517241
4.3629e-05 0.0666612 0.933295
0.586209 0.0344789 0.379312
0.34483 0.0689629 0.586208
0.103448 0.172414 0.724138
0.310345 0.310345 0.37931
0.62069 0.0689651 0.310345
0.307691 0.692309 0
0.137931 0.586207 0.275862
0.000103399 0.655105 0.344792
0.310312 0.000103387 0.689584
9.98697e-05 0.9999 0
0.206896 0.137931 0.655173
0.379305 0.310353 0.310343
0.172415 0.517237 0.310348
0.46662 9.99689e-05 0.53328
0.10228 0.64772 0.25
0.448276 0.103448 0.448276
9.99821e-05 0.49995 0.49995
0.20455 0.54545 0.25
0.26667 0.73333 0
0.655105 0.000103338 0.344792
0.464286 0.285714 0.25
0.43333 0.56667 0
0.206897 0.448276 0.344828
0.172414 0.310343 0.517243
0.482758 0.137931 0.37931
0.137933 0.379309 0.482758
0.6 0.4 0
0.034476 0.517245 0.448279
0.0333332 0.966667 0
0.000102176 0.749898 0.25
0.0689641 0.310345 0.620691
0.566667 0.433333 0
0.533329 0.466671 0
0.428436 0.067244 0.50432
0.749898 0.000102086 0.25
0.1 0.9 0
0.0344719 0.689663 0.275865
0.000103372 0.310312 0.689584
0.4 0.6 0
9.39608e-05 8.41479e-05 0.999822
0.551729 0.103441 0.344831
0.579546 0.170454 0.25
0.647728 0.102272 0.25
0.357145 0.642855 0
0.137932 0.103449 0.758619
0.275874 0.137929 0.586198
0.133323 9.97399e-05 0.866578
0.275861 0.448279 0.275861
0.448276 0.206896 0.344828
0.807692 0.192308 0
0.206896 0.344828 0.448276
0.517239 0.0689658 0.413795
0.933329 0.0666714 0
