0.100008 0.100008 0.799984
0.206898 0.137931 0.655171
0.206896 0.310345 0.482759
0.0333341 0.966666 0
0.0999887 9.53963e-05 0.899916
0.0344821 0.689656 0.275862
0.13793 0.86207 0
0.172414 0.24138 0.586206
0.681827 0.0681731 0.25
0.481484 0.518516 0
0.321424 0.285707 0.392868
0.266668 0.733332 0
0.0344821 0.482759 0.482759
0.0689656 0.241379 0.689656
0.413789 0.172415 0.413796
0.100002 0.899998 0
0.206876 0.000103436 0.79302
0.31034 0.413803 0.275857
0.357145 0.642855 0
0.0333301 0.2 0.766669
0.0666654 0.933335 0
0.000103352 0.655105 0.344792
0.10072 0.503593 0.395687
0.730769 0.269231 0
0.413791 0.0689651 0.517244
0.24138 0.206894 0.551726
0.0666657 0.0666643 0.86667
9.99795e-05 0.166651 0.833249
0.448273 0.103449 0.448278
0.620625 0.000103222 0.379271
0.807692 0.192308 0
0.533333 0.466667 0
9.99611e-05 0.9999 0
0.103448 0.310345 0.586207
0.137931 0.206897 0.655173
0.275863 0.379308 0.344829
0.448229 0.000103315 0.551668
0.137928 0.344827 0.517244
0.241379 0.0689651 0.689656
0.48276 0.17241 0.34483
0.000102119 0.749898 0.25
0.399999 0.600001 0
0.96667 0.0333305 0
0.57954 0.17046 0.25
9.313e-05 8.74609e-05 0.999819
0.37931 0.310345 0.310345
0.103449 0.17241 0.724141
0.307693 0.692307 0
0.766666 0.233334 0
0.900001 0.0999985 0
0.103447 0.551725 0.344828
9.98276e-05 0.433287 0.566613
0.464282 0.285718 0.25
0.310353 0.103447 0.5862
0.185185 0.814815 0
0.310345 0.0344822 0.655173
0.482759 0.0344827 0.482759
0.433341 0.566659 0
0.9999 9.98823e-05 0
0.172414 0.37931 0.448276
0.0689621 0.379312 0.551726
0.133335 0.0333339 0.833331
0.379274 0.00010342 0.620623
0.535661 0.000100388 0.464239
0.62069 0.103448 0.275862
9.58461e-05 0.0999882 0.899916
0.0333287 0.0333287 0.933343
0.172414 0.517241 0.310345
0.241379 0.344828 0.413793
0.137931 0.448275 0.413794
0.749898 0.000102247 0.25
0.689655 0.310345 0
0.689584 0.000103413 0.310313
0.241376 0.448284 0.31034
0.000103228 0.275834 0.724063
0.857143 0.142857 0
0.166682 0.10001 0.733308
0.103447 0.413793 0.482759
0.206896 0.413794 0.37931
0.6 0.4 0
0.379311 0.137929 0.48276
0.299978 0.166672 0.53335
0.000100425 0.53566 0.464239
0.413797 0.241372 0.344831
0.566669 0.433331 0
0.357142 0.392858 0.25
0.000103218 0.344793 0.655103
0.642857 0.357143 0
0.238639 0.511361 0.25
0.136385 0.613615 0.25
0.230767 0.769233 0
0.586207 0.0689656 0.344828
0.0688426 0.621366 0.309792
0.275833 0.000103408 0.724063
0.344827 0.206897 0.448276
0.0344823 0.586208 0.37931
0.517221 0.206905 0.275874
0.517236 0.103449 0.379314
0.933333 0.0666666 0
0.275862 0.24138 0.482758
