0.172414 0.206897 0.62069
0.000102225 0.749898 0.25
0.133319 9.70429e-05 0.866584
0.0689642 0.206895 0.72414
0.24138 0.413792 0.344828
9.97215e-05 0.464246 0.535654
0.0666686 0.0666685 0.866663
0.172408 0.448279 0.379313
0.172415 0.103444 0.724141
0.448229 0.000102886 0.551668
0.275862 0.13793 0.586207
0.499952 9.98064e-05 0.499948
0.137925 0.34484 0.517235
9.98639e-05 0.233312 0.766588
0.518517 0.481483 0
0.166668 0.0666565 0.766676
0.000102943 0.379271 0.620626
0.399999 0.600001 0
0.833331 0.166669 0
0.0344764 0.586211 0.379313
0.966667 0.0333332 0
0.933338 0.0666622 0
0.482762 0.241378 0.27586
0.655104 0.000103357 0.344792
0.600002 0.399998 0
0.000103429 0.655104 0.344792
0.310348 0.379308 0.310344
0.185183 0.814817 0
0.48276 0.172412 0.344828
0.275834 0.000103257 0.724063
0.137929 0.862071 0
0.566664 0.433336 0
4.44392e-05 0.0999946 0.899961
0.230767 0.769233 0
0.206899 0.379305 0.413796
0.379309 0.344829 0.275861
0.344825 0.310347 0.344828
0.689656 0.310344 0
0.413793 0.0689654 0.517242
0.799993 0.200007 0
0.0999997 0.9 0
0.413795 0.275861 0.310344
0.310343 0.0689649 0.620692
0.344842 0.17242 0.482739
0.545452 0.204548 0.25
0.730771 0.269229 0
0.24138 0.241379 0.517241
0.310346 0.275859 0.413795
0.0666665 9.51543e-07 0.933333
0.586144 0.000103281 0.413753
0.433332 0.566668 0
0.0689653 0.62069 0.310345
9.96383e-05 0.166653 0.833248
0.103447 0.103447 0.793106
0.466668 0.533332 0
0.0666573 0.933343 0
0.866664 0.133336 0
0.103447 0.275861 0.620692
0.344791 0.000103432 0.655106
9.92187e-05 8.98356e-05 0.999811
0.289833 0.202954 0.507213
0.0669861 0.502395 0.430619
0.379311 0.0344804 0.586208
0.357144 0.642856 0
0.137929 0.517243 0.344828
0.392855 0.214282 0.392864
0.100391 0.43112 0.468489
0.340909 0.409091 0.25
0.689662 0.0344731 0.275865
0.0344799 0.689659 0.275861
0.241375 0.103449 0.655176
0.23863 0.51137 0.25
0.34483 0.103447 0.551723
0.899996 0.100004 0
0.44317 0.30683 0.25
0.586208 0.103446 0.310346
0.172412 0.275865 0.551723
9.86235e-05 0.999901 0
0.000103341 0.310321 0.689576
0.467871 0.100254 0.431876
0.136364 0.613636 0.25
0.27586 0.44828 0.27586
0.9999 9.9967e-05 0
0.266665 0.733335 0
0.642858 0.357142 0
0.749898 0.000102078 0.25
0.766666 0.233334 0
0.413795 0.137928 0.448277
0.000103419 0.551667 0.44823
0.0333318 0.966668 0
0.307689 0.692311 0
0.199983 9.99294e-05 0.799917
0.137931 0.172414 0.689655
0.172416 0.551723 0.275861
0.551725 0.0689638 0.379311
0.206891 0.482773 0.310336
0.241378 0.310345 0.448277
0.613637 0.136363 0.25
0.0689645 0.344832 0.586204
0.275861 0.344828 0.379311
