0.233333 0.766667 0
0.466667 0.533333 0
0.133318 9.55089e-05 0.866586
0.102274 0.647726 0.25
0.0666285 7.83395e-05 0.933293
0.0333324 0.133334 0.833334
0.241379 0.137931 0.62069
0.551724 0.103448 0.344828
0.137929 0.586208 0.275863
0.37931 0.241379 0.37931
0.321429 0.321429 0.357141
0.413794 0.0689638 0.517242
0.137926 0.482761 0.379313
0.275862 0.275862 0.448276
0.448276 0.103447 0.448276
0.310345 0.172414 0.517241
0.275859 0.0689644 0.655176
0.518519 0.481481 0
0.0666571 0.166667 0.766676
0.20689 0.0689624 0.724148
0.172412 0.172412 0.655176
0.000103356 0.655105 0.344792
0.103449 0.551719 0.344832
0.692307 0.307693 0
0.233312 9.99196e-05 0.766588
0.142856 0.857144 0
0.613635 0.136365 0.25
0.448274 0.206897 0.344829
0.6 0.4 0
0.275862 0.413793 0.310345
0.206901 0.344814 0.448285
0.206893 0.448278 0.344829
0.344828 0.103448 0.551725
0.344829 0.206896 0.448275
0.413793 0.275862 0.310345
0.689663 0.0344724 0.275865
0.192305 0.807695 0
0.166666 0.0333314 0.800002
0.392857 0.357143 0.25
0.241374 0.379313 0.379313
0.1 0.9 0
0.551719 0.172416 0.275865
0.357142 0.642858 0
0.586207 0.0344825 0.37931
0.966674 0.033326 0
0.733333 0.266667 0
0.204548 0.545452 0.25
0.899999 0.100001 0
0.482759 0.13793 0.379311
0.433333 0.566667 0
0.310313 0.000103256 0.689584
0.066668 0.933332 0
9.69172e-05 9.09328e-05 0.999812
0.306813 0.443187 0.25
0.0333319 0.966668 0
9.98566e-05 0.19998 0.79992
0.000103371 0.379272 0.620625
0.620689 0.0689662 0.310345
0.500001 0.249998 0.25
0.03448 0.241372 0.724148
0.000103279 0.482709 0.517188
0.103448 0.344828 0.551724
0.81482 0.18518 0
0.413793 0.172414 0.413793
0.000103225 0.310313 0.689584
0.13793 0.275862 0.586208
0.655105 0.000103432 0.344792
0.862071 0.137929 0
0.000100431 0.53566 0.464239
0.103448 0.448275 0.448276
0.172408 0.413799 0.413793
0.4 0.6 0
0.241378 0.482761 0.275861
0.642857 0.357143 0
0.137928 0.103449 0.758623
0.0335478 0.429526 0.536926
0.310344 0.689656 0
0.566666 0.433334 0
0.241379 0.241379 0.517241
0.000102252 0.749898 0.25
9.97827e-05 0.9999 0
0.0689604 0.310346 0.620693
0.999901 9.91546e-05 0
0.344825 0.379315 0.27586
0.269231 0.730769 0
0.37931 0.137931 0.482759
0.749898 0.000102 0.25
9.94975e-05 0.0999893 0.899911
0.0344743 0.586212 0.379314
0.53566 0.000100416 0.464239
0.933329 0.066671 0
0.172413 0.310345 0.517242
0.0344796 0.689657 0.275863
0.379272 0.000103411 0.620625
0.137929 0.379312 0.482759
0.0999999 0.0666666 0.833334
0.103447 0.206896 0.689656
0.769232 0.230768 0
0.206896 0.206896 0.586208
0.44823 0.000103375 0.551666
