0.321429 0.428571 0.25
0.142852 0.857148 0
0.0666709 0.200013 0.733316
9.99282e-05 0.9999 0
0.55173 0.103439 0.344831
0.275864 0.724136 0
0.310344 0.0689656 0.62069
0.749898 0.000102245 0.25
0.344828 0.344827 0.310345
4.23815e-05 0.0666618 0.933296
0.642852 0.357148 0
0.20689 0.44828 0.34483
0.0333328 0.099999 0.866668
0.034481 0.689656 0.275863
0.137919 0.0689591 0.793122
0.266662 0.0666664 0.666672
0.172413 0.517243 0.310344
0.192309 0.807691 0
0.10344 0.586212 0.310348
0.034483 0.586204 0.379313
0.0344827 0.37931 0.586207
0.43061 0.0669814 0.502409
0.482758 0.0344828 0.482759
0.1 0.0333315 0.866668
0.689584 0.000103408 0.310313
0.0333327 0.266675 0.699992
0.166646 8.93234e-05 0.833265
0.000103182 0.344791 0.655106
0.136359 0.613641 0.25
0.206898 0.275863 0.517239
0.103446 0.241383 0.655171
0.206897 0.206896 0.586207
0.517245 0.0689587 0.413796
0.100036 0.133381 0.766584
0.233342 0.766658 0
0.933333 0.0666668 0
0.0689656 0.517241 0.413794
0.241374 0.379313 0.379313
0.433333 0.566667 0
0.448276 0.275862 0.275862
0.900005 0.099995 0
0.000100288 0.464226 0.535674
0.620625 0.000103369 0.379272
0.204543 0.545457 0.25
0.511352 0.238648 0.25
0.379314 0.275855 0.344831
0.241379 0.482759 0.275862
0.40909 0.34091 0.25
0.10344 0.379321 0.517239
9.97677e-05 0.166654 0.833246
0.137931 0.275862 0.586207
0.000103376 0.551667 0.44823
0.172419 0.413779 0.413802
0.0666666 0.933333 0
0.379272 0.000103326 0.620624
0.103448 0.448276 0.448276
0.000103429 0.655104 0.344792
0.769231 0.230769 0
0.481479 0.518521 0
0.285718 0.357148 0.357133
6.90616e-05 8.11853e-05 0.99985
0.310346 0.206896 0.482758
0.344844 0.103446 0.55171
0.448277 0.137929 0.413794
0.551725 0.172412 0.275863
0.655177 0.0689587 0.275864
0.0689627 0.310345 0.620692
0.814814 0.185186 0
0.384615 0.615385 0
0.0344827 0.482759 0.482759
0.241357 0.000103303 0.758539
0.966673 0.033327 0
0.137928 0.172411 0.689661
0.733332 0.266668 0
0.692309 0.307691 0
0.86207 0.13793 0
0.275863 0.172411 0.551726
0.100003 0.899997 0
0.000101964 0.749898 0.25
0.333333 0.666667 0
0.137931 0.482759 0.37931
0.200005 0.100002 0.699992
9.99365e-05 0.233316 0.766584
0.600002 0.399998 0
0.241377 0.310346 0.448277
0.566666 0.433334 0
0.9999 9.98375e-05 0
0.379331 0.172408 0.448261
0.310357 0.275857 0.413786
0.551667 0.000103265 0.44823
0.172414 0.344828 0.482759
0.413793 0.206896 0.379311
0.31031 0.000103254 0.689587
0.533314 0.466686 0
0.0333332 0.966667 0
0.482761 0.17241 0.344829
0.613636 0.136364 0.25
0.0666399 6.42239e-05 0.933296
0.44823 0.000103296 0.551667
0.241378 0.137931 0.620691
