0.206897 0.413793 0.379311
0.00010079 0.571373 0.428526
0.000103363 0.379271 0.620626
0.269237 0.730763 0
0.241382 0.206896 0.551722
0.206885 0.517269 0.275846
0.166668 0.0333322 0.8
0.933333 0.0666666 0
0.0689639 0.172412 0.758624
0.545454 0.204546 0.25
0.0666672 0.933333 0
0.192309 0.807691 0
0.344829 0.27586 0.379311
0.1 0.9 0
0.310311 0.000103411 0.689585
0.433331 0.566669 0
0.379308 0.0689658 0.551726
0.0333292 0.966671 0
0.517241 0.0344828 0.448276
0.692308 0.307692 0
0.466623 9.99219e-05 0.533278
0.899999 0.100001 0
0.518519 0.481481 0
9.99135e-05 0.13332 0.86658
0.0999995 0.1 0.8
0.9999 9.98343e-05 0
0.464293 0.285707 0.25
0.103447 0.310344 0.586209
0.586207 0.0689651 0.344828
0.310346 0.206896 0.482758
0.142852 0.857148 0
0.0344738 0.689662 0.275865
0.448277 0.0689634 0.48276
0.102268 0.647732 0.25
0.733331 0.266669 0
0.647726 0.102274 0.25
0.413788 0.241382 0.344831
0.0344714 0.517247 0.448281
0.466669 0.533331 0
0.310343 0.103447 0.586209
0.241379 0.448277 0.310344
0.233332 0.766668 0
0.344831 0.137929 0.517239
0.13793 0.172414 0.689657
9.94189e-05 0.999901 0
0.399999 0.600001 0
0.586208 0.137929 0.275863
0.0689659 0.586205 0.34483
0.000103366 0.655105 0.344792
0.206896 0.310345 0.482759
0.13332 9.98584e-05 0.86658
0.600002 0.399998 0
0.275862 0.275864 0.448275
0.37931 0.310345 0.310345
0.137936 0.517223 0.344841
0.310347 0.379309 0.310344
0.655105 0.000103423 0.344792
0.966672 0.0333283 0
0.000100336 0.464245 0.535655
0.571374 0.000100628 0.428526
0.862075 0.137925 0
0.137894 0.586317 0.275789
0.000103381 0.275836 0.724061
0.517242 0.13793 0.344828
0.000102195 0.749898 0.25
0.48276 0.103445 0.413794
0.64286 0.35714 0
0.310345 0.689655 0
0.17241 0.103447 0.724143
0.137813 0.379854 0.482334
0.48276 0.206896 0.310344
0.285461 0.357269 0.35727
8.63823e-05 8.48034e-05 0.999829
0.448277 0.172411 0.379312
0.566667 0.433333 0
0.241378 0.137931 0.620691
0.0344828 0.310344 0.655173
2.2265e-05 0.0666581 0.93332
0.413793 0.137931 0.448276
0.172406 0.206899 0.620695
0.749898 0.000102241 0.25
0.103447 0.24138 0.655173
0.10026 0.467867 0.431872
0.285705 0.464295 0.25
0.066653 7.56725e-05 0.933271
0.178571 0.571429 0.25
0.37931 0.206897 0.413793
0.769231 0.230769 0
0.241351 0.000103385 0.758545
0.275863 0.0689614 0.655175
0.0689619 0.379312 0.551726
0.374999 0.375001 0.25
0.0666662 0.0666667 0.866667
9.95277e-05 0.199981 0.79992
0.689665 0.0344703 0.275865
0.379271 0.000103296 0.620626
0.172413 0.275862 0.551724
0.357142 0.642858 0
0.241375 0.34483 0.413795
0.814821 0.185179 0
