0.933336 0.0666644 0
0.206897 0.413793 0.37931
9.5224e-05 0.0666598 0.933245
0.241377 0.241377 0.517246
0.300001 0.699999 0
0.899999 0.100001 0
0.172403 0.482765 0.344832
0.807693 0.192307 0
0.689661 0.310339 0
0.310346 0.413792 0.275862
0.379271 0.0001034 0.620625
0.689584 0.000103268 0.310313
0.34483 0.65517 0
0.102274 0.647726 0.25
0.103448 0.206896 0.689656
0.0344821 0.689656 0.275862
0.44827 0.206899 0.344831
0.6 0.4 0
0.481472 0.518528 0
0.433336 0.566664 0
0.5 0.25 0.25
0.392859 0.357141 0.25
0.206891 0.517254 0.275855
0.1 0.1 0.8
0.103447 0.517242 0.379311
0.133321 9.98795e-05 0.866579
0.275862 0.275862 0.448276
0.9999 9.99359e-05 0
0.166674 0.0666684 0.766658
0.344828 0.344828 0.310345
0.392861 0.607139 0
0.000100811 0.428528 0.571371
0.000103371 0.344793 0.655104
0.0333358 0.966664 0
0.103448 0.413793 0.482759
0.551719 0.172416 0.275865
0.26667 0.73333 0
0.241379 0.103448 0.655173
0.966666 0.0333344 0
0.448253 0.137938 0.413809
0.230769 0.769231 0
0.53694 0.0335563 0.429504
0.310345 0.0689656 0.62069
0.206896 0.206896 0.586208
0.613636 0.136364 0.25
0.310345 0.206897 0.482759
0.172414 0.172414 0.655172
0.310313 0.000103199 0.689584
0.000103433 0.275833 0.724063
0.000103218 0.655105 0.344792
0.103448 0.344828 0.551724
0.137922 0.551753 0.310325
0.0689656 0.310345 0.62069
0.655177 0.0689595 0.275864
0.275863 0.172412 0.551726
0.56667 0.43333 0
9.97623e-05 0.9999 0
0.172405 0.379315 0.448281
0.517227 0.137935 0.344838
0.857142 0.142858 0
0.275865 0.379304 0.344831
0.241377 0.448282 0.310342
0.137931 0.137931 0.724138
0.620625 0.000103429 0.379271
0.0344745 0.448279 0.517246
0.642855 0.357145 0
0.0689645 0.586208 0.344828
0.413793 0.275862 0.310345
0.766669 0.233331 0
0.185185 0.814815 0
0.499952 9.99552e-05 0.499948
0.241379 0.0344827 0.724138
0.533331 0.466669 0
0.13793 0.86207 0
0.730769 0.269231 0
0.206897 0.310344 0.48276
0.379309 0.241381 0.379311
0.000102103 0.749898 0.25
0.310345 0.310345 0.37931
0.19998 9.99348e-05 0.79992
0.137931 0.275862 0.586208
0.413795 0.103447 0.482759
0.0666564 0.0333326 0.900011
0.344831 0.103447 0.551722
0.586208 0.0689635 0.344828
9.98656e-05 0.166659 0.833241
0.0666687 0.933331 0
0.170453 0.579547 0.25
0.0333327 0.0999992 0.866668
0.241366 0.344834 0.4138
0.379311 0.172412 0.448277
0.137932 0.44827 0.413797
0.272727 0.477273 0.25
0.0333316 0.200011 0.766658
0.749898 0.000102245 0.25
8.21916e-05 9.29787e-05 0.999825
0.0344719 0.55173 0.413798
0.100002 0.899998 0
0.413797 0.0344746 0.551728
9.99665e-05 0.533287 0.466613
