0.642856 0.357144 0
0.933334 0.0666658 0
0.379312 0.172411 0.448277
0.692308 0.307692 0
0.769233 0.230767 0
0.0666669 0.933333 0
0.137931 0.37931 0.482759
0.142857 0.857143 0
0.413793 0.103448 0.482759
0.0666672 0.100001 0.833332
0.0344794 0.586209 0.379312
0.0999935 9.95217e-05 0.899907
8.5592e-05 0.133322 0.866593
0.266667 0.733333 0
0.137929 0.48276 0.379311
0.413791 0.206897 0.379312
0.392854 0.357146 0.25
0.000100814 0.428531 0.571368
0.275834 0.000103437 0.724063
0.206896 0.448276 0.344828
0.103448 0.24138 0.655172
0.310345 0.103447 0.586208
0.0344802 0.379311 0.586208
0.357144 0.642856 0
0.379271 0.000103372 0.620626
0.0333339 0.16667 0.799996
0.24138 0.37931 0.379311
0.172411 0.275863 0.551726
0.103448 0.448276 0.448276
0.102279 0.647721 0.25
0.814814 0.185186 0
0.566665 0.433335 0
0.433333 0.566667 0
0.551724 0.172414 0.275862
0.307692 0.692308 0
0.103417 0.345023 0.55156
0.344828 0.137931 0.517241
0.61364 0.13636 0.25
0.275862 0.310345 0.413793
0.100007 0.133342 0.766652
0.172411 0.517243 0.310346
0.199981 9.98967e-05 0.79992
0.749898 0.000102234 0.25
0.448273 0.137932 0.413795
0.379311 0.0689633 0.551726
0.9 0.1 0
0.137931 0.586208 0.275861
0.000102228 0.749898 0.25
0.481481 0.518519 0
0.172416 0.068966 0.758618
0.206895 0.344828 0.448277
0.379307 0.275863 0.344829
9.70463e-05 0.0666535 0.933249
0.310345 0.0344828 0.655172
0.586209 0.0689617 0.344829
0.689584 0.000103408 0.310313
0.000100428 0.535658 0.464241
0.448274 0.275863 0.275863
0.533333 0.466667 0
0.285712 0.464288 0.25
0.000103431 0.310313 0.689583
0.172409 0.137931 0.68966
0.0689642 0.206896 0.72414
0.0344802 0.689657 0.275863
9.98909e-05 0.23331 0.76659
0.133334 0.0333335 0.833332
0.344835 0.241377 0.413789
0.192305 0.807695 0
9.99122e-05 0.9999 0
0.6 0.4 0
0.51136 0.23864 0.25
0.241379 0.103448 0.655172
0.517247 0.103439 0.379314
0.000103429 0.655105 0.344792
0.24138 0.27586 0.48276
0.310345 0.206896 0.482758
0.620625 0.000103423 0.379271
0.0344808 0.448278 0.517241
0.482759 0.0689639 0.448277
0.204541 0.545459 0.25
0.733333 0.266667 0
0.310346 0.413792 0.275862
0.862072 0.137928 0
7.80034e-05 8.16197e-05 0.99984
0.310345 0.344826 0.344828
0.233329 0.766671 0
0.48276 0.172411 0.344829
0.0333333 0.966667 0
0.206897 0.206896 0.586207
0.9999 9.99409e-05 0
0.4 0.6 0
0.966668 0.033332 0
0.0689657 0.310341 0.620693
0.172413 0.413794 0.413793
0.103448 0.551724 0.344828
0.1 0.9 0
0.65517 0.068966 0.275864
0.464238 0.000100316 0.535662
0.27586 0.172414 0.551726
0.551667 0.000103376 0.44823
