0.275862 0.413794 0.310344
0.642856 0.357144 0
0.966666 0.0333335 0
0.0999998 0.9 0
0.000102169 0.749898 0.25
0.0666658 0.233341 0.699993
0.000103415 0.379271 0.620625
0.517251 0.137915 0.344834
0.413794 0.172412 0.413794
0.137929 0.310345 0.551725
0.103444 0.137927 0.758629
0.749898 0.000102044 0.25
0.137914 0.551742 0.310344
0.511362 0.238638 0.25
0.103438 0.379315 0.517247
0.613636 0.136364 0.25
0.185184 0.814816 0
0.862075 0.137925 0
0.206897 0.517241 0.275862
0.9 0.1 0
0.399999 0.600001 0
0.379312 0.241377 0.379311
0.133329 0.0666668 0.800004
0.0333312 0.966669 0
0.733333 0.266667 0
0.000103392 0.620626 0.379271
0.275827 0.000103353 0.724069
0.275862 0.241379 0.482759
0.448277 0.206894 0.344829
0.100001 0.0333327 0.866667
0.10026 0.467857 0.431882
0.413796 0.034475 0.551729
0.230769 0.769231 0
0.0344817 0.551725 0.413794
0.275867 0.172413 0.55172
0.517243 0.03448 0.448277
0.769231 0.230769 0
0.518526 0.481474 0
0.0689529 0.586215 0.344832
0.103448 0.517241 0.379311
0.17241 0.344829 0.482761
0.433334 0.566666 0
0.321423 0.321447 0.35713
0.310349 0.103447 0.586204
0.310345 0.0344827 0.655173
0.285708 0.464292 0.25
0.814815 0.185185 0
0.0666598 9.95422e-05 0.933241
0.0666669 0.933333 0
0.482709 0.000103354 0.517188
0.448205 0.275898 0.275898
0.37931 0.137931 0.482759
0.137925 0.172415 0.68966
0.214284 0.392861 0.392855
0.503589 0.100713 0.395698
0.0344763 0.413796 0.551728
0.137931 0.862069 0
0.200002 0.0333336 0.766664
0.448287 0.0689641 0.482749
0.102273 0.647727 0.25
9.94403e-05 0.0666599 0.933241
0.933335 0.0666649 0
0.62069 0.0689655 0.310345
0.357142 0.642858 0
0.566667 0.433333 0
0.655105 0.000103281 0.344792
0.689656 0.0344821 0.275862
0.392863 0.357137 0.25
0.206896 0.137931 0.655173
0.379271 0.000103328 0.620625
0.170458 0.579542 0.25
0.000103399 0.689584 0.310313
0.266669 0.733331 0
0.307689 0.692311 0
0.103444 0.275863 0.620692
0.0344827 0.310345 0.655173
0.241378 0.0689654 0.689656
9.78581e-05 0.166649 0.833253
8.50143e-05 9.40439e-05 0.999821
0.571373 0.000100759 0.428527
0.241378 0.310346 0.448275
0.0333333 0.0999999 0.866667
0.206896 0.241381 0.551723
0.0333329 0.200003 0.766664
0.344827 0.379312 0.275862
0.310347 0.275857 0.413796
0.9999 9.99063e-05 0
0.000103411 0.275827 0.724069
9.99894e-05 0.9999 0
0.166649 9.85694e-05 0.833253
0.6 0.4 0
0.172414 0.482758 0.344828
0.6923 0.3077 0
0.344829 0.206893 0.448277
0.137931 0.413793 0.448276
9.99756e-05 0.499955 0.499945
0.466669 0.533331 0
0.172414 0.206897 0.62069
0.0689655 0.344828 0.586207
0.551726 0.172411 0.275863
