0.0689649 0.517242 0.413793
0.310344 0.0344825 0.655174
0.206896 0.517242 0.275862
0.137931 0.37931 0.482759
0.0333297 0.96667 0
9.96581e-05 0.133321 0.86658
0.0344786 0.689658 0.275863
0.433336 0.566664 0
9.95627e-05 0.9999 0
0.100004 0.899996 0
0.613636 0.136364 0.25
0.0344818 0.482759 0.482759
0.966665 0.0333351 0
0.13793 0.517242 0.344828
0.310345 0.310345 0.37931
0.506023 0.168674 0.325303
0.899999 0.100001 0
0.749898 0.000102205 0.25
0.551667 0.000103114 0.44823
0.172408 0.413798 0.413793
0.392876 0.249995 0.357129
0.0666649 0.933335 0
0.142855 0.857145 0
0.730768 0.269232 0
0.37931 0.137931 0.482759
0.413792 0.172415 0.413793
0.357144 0.642856 0
0.807701 0.192299 0
0.48276 0.137929 0.379311
0.241379 0.241379 0.517241
0.517275 0.206882 0.275843
0.137931 0.137931 0.724139
9.98482e-05 0.433285 0.566615
0.241379 0.37931 0.379312
0.0666666 0.0666666 0.866667
0.0689604 0.241372 0.689668
0.172413 0.172413 0.655174
0.76667 0.23333 0
0.321378 0.357245 0.321377
0.103446 0.586208 0.310346
0.344827 0.206897 0.448276
0.206895 0.206895 0.58621
0.344828 0.103447 0.551725
0.642857 0.357143 0
0.28571 0.46429 0.25
0.133334 0.0333315 0.833335
0.233335 0.766665 0
0.44823 0.000103352 0.551667
0.137928 0.310346 0.551725
0.482759 0.0344828 0.482759
9.92357e-05 0.266643 0.733257
0.192302 0.807698 0
0.551724 0.103448 0.344828
0.0666686 0.166672 0.766659
0.19998 9.98618e-05 0.79992
0.62069 0.0689654 0.310344
0.10345 0.448269 0.448281
0.0344769 0.586211 0.379312
0.099997 2.85233e-05 0.899974
0.136367 0.613633 0.25
0.1 0.1 0.8
0.933333 0.0666667 0
0.481475 0.518525 0
0.857142 0.142858 0
0.655105 0.000103241 0.344792
0.586208 0.0344805 0.379311
0.689655 0.310345 0
0.275862 0.275862 0.448276
0.000102206 0.749898 0.25
0.357143 0.392857 0.25
0.275832 0.000103432 0.724064
0.00010154 0.321396 0.678502
0.413793 0.0689656 0.517242
0.206895 0.344833 0.448272
0.399994 0.600006 0
0.379272 0.000103248 0.620625
0.566666 0.433334 0
0.206896 0.0689653 0.724139
0.0344825 0.344828 0.62069
0.0689533 0.379421 0.551626
0.103447 0.275862 0.620691
0.533333 0.466667 0
0.310345 0.172414 0.517241
0.9999 9.99752e-05 0
0.233331 0.133326 0.633343
0.000103268 0.655105 0.344792
0.517243 0.0689632 0.413793
0.600001 0.399999 0
0.413794 0.310344 0.275862
0.310343 0.689657 0
0.269232 0.730768 0
0.464302 0.285698 0.25
9.9562e-05 0.19998 0.79992
0.275862 0.103448 0.62069
6.17735e-05 0.0666608 0.933277
0.206895 0.448278 0.344828
0.000103428 0.551667 0.44823
6.91238e-05 9.38163e-05 0.999837
0.448276 0.103448 0.448276
0.689659 0.0344767 0.275864
