0.172414 0.517241 0.310345
0.379306 0.34483 0.275864
0.310345 0.310345 0.37931
0.0666664 0.0666663 0.866667
0.586146 0.000103435 0.41375
0.379312 0.17241 0.448278
0.230769 0.769231 0
0.448277 0.137928 0.413795
0.0689607 0.241381 0.689659
0.620691 0.0344799 0.344829
0.172412 0.379311 0.448277
0.344828 0.137931 0.517242
0.275862 0.275862 0.448276
0.6 0.4 0
0.357143 0.642857 0
0.137928 0.862072 0
0.481482 0.518518 0
0.103448 0.310344 0.586207
0.307693 0.692307 0
0.4 0.6 0
0.185185 0.814815 0
0.102273 0.647727 0.25
0.566665 0.433335 0
0.769233 0.230767 0
0.482764 0.172405 0.344831
0.310346 0.0689632 0.620691
0.275861 0.448277 0.275862
0.689584 0.000103411 0.310313
0.899999 0.100001 0
0.000100397 0.464235 0.535665
0.586204 0.137932 0.275864
0.137926 0.344829 0.517244
0.206897 0.310345 0.482759
0.000103331 0.655105 0.344792
0.933335 0.0666646 0
0.413794 0.103448 0.482758
0.310313 0.000103407 0.689584
0.275863 0.379309 0.344828
0.0333336 0.966666 0
9.84165e-05 0.0666353 0.933266
0.0999891 5.07807e-05 0.89996
0.9999 9.99171e-05 0
0.0689637 0.586208 0.344828
0.206897 0.206897 0.586207
0.692306 0.307694 0
0.137931 0.206896 0.655173
0.000103413 0.206877 0.79302
0.0666669 0.933333 0
0.266667 0.733333 0
0.000103417 0.344792 0.655105
0.103448 0.172413 0.724139
0.448276 0.0344817 0.517242
0.413791 0.206897 0.379312
0.137928 0.448277 0.413794
0.238639 0.511361 0.25
0.344828 0.241378 0.413794
0.733334 0.266666 0
0.538126 0.0672521 0.394621
0.37931 0.275862 0.344828
0.000103423 0.275833 0.724063
0.433334 0.566666 0
0.499947 9.99804e-05 0.499953
0.642859 0.357141 0
0.966668 0.0333321 0
0.0666627 0.133334 0.800003
0.206895 0.103448 0.689656
0.310345 0.206897 0.482759
0.814814 0.185186 0
0.241378 0.137931 0.620691
0.647726 0.102274 0.25
0.199981 9.99829e-05 0.799919
0.749898 0.000102249 0.25
0.448266 0.241384 0.31035
0.206898 0.448273 0.34483
0.545454 0.204546 0.25
0.241379 0.241379 0.517241
0.133331 0.0333328 0.833336
0.464287 0.285713 0.25
0.103449 0.517239 0.379312
8.99206e-05 9.7957e-05 0.999812
0.000102247 0.749898 0.25
0.379313 0.0689595 0.551728
0.241379 0.0344794 0.724141
0.379271 0.000103393 0.620625
0.862068 0.137932 0
0.275862 0.172413 0.551725
0.0334095 0.501194 0.465396
0.533331 0.466669 0
0.0999995 0.900001 0
9.99777e-05 0.9999 0
0.166672 0.0666685 0.76666
0.357142 0.392858 0.25
0.137931 0.586207 0.275862
0.103446 0.413794 0.48276
0.172414 0.275861 0.551725
0.034481 0.689656 0.275863
0.241376 0.344829 0.413795
0.000100829 0.57138 0.428519
0.0344762 0.379425 0.586098
9.98587e-05 0.13332 0.86658
