0.344819 0.275866 0.379315
0.0333333 0.0999998 0.866667
0.185185 0.814815 0
0.466667 0.533333 0
0.275862 0.379311 0.344828
0.172414 0.344829 0.482757
0.62069 0.0689655 0.310345
0.241379 0.482759 0.275862
0.699543 0.0333829 0.267074
0.310348 0.103448 0.586204
0.275867 0.31034 0.413793
0.749898 0.000102254 0.25
0.448277 0.172411 0.379312
0.31034 0.241381 0.448279
0.933333 0.0666665 0
0.172411 0.103449 0.72414
9.84685e-05 0.0666588 0.933243
9.25196e-05 9.62348e-05 0.999811
0.413794 0.137929 0.448277
0.0689452 0.551736 0.379319
0.241379 0.0344813 0.72414
0.206892 0.172415 0.620694
0.49995 9.99665e-05 0.49995
0.102277 0.647723 0.25
0.814814 0.185186 0
0.100004 0.0666695 0.833326
0.518518 0.481482 0
0.137929 0.48276 0.379311
0.103448 0.206897 0.689655
0.733332 0.266668 0
0.000103323 0.310312 0.689585
0.230769 0.769231 0
0.433333 0.566667 0
0.172412 0.241384 0.586204
0.100254 0.467859 0.431887
0.307693 0.692307 0
0.566664 0.433336 0
0.000103336 0.689584 0.310313
0.551726 0.0689618 0.379312
0.100004 0.899996 0
0.692305 0.307695 0
0.321427 0.428573 0.25
0.206899 0.448269 0.344832
0.206874 0.000103435 0.793022
0.379312 0.034479 0.586209
0.344826 0.344831 0.310343
0.24138 0.275863 0.482757
9.99796e-05 0.49995 0.49995
0.000103415 0.586146 0.41375
0.9 0.1 0
0.642853 0.357147 0
0.275862 0.206897 0.517242
0.0666627 0.933337 0
0.647728 0.102272 0.25
0.103441 0.379313 0.517246
0.769229 0.230771 0
0.0689606 0.275858 0.655181
0.0344621 0.413803 0.551735
0.266664 0.733336 0
0.35714 0.64286 0
0.034479 0.620692 0.344829
0.862074 0.137926 0
0.586216 0.137917 0.275867
0.428571 0.321429 0.25
0.13793 0.310346 0.551724
0.000103394 0.37927 0.620627
0.344831 0.137929 0.51724
0.966666 0.0333343 0
0.482796 0.206881 0.310322
0.0333327 0.966667 0
0.137927 0.862073 0
0.241375 0.103447 0.655178
0.204544 0.545456 0.25
0.206896 0.379311 0.413793
0.482769 0.103429 0.413802
0.137931 0.413793 0.448276
0.545453 0.204547 0.25
0.517243 0.137928 0.344829
0.13332 9.98843e-05 0.86658
0.000102193 0.749898 0.25
0.655105 0.000103394 0.344792
0.413793 0.0689648 0.517242
0.9999 9.99281e-05 0
0.357105 0.000101481 0.642794
0.400001 0.599999 0
0.37931 0.206897 0.413793
0.000103324 0.241355 0.758542
0.44823 0.00010338 0.551667
0.172414 0.517241 0.310345
0.137926 0.586212 0.275862
0.41379 0.24138 0.344829
0.6 0.4 0
0.310312 0.000103419 0.689585
0.448276 0.275862 0.275862
0.000103432 0.172394 0.827503
0.0666575 9.98075e-05 0.933243
0.0689567 0.344831 0.586212
0.586146 0.000103389 0.41375
9.99758e-05 0.9999 0
0.0999992 0.133333 0.766668
