0.206897 0.241379 0.551724
0.551719 0.0689663 0.379315
0.241379 0.413793 0.344828
0.413793 0.206896 0.37931
0.137932 0.586205 0.275863
0.399998 0.600002 0
0.0344824 0.413793 0.551724
0.482761 0.206892 0.310346
0.0333301 0.96667 0
0.310345 0.137931 0.551724
0.192309 0.807691 0
0.344828 0.172414 0.482759
0.285713 0.321424 0.392862
0.0666523 8.43065e-05 0.933263
0.379271 0.000103412 0.620626
0.204547 0.545453 0.25
0.379311 0.27586 0.344828
0.172416 0.310349 0.517235
0.76667 0.23333 0
0.566667 0.433333 0
0.241379 0.0689654 0.689655
0.689659 0.0344777 0.275863
0.600002 0.399998 0
0.0689658 0.620688 0.310346
0.9 0.1 0
0.103447 0.344828 0.551725
0.068953 0.517248 0.413799
0.000103357 0.344791 0.655106
0.137929 0.379312 0.482759
0.166668 0.0333321 0.8
0.586146 0.000103365 0.41375
0.269231 0.730769 0
0.692308 0.307692 0
0.44827 0.275865 0.275865
0.428537 0.000100796 0.571362
9.99752e-05 0.499945 0.499955
0.749898 0.000102148 0.25
0.0333393 0.699947 0.266714
0.103445 0.172413 0.724141
0.807692 0.192308 0
0.433339 0.566661 0
0.966666 0.0333339 0
9.90412e-05 0.133319 0.866582
0.172414 0.448275 0.379311
0.13332 9.80974e-05 0.866582
0.206896 0.37931 0.413794
9.99718e-05 0.9999 0
0.000103349 0.655105 0.344792
0.9999 9.99155e-05 0
0.100001 0.899999 0
0.0666696 0.100005 0.833325
0.233335 0.766665 0
0.285712 0.464288 0.25
0.511341 0.238659 0.25
0.344829 0.0689628 0.586208
0.000103378 0.586146 0.41375
0.142855 0.857145 0
0.24138 0.275862 0.482758
0.103451 0.551714 0.344835
0.100002 0.433321 0.466677
0.655105 0.000103429 0.344792
0.586211 0.103441 0.310347
0.0666674 0.933333 0
0.344829 0.241377 0.413794
0.0333316 0.166668 0.8
0.233311 9.99604e-05 0.766589
0.310345 0.413792 0.275862
0.102265 0.647735 0.25
0.206887 0.482782 0.310331
0.482759 0.137931 0.37931
0.357143 0.642857 0
0.733334 0.266666 0
0.0689642 0.310345 0.620691
0.206898 0.172411 0.620692
0.310313 0.000103377 0.689584
0.533281 9.99715e-05 0.466619
0.034482 0.275862 0.689656
0.000103282 0.241349 0.758548
0.000101075 0.392817 0.607082
0.000102058 0.749898 0.25
0.933332 0.066668 0
0.642856 0.357144 0
0.344835 0.344823 0.310341
0.431912 0.100252 0.467836
0.533333 0.466667 0
0.551724 0.172414 0.275862
0.133334 0.0999994 0.766667
0.48148 0.51852 0
0.275862 0.103447 0.62069
0.0333336 0.0666671 0.899999
0.613634 0.136366 0.25
0.13793 0.206896 0.655174
0.16667 0.133337 0.699993
8.56377e-05 9.56343e-05 0.999819
0.448283 0.0344819 0.517235
0.275867 0.206898 0.517235
0.137931 0.275863 0.586206
0.392855 0.357145 0.25
0.310345 0.689655 0
0.857144 0.142856 0
