6.94785e-05 9.35313e-05 0.999837
0.16665 9.961e-05 0.83325
0.769243 0.230757 0
0.379309 0.275863 0.344828
0.0344807 0.344829 0.62069
0.241379 0.206897 0.551724
0.357148 0.642852 0
0.172413 0.379311 0.448276
0.310296 0.000103407 0.6896
0.379271 0.000103405 0.620625
0.413793 0.103448 0.482759
0.103449 0.17241 0.724141
0.275865 0.379303 0.344832
0.538125 0.0672659 0.394609
0.0333437 0.0333437 0.933313
0.448268 0.137933 0.413799
0.344829 0.13793 0.517241
0.477272 0.272728 0.25
0.142857 0.857143 0
0.000100763 0.571376 0.428524
0.310345 0.310345 0.37931
0.517328 0.206859 0.275813
0.862079 0.137921 0
9.99667e-05 0.16665 0.83325
8.49243e-05 0.0999894 0.899926
0.566612 9.99509e-05 0.433288
0.466671 0.533329 0
0.137926 0.068963 0.793111
0.0999894 9.41561e-05 0.899916
0.448275 0.24138 0.310345
0.413799 0.310341 0.275859
0.0666886 0.466504 0.466808
0.46424 0.000100391 0.53566
0.482753 0.172416 0.344831
0.586215 0.103435 0.310349
0.241353 0.000103429 0.758543
0.241377 0.448277 0.310346
0.483041 0.0344633 0.482495
0.275862 0.0689654 0.655173
0.241381 0.344824 0.413796
0.4 0.6 0
0.192301 0.807699 0
0.206885 0.413799 0.379316
0.379311 0.172413 0.448276
0.206897 0.137931 0.655173
0.233333 0.766667 0
0.9 0.0999997 0
0.0333278 0.966672 0
0.137926 0.310346 0.551727
0.692314 0.307686 0
0.204547 0.545453 0.25
0.272727 0.477273 0.25
0.0344773 0.689659 0.275864
0.733332 0.266668 0
0.310345 0.206896 0.482759
0.0689619 0.586209 0.344829
0.600001 0.399999 0
0.00010216 0.749898 0.25
0.933334 0.0666664 0
0.00010341 0.655105 0.344792
0.413793 0.206897 0.37931
0.35713 0.39287 0.25
0.96668 0.0333203 0
0.613633 0.136367 0.25
0.814819 0.185181 0
0.172414 0.103447 0.724139
0.0666665 0.0999997 0.833334
9.97447e-05 0.9999 0
0.102272 0.647728 0.25
0.642857 0.357143 0
0.17241 0.482761 0.344829
0.000103064 0.27583 0.724067
0.344828 0.344828 0.310345
0.000103333 0.482709 0.517188
0.137931 0.206897 0.655172
0.137932 0.586205 0.275863
0.518523 0.481477 0
0.206897 0.310345 0.482759
0.0666645 0.933335 0
0.655105 0.000103127 0.344792
0.689656 0.0344819 0.275862
0.749898 0.000102239 0.25
0.344831 0.241371 0.413798
0.0689643 0.275862 0.655173
0.566669 0.433331 0
0.26923 0.73077 0
0.137922 0.448281 0.413797
0.275862 0.275862 0.448276
0.0999996 0.9 0
0.000100924 0.39283 0.607069
0.0344823 0.413793 0.551724
0.275862 0.137931 0.586207
0.033333 0.199999 0.766668
0.310341 0.689659 0
0.103448 0.379311 0.517241
0.433334 0.566666 0
0.9999 9.99879e-05 0
0.344864 0.0689617 0.586174
0.172405 0.241382 0.586213
0.103439 0.517248 0.379313
