0.0689664 0.586202 0.344832
0.133337 0.100003 0.76666
0.310345 0.0344827 0.655172
0.344828 0.344827 0.310345
0.62069 0.0344819 0.344828
0.233335 0.766665 0
0.102272 0.647728 0.25
0.600001 0.399999 0
0.344828 0.068965 0.586207
0.03448 0.551726 0.413794
0.807695 0.192305 0
6.59363e-05 0.0666554 0.933279
0.172415 0.482756 0.344829
0.137927 0.586209 0.275863
0.310345 0.310345 0.37931
0.517242 0.172413 0.310345
0.571374 0.000100629 0.428526
0.100001 0.066667 0.833332
0.428572 0.321428 0.25
0.413793 0.137931 0.448276
0.37932 0.103426 0.517254
0.241377 0.44828 0.310343
0.137928 0.344829 0.517243
0.206896 0.310346 0.482758
0.31034 0.68966 0
0.000103405 0.655105 0.344792
0.206895 0.0689648 0.72414
0.517246 0.0344745 0.44828
0.85714 0.14286 0
0.103442 0.517245 0.379313
0.749898 0.000102184 0.25
0.933333 0.0666668 0
0.0669825 0.430631 0.502386
0.379271 0.000103385 0.620625
0.37931 0.275862 0.344828
0.275834 0.000103115 0.724063
0.241375 0.34483 0.413796
0.482693 0.24141 0.275897
0.61364 0.13636 0.25
0.142856 0.857144 0
0.269241 0.730759 0
0.966669 0.0333305 0
0.1 0.9 0
0.000101305 0.357108 0.642791
0.206892 0.413795 0.379312
0.103449 0.241376 0.655176
0.103445 0.172414 0.724141
0.310347 0.137924 0.551728
0.214282 0.535718 0.25
0.103448 0.310344 0.586207
0.551723 0.103448 0.344828
9.90864e-05 0.166653 0.833248
9.96994e-05 0.9999 0
0.066667 0.933333 0
0.321422 0.428578 0.25
9.99471e-05 0.533279 0.466621
0.206903 0.172412 0.620685
0.642858 0.357142 0
0.133319 9.72758e-05 0.866584
0.0666545 6.6805e-05 0.933279
0.0344714 0.689663 0.275865
0.433332 0.566668 0
0.533333 0.466667 0
0.689658 0.310342 0
0.0344828 0.310345 0.655172
0.033335 0.966665 0
0.9 0.1 0
0.172411 0.275859 0.55173
0.481475 0.518525 0
0.689584 0.000103321 0.310313
0.266669 0.200002 0.533329
0.275863 0.379309 0.344828
0.766668 0.233332 0
0.137931 0.448276 0.413793
0.344828 0.172413 0.482759
0.730766 0.269234 0
0.566662 0.433338 0
0.192307 0.807693 0
0.399999 0.600001 0
0.379307 0.206898 0.413795
0.0001022 0.749898 0.25
0.464244 0.000100389 0.535655
0.275862 0.103448 0.62069
0.0333343 0.200007 0.766659
0.655176 0.0689611 0.275863
0.19998 9.93173e-05 0.799921
0.357141 0.642859 0
0.0344819 0.379311 0.586207
6.93372e-05 9.33334e-05 0.999837
0.172408 0.137927 0.689665
0.172413 0.379311 0.448276
0.310345 0.241379 0.448276
0.0333333 0.0999998 0.866667
0.000103347 0.275833 0.724063
0.241379 0.241379 0.517241
0.448277 0.172412 0.379311
0.000102873 0.448231 0.551667
0.545455 0.204545 0.25
0.9999 9.98511e-05 0
0.48276 0.103445 0.413795
