0.172416 0.482751 0.344833
0.172414 0.172414 0.655172
0.137931 0.862069 0
0.4 0.6 0
0.0344825 0.37931 0.586207
0.103446 0.551725 0.344828
0.966669 0.0333307 0
0.448275 0.137931 0.413794
0.413799 0.310342 0.275859
0.000103364 0.241355 0.758542
0.647728 0.102272 0.25
0.600002 0.399998 0
0.0333309 0.966669 0
0.166646 9.92127e-05 0.833255
0.655105 0.000103249 0.344792
0.206897 0.206897 0.586207
0.517243 0.206896 0.275861
0.103438 0.413851 0.482711
0.241383 0.3793 0.379316
0.807698 0.192302 0
0.551725 0.137931 0.310344
0.25 0.5 0.25
0.586207 0.068965 0.344828
0.0689657 0.310343 0.620691
0.172413 0.551724 0.275862
0.103448 0.241363 0.655189
0.466668 0.533332 0
0.000100311 0.464242 0.535658
0.310346 0.0689619 0.620692
0.000103436 0.344792 0.655105
0.766664 0.233336 0
0.230768 0.769232 0
0.136364 0.613636 0.25
8.46148e-05 0.133297 0.866619
0.310345 0.310345 0.37931
0.566668 0.433332 0
0.482757 0.0689658 0.448278
0.307691 0.692309 0
0.413793 0.103448 0.482759
0.464241 0.000100417 0.535658
0.0689644 0.655173 0.275862
0.100001 0.899999 0
0.0333308 0.166666 0.800003
0.241379 0.310345 0.448275
0.579546 0.170454 0.25
0.517188 0.000103427 0.482709
0.344826 0.24138 0.413794
0.172414 0.344828 0.482758
0.413793 0.206896 0.37931
0.103448 0.344828 0.551724
9.3952e-05 8.58744e-05 0.99982
0.689656 0.0344818 0.275862
0.275862 0.137931 0.586207
0.241355 0.000103348 0.758542
0.103445 0.17241 0.724144
0.000103403 0.551667 0.44823
0.344792 0.000103337 0.655105
0.172415 0.413791 0.413795
0.0333333 0.26667 0.699997
0.310343 0.172413 0.517244
9.97871e-05 0.9999 0
0.26667 0.0333324 0.699997
0.275863 0.241379 0.482758
0.0666667 0.933333 0
0.000103334 0.620625 0.379271
0.642857 0.357143 0
0.37931 0.172414 0.448276
0.689661 0.310339 0
0.0669775 0.502398 0.430625
0.241379 0.103448 0.655173
0.185185 0.814815 0
0.172412 0.103444 0.724144
0.0666667 0.1 0.833333
2.10983e-05 0.0666645 0.933314
0.477273 0.272727 0.25
0.379314 0.275855 0.344831
0.518519 0.481481 0
0.517239 0.103449 0.379312
0.730769 0.269231 0
0.172413 0.275867 0.55172
0.448282 0.241377 0.310341
0.482765 0.172404 0.344832
0.749898 0.000102254 0.25
0.9 0.1 0
0.275862 0.413793 0.310345
0.00010218 0.749898 0.25
0.9999 9.99014e-05 0
0.37931 0.0344824 0.586207
0.137915 0.0689572 0.793128
0.344829 0.103445 0.551726
0.344828 0.344828 0.310345
0.357142 0.642858 0
0.433339 0.566661 0
0.933333 0.0666666 0
0.857143 0.142857 0
0.0999934 3.76376e-05 0.899969
0.000103435 0.689584 0.310313
0.357138 0.392862 0.25
0.266669 0.733331 0
0.571392 0.000100826 0.428508
