0.103444 0.103444 0.793112
0.102265 0.647735 0.25
0.344828 0.37931 0.275862
0.807692 0.192308 0
0.206896 0.0689656 0.724139
0.319999 0.680001 0
0.899999 0.100001 0
0.689655 0.0344824 0.275862
0.533333 0.466667 0
0.34483 0.206896 0.448274
9.94673e-05 9.96125e-05 0.999801
0.172413 0.275865 0.551722
0.44827 0.275865 0.275865
0.000102227 0.749898 0.25
0.275862 0.413792 0.310346
0.0666652 0.933335 0
0.966667 0.033333 0
0.517241 0.137931 0.344828
0.000103413 0.655105 0.344792
0.20455 0.54545 0.25
0.23331 9.99761e-05 0.76659
0.0344828 0.310345 0.655173
0.0336564 0.427849 0.538494
0.1 0.9 0
0.275862 0.0689651 0.655173
0.933335 0.066665 0
0.413797 0.172406 0.413797
0.137931 0.586207 0.275862
0.137928 0.862072 0
0.206889 0.44828 0.344831
0.357106 0.000101482 0.642793
0.433341 0.566659 0
0.32143 0.32143 0.35714
0.06896 0.517244 0.413796
0.275862 0.310345 0.413793
0.4 0.6 0
0.379313 0.241373 0.379313
0.600013 0.399987 0
0.366665 0.633335 0
0.0333331 0.2 0.766667
0.689661 0.310339 0
9.98617e-05 0.49995 0.49995
0.379308 0.0344732 0.586219
0.000103366 0.379271 0.620625
0.551729 0.0689573 0.379314
0.24138 0.13793 0.62069
0.230771 0.769229 0
0.448229 0.000103418 0.551668
0.766667 0.233333 0
0.306819 0.443181 0.25
0.0999872 8.66212e-05 0.899926
0.241381 0.482758 0.275861
0.49995 9.99523e-05 0.49995
0.642857 0.357143 0
0.000103386 0.275834 0.724063
0.551723 0.172414 0.275863
0.269231 0.730769 0
0.103448 0.310348 0.586205
0.137933 0.517235 0.344832
0.448276 0.206896 0.344828
0.655105 0.000103432 0.344792
0.137931 0.37931 0.482759
0.000103437 0.586146 0.41375
0.0333296 0.96667 0
0.999901 9.93165e-05 0
0.103448 0.172413 0.724139
0.857144 0.142856 0
9.98472e-05 0.9999 0
0.0333329 0.0333329 0.933334
0.034478 0.689659 0.275863
0.275862 0.241379 0.482759
0.613634 0.136366 0.25
0.166652 9.98235e-05 0.833249
0.29999 9.99318e-05 0.69991
0.481483 0.518517 0
0.0689662 0.586203 0.344831
0.103448 0.241378 0.655174
0.448277 0.103446 0.448277
0.511363 0.238637 0.25
0.344828 0.103447 0.551725
0.172409 0.206898 0.620693
0.241376 0.379312 0.379312
0.620688 0.0689658 0.310346
0.73077 0.26923 0
0.392857 0.357143 0.25
0.185186 0.814814 0
0.749898 0.000102257 0.25
0.586146 0.000103402 0.41375
0.310345 0.172414 0.517241
0.206897 0.310345 0.482759
9.99327e-05 0.166652 0.833249
0.566668 0.433332 0
0.172413 0.137931 0.689655
0.413793 0.0689654 0.517241
0.172415 0.41379 0.413795
8.8657e-05 0.0999852 0.899926
0.24138 0.206896 0.551725
0.103448 0.448276 0.448276
0.379312 0.137927 0.482761
0.0666754 0.0666754 0.866649
