0.0344826 0.310345 0.655173
0.63334 0.36666 0
0.464279 0.285721 0.25
0.0344787 0.413797 0.551725
0.481468 0.518532 0
0.137932 0.344823 0.517245
0.133322 9.96718e-05 0.866578
0.241377 0.0344817 0.724141
0.172414 0.37931 0.448276
0.172414 0.172414 0.655173
0.344831 0.0689623 0.586207
0.533321 0.466679 0
0.0666567 0.0333333 0.90001
0.31034 0.241381 0.448279
0.586209 0.0689616 0.344829
0.55172 0.172415 0.275865
0.379316 0.310342 0.310342
0.249999 0.32143 0.42857
0.0333291 0.966671 0
0.172412 0.103448 0.72414
0.0333332 0.233334 0.733333
0.807709 0.192291 0
0.933335 0.0666648 0
0.206897 0.413793 0.379311
0.137929 0.448276 0.413794
0.482761 0.103445 0.413795
0.679999 0.320001 0
0.899995 0.100005 0
0.000103403 0.482709 0.517188
0.433334 0.566666 0
0.413791 0.137932 0.448277
0.310333 0.689667 0
0.448276 0.172413 0.379311
0.85715 0.14285 0
0.103449 0.17241 0.724141
0.000103391 0.379271 0.620626
0.613636 0.136364 0.25
0.0689654 0.62069 0.310344
0.35714 0.39286 0.25
0.499958 9.99732e-05 0.499942
0.730768 0.269232 0
0.357147 0.642853 0
0.233334 0.766666 0
0.19998 9.75731e-05 0.799922
0.655177 0.0689588 0.275864
0.142851 0.857149 0
0.103448 0.551724 0.344828
0.310344 0.172416 0.51724
0.766669 0.233331 0
0.000101607 0.749898 0.25
0.136365 0.613635 0.25
0.413797 0.241373 0.34483
0.25 0.5 0.25
0.749898 0.000102126 0.25
0.192309 0.807691 0
7.26184e-05 0.133322 0.866606
0.0344818 0.689654 0.275864
0.137929 0.0689647 0.793106
8.863e-05 0.0666608 0.933251
0.269233 0.730767 0
0.620625 0.000103396 0.379271
0.966667 0.033333 0
0.103447 0.24138 0.655173
0.103449 0.310344 0.586207
0.172413 0.482759 0.344828
0.310313 0.000103337 0.689584
0.1 0.9 0
7.34343e-05 0.199982 0.799944
0.275862 0.137931 0.586207
5.02068e-05 9.43768e-05 0.999855
0.566663 0.433337 0
0.206897 0.206897 0.586207
0.275862 0.413793 0.310345
0.172413 0.275863 0.551724
0.241379 0.241379 0.517241
0.4 0.6 0
0.551725 0.0344801 0.413795
0.241379 0.103448 0.655173
0.000103075 0.655105 0.344792
0.600003 0.399997 0
9.96352e-05 0.9999 0
0.689585 0.000103425 0.310312
0.0666687 0.100003 0.833328
0.482759 0.206896 0.310344
0.000103267 0.551666 0.44823
0.0689661 0.517237 0.413797
0.066728 0.432814 0.500458
0.413794 0.0344825 0.551723
0.034473 0.586216 0.379311
0.9999 9.98598e-05 0
0.448272 0.0689641 0.482763
0.379313 0.206891 0.413796
0.51725 0.137916 0.344833
0.310346 0.344824 0.344829
0.344826 0.275863 0.379311
0.172413 0.551723 0.275864
0.379311 0.103447 0.517242
0.0666711 0.933329 0
0.000103401 0.275835 0.724062
0.379271 0.000103098 0.620626
