0.000103367 0.517189 0.482708
0.100003 0.899997 0
8.45428e-05 0.0666589 0.933257
0.0689649 0.275862 0.655173
0.551712 0.103451 0.344837
0.466666 0.533334 0
0.192308 0.807692 0
0.275863 0.206895 0.517242
0.275833 0.000103332 0.724064
0.068965 0.586207 0.344828
0.0689654 0.344828 0.586207
0.344828 0.275861 0.379311
0.200004 0.399998 0.399998
0.357144 0.642856 0
0.166667 0.100001 0.733333
0.655181 0.0689567 0.275862
0.620625 0.000103372 0.379271
0.0680991 0.681007 0.250893
0.000103225 0.241337 0.75856
0.413799 0.0344703 0.551731
0.00010338 0.655105 0.344792
0.379305 0.206899 0.413797
0.000103418 0.44823 0.551667
0.413779 0.241385 0.344836
0.769231 0.230769 0
0.172412 0.379309 0.448279
0.103448 0.517242 0.37931
0.133338 0.0333343 0.833328
0.137931 0.275862 0.586207
9.56063e-05 0.16665 0.833254
0.680005 0.319995 0
0.73077 0.26923 0
0.551743 0.172406 0.27585
0.000100808 0.571371 0.428528
0.206897 0.13793 0.655174
0.511358 0.238642 0.25
0.482757 0.206897 0.310346
0.233336 0.766664 0
0.269239 0.730761 0
0.428573 0.321427 0.25
0.310345 0.0344825 0.655173
0.432824 0.10009 0.467086
0.814813 0.185187 0
0.689584 0.000103418 0.310313
0.241379 0.413793 0.344828
0.103446 0.379312 0.517243
0.633338 0.366662 0
0.999901 9.94017e-05 0
0.103448 0.172413 0.72414
0.499948 9.99672e-05 0.499952
9.99268e-05 0.9999 0
0.310346 0.344825 0.344829
0.900001 0.0999992 0
0.000103363 0.310314 0.689583
0.000102247 0.749898 0.25
0.310346 0.137926 0.551728
0.310346 0.241375 0.448279
0.206899 0.206896 0.586205
0.933334 0.0666659 0
0.0689646 0.482756 0.448279
0.600003 0.399997 0
0.536918 0.0335544 0.429528
0.613636 0.136364 0.25
0.0689646 0.137929 0.793106
0.275863 0.310343 0.413794
0.4 0.6 0
0.241379 0.482759 0.275862
0.172414 0.310344 0.517242
0.37931 0.310345 0.310345
0.142857 0.857143 0
0.275864 0.103445 0.620691
0.966666 0.033334 0
0.321428 0.428572 0.25
0.103448 0.62069 0.275862
0.310346 0.689654 0
0.204551 0.545449 0.25
0.099966 9.1432e-05 0.899943
0.433335 0.566665 0
0.137931 0.206897 0.655172
0.137919 0.551747 0.310334
0.13793 0.448276 0.413794
0.344821 0.172415 0.482763
0.0669859 0.43062 0.502394
0.0666666 0.933333 0
0.233335 0.0666653 0.7
0.51852 0.48148 0
0.0333337 0.100001 0.866665
0.000103398 0.379271 0.620625
0.379271 0.000103427 0.620625
0.172412 0.48276 0.344828
0.0333296 0.96667 0
0.566665 0.433335 0
0.241379 0.275862 0.482759
0.86207 0.13793 0
0.344828 0.37931 0.275862
0.206874 0.000103317 0.793023
0.48276 0.137928 0.379312
8.91264e-05 8.40362e-05 0.999827
0.379314 0.10344 0.517246
0.749898 0.000102163 0.25
