0.571371 0.000100787 0.428528
0.340914 0.409086 0.25
0.699999 0.300001 0
0.103448 0.310345 0.586207
0.275857 0.310349 0.413794
0.586256 0.137914 0.275829
0.448275 0.206897 0.344828
0.862069 0.137931 0
9.99671e-05 0.9999 0
0.201119 0.435757 0.363123
0.379313 0.172408 0.448279
0.433335 0.13333 0.433335
0.966666 0.0333342 0
0.566661 0.433339 0
0.275863 0.206896 0.517241
0.344827 0.344828 0.310345
0.62069 0.0689655 0.310345
0.136361 0.613639 0.25
0.769227 0.230773 0
0.433332 0.566668 0
0.241375 0.379312 0.379313
0.23864 0.51136 0.25
0.4 0.6 0
0.275866 0.448268 0.275866
0.0333319 0.966668 0
0.545446 0.204554 0.25
0.655105 0.000103386 0.344792
0.607143 0.392857 0
0.9 0.1 0
0.413798 0.27586 0.310342
0.166651 9.98563e-05 0.833249
0.310344 0.689656 0
0.275829 0.000103313 0.724068
0.137931 0.344828 0.517242
0.26923 0.73077 0
0.0344822 0.517242 0.448276
0.000102134 0.749898 0.25
0.0344815 0.689656 0.275862
0.103443 0.551727 0.344829
0.172414 0.241379 0.586207
0.733334 0.266666 0
0.392808 0.00010107 0.607091
0.000100663 0.571371 0.428528
0.137931 0.413793 0.448276
0.430624 0.0669864 0.502389
0.000103382 0.655105 0.344792
0.0689611 0.24137 0.689669
0.1 0.9 0
0.0344828 0.310345 0.655172
0.482759 0.241379 0.275862
0.466624 9.96183e-05 0.533276
0.0689655 0.62069 0.310345
0.344829 0.137929 0.517243
0.814816 0.185184 0
0.428572 0.321428 0.25
9.08295e-05 8.33431e-05 0.999826
0.192305 0.807695 0
0.321428 0.321429 0.357143
0.172406 0.482763 0.344831
0.310345 0.103448 0.586207
0.166668 0.133336 0.699996
0.9999 9.99733e-05 0
0.310342 0.241385 0.448272
0.103441 0.137921 0.758638
0.310345 0.0344828 0.655172
0.133343 0.0666712 0.799986
0.000103382 0.275829 0.724068
0.48276 0.103446 0.413794
0.206883 0.034479 0.758638
0.0689618 0.379309 0.551729
0.933334 0.0666663 0
8.35143e-05 0.0666608 0.933256
0.0666667 0.1 0.833333
0.655165 0.344835 0
0.466671 0.533329 0
0.206894 0.344828 0.448277
0.517241 0.172414 0.310345
0.000103404 0.379271 0.620626
0.551726 0.103443 0.34483
0.749898 0.00010224 0.25
0.066665 0.933335 0
0.241377 0.103448 0.655175
9.99687e-05 0.13332 0.86658
0.357143 0.642857 0
0.699937 0.0333398 0.266723
0.142856 0.857144 0
0.647728 0.102272 0.25
0.206895 0.172415 0.620689
0.233329 0.766671 0
0.51852 0.48148 0
0.137931 0.206897 0.655172
0.0666519 9.23996e-05 0.933256
0.000103227 0.206869 0.793028
0.379313 0.241375 0.379313
0.000100411 0.464245 0.535655
0.172409 0.551727 0.275864
0.206897 0.275862 0.517241
0.100253 0.467868 0.431879
0.1 0.0333335 0.866666
0.517242 0.0344814 0.448277
