0.192307 0.807693 0
0.206899 0.44827 0.344831
0.100006 0.899994 0
0.448272 0.275864 0.275864
0.655105 0.000103429 0.344792
0.482758 0.206898 0.310344
0.933333 0.0666667 0
0.142852 0.857148 0
0.62069 0.0689654 0.310345
0.344791 0.000103431 0.655106
0.413791 0.24138 0.344829
0.551807 0.172381 0.275811
0.0666654 0.933335 0
0.730769 0.269231 0
0.133321 9.99465e-05 0.866579
0.379311 0.206895 0.413794
0.642855 0.357145 0
0.24138 0.27586 0.48276
9.99075e-05 0.9999 0
0.0689584 0.517245 0.413796
0.857147 0.142853 0
0.766669 0.233331 0
0.749898 0.000102236 0.25
0.27586 0.206897 0.517243
0.0344818 0.241374 0.724144
0.233329 0.766671 0
0.000100695 0.428513 0.571386
0.000103427 0.620625 0.379271
0.966669 0.0333311 0
0.511364 0.238636 0.25
0.566663 0.433337 0
0.275862 0.0344824 0.689655
0.413799 0.0344704 0.551731
0.689661 0.0344744 0.275864
0.206896 0.344828 0.448276
0.103448 0.275862 0.62069
0.103444 0.206898 0.689659
0.433335 0.566665 0
0.481485 0.518515 0
0.586146 0.000103391 0.413751
9.81904e-05 7.83613e-05 0.999823
0.103447 0.137928 0.758625
0.0666454 0.0333325 0.900022
0.000103417 0.206874 0.793022
0.23331 9.98395e-05 0.76659
7.10467e-05 0.0666451 0.933284
0.0666662 0.466667 0.466667
0.344827 0.310345 0.344828
0.689657 0.310343 0
0.137904 0.586285 0.275811
0.48276 0.103446 0.413794
0.392858 0.357142 0.25
0.413795 0.137927 0.448279
0.172415 0.413789 0.413796
0.0666677 0.100002 0.833331
0.9 0.0999999 0
0.613636 0.136364 0.25
0.24138 0.13793 0.620691
9.99831e-05 0.133321 0.866579
0.204545 0.545455 0.25
0.379309 0.103449 0.517243
0.103446 0.551726 0.344828
0.357143 0.642857 0
0.241374 0.379313 0.379313
0.9999 9.97958e-05 0
0.103439 0.344839 0.551721
0.269233 0.730767 0
0.310344 0.379312 0.310344
0.4 0.6 0
0.0333321 0.966668 0
0.6 0.4 0
0.310337 0.689663 0
0.533329 0.466671 0
0.000103298 0.482709 0.517188
0.275861 0.310348 0.413791
0.344828 0.172412 0.48276
0.807692 0.192308 0
0.137929 0.379311 0.48276
0.206895 0.24138 0.551725
0.28572 0.46428 0.25
0.172415 0.517238 0.310347
0.448277 0.172412 0.379311
0.102268 0.647732 0.25
0.172414 0.310345 0.517241
0.310345 0.0689655 0.62069
0.0344787 0.344829 0.620692
0.392816 0.000101155 0.607082
0.310345 0.137931 0.551724
0.137927 0.482761 0.379312
0.206894 0.0689621 0.724144
0.172414 0.172413 0.655173
0.517242 0.13793 0.344828
0.000102104 0.749898 0.25
0.000103431 0.310313 0.689584
0.166669 0.03333 0.800001
0.000103426 0.551667 0.448229
0.551725 0.0689649 0.379311
0.49995 9.99332e-05 0.49995
0.310345 0.241379 0.448276
0.0344783 0.655175 0.310346
