0.0344753 0.586212 0.379312
0.000103398 0.551667 0.44823
0.379309 0.275863 0.344828
0.0344829 0.482761 0.482756
0.0333333 0.2 0.766666
0.310345 0.137931 0.551724
0.206896 0.137931 0.655174
0.241375 0.34483 0.413795
0.766667 0.233333 0
0.137926 0.862074 0
0.230765 0.769235 0
0.0666677 0.133335 0.799997
0.307684 0.692316 0
9.99812e-05 0.9999 0
0.586215 0.137919 0.275866
0.933334 0.0666664 0
0.266651 9.99929e-05 0.733249
0.433338 0.566662 0
0.2 0.0333329 0.766667
0.0689653 0.241379 0.689656
0.428563 0.321437 0.25
0.533328 0.466672 0
0.733333 0.266667 0
0.000103225 0.655105 0.344792
0.172412 0.24138 0.586209
0.0999981 0.900002 0
0.357142 0.642858 0
0.642862 0.357138 0
0.413792 0.137931 0.448277
0.000103431 0.344792 0.655104
0.0689655 0.413793 0.517241
0.241379 0.241379 0.517242
0.136366 0.613634 0.25
0.185187 0.814813 0
0.275862 0.37931 0.344828
9.98751e-05 0.16665 0.83325
0.137931 0.482759 0.37931
0.310345 0.310344 0.379311
0.692308 0.307692 0
0.172414 0.517241 0.310345
0.344831 0.0344768 0.620692
0.0999989 0.0333331 0.866668
0.379311 0.103447 0.517242
0.586146 0.000103419 0.41375
0.413793 0.206896 0.37931
0.13793 0.206896 0.655174
0.6 0.4 0
0.749898 0.000102217 0.25
0.103449 0.586205 0.310346
9.997e-05 0.0999914 0.899909
0.0666618 1.55848e-05 0.933323
0.000103338 0.448229 0.551668
0.000103221 0.275828 0.724069
0.499951 9.99132e-05 0.499949
0.068962 0.517243 0.413795
0.344828 0.344827 0.310345
0.321398 0.000101734 0.6785
0.103448 0.310347 0.586205
0.000102207 0.749898 0.25
0.448277 0.0344786 0.517244
0.535722 0.214278 0.25
0.0344733 0.689662 0.275865
0.137929 0.344828 0.517243
0.0666667 0.933333 0
9.52799e-05 8.96334e-05 0.999815
0.206897 0.413793 0.37931
0.206897 0.310347 0.482756
0.482754 0.172415 0.344831
0.807692 0.192308 0
0.103449 0.448273 0.448278
0.9999 9.96357e-05 0
0.0333342 0.966666 0
0.551721 0.103449 0.34483
0.538108 0.0672596 0.394633
0.275861 0.103448 0.620692
0.266674 0.733326 0
0.448284 0.241376 0.31034
0.321427 0.428573 0.25
0.241375 0.172415 0.586211
0.275862 0.275862 0.448276
0.241378 0.448279 0.310343
0.655105 0.000103398 0.344792
0.966668 0.0333315 0
0.233339 0.0666671 0.699994
0.133335 0.0666677 0.799997
0.647727 0.102273 0.25
0.857144 0.142856 0
0.481477 0.518523 0
0.16665 9.99427e-05 0.83325
0.172414 0.379308 0.448277
0.13793 0.13793 0.72414
0.467863 0.100252 0.431885
0.41375 0.000103411 0.586146
0.238652 0.511348 0.25
0.566663 0.433337 0
0.0344812 0.379311 0.586208
0.900002 0.0999982 0
0.689656 0.0344815 0.275862
0.344827 0.206897 0.448276
0.399999 0.600001 0
