0.613638 0.136362 0.25
0.566669 0.433331 0
0.0666697 0.233344 0.699986
0.433334 0.566666 0
0.571379 0.000100818 0.42852
0.344828 0.37931 0.275862
0.310324 0.000103407 0.689573
0.310341 0.689659 0
0.413795 0.172411 0.413794
0.814815 0.185185 0
0.344829 0.275859 0.379312
0.269231 0.730769 0
0.000103414 0.620626 0.379271
0.0681004 0.681004 0.250896
0.178569 0.464296 0.357136
0.206891 0.0689627 0.724147
0.000102256 0.749898 0.25
0.000103424 0.310324 0.689573
0.137931 0.310348 0.551721
0.0333322 0.966668 0
0.933334 0.066666 0
0.518522 0.481478 0
0.275862 0.275862 0.448276
0.142857 0.857143 0
0.241379 0.379312 0.379309
0.428573 0.321427 0.25
0.37931 0.137931 0.482759
0.0344828 0.344828 0.62069
0.103448 0.379311 0.517242
0.413791 0.24138 0.344829
0.517242 0.172412 0.310345
0.000100416 0.535657 0.464242
0.642857 0.357143 0
0.137927 0.413795 0.448278
0.655105 0.000103377 0.344792
0.344924 0.0689554 0.586121
0.0666662 0.933334 0
0.466618 9.98357e-05 0.533282
0.692308 0.307692 0
0.206896 0.13793 0.655174
0.133321 9.99352e-05 0.866579
0.966668 0.033332 0
0.241379 0.241379 0.517241
0.275862 0.103448 0.62069
0.0344821 0.206893 0.758625
0.066634 8.38774e-05 0.933282
0.413795 0.0689606 0.517244
0.233314 9.99881e-05 0.766586
0.247975 0.322296 0.429729
0.0001007 0.42852 0.571379
9.97965e-05 0.9999 0
0.310345 0.344828 0.344828
0.172413 0.344829 0.482759
0.206896 0.206896 0.586207
0.275862 0.413793 0.310345
0.000103424 0.689584 0.310313
0.769238 0.230762 0
0.310344 0.172414 0.517242
0.448276 0.103448 0.448276
0.233331 0.766669 0
0.306822 0.443178 0.25
0.482758 0.24138 0.275863
0.379309 0.310347 0.310344
0.137927 0.137927 0.724147
0.13793 0.206896 0.655174
0.545455 0.204545 0.25
0.0689638 0.586208 0.344828
0.466667 0.533333 0
0.103448 0.62069 0.275862
9.06781e-05 9.40753e-05 0.999815
0.103448 0.275862 0.62069
0.379271 0.000103414 0.620625
0.900001 0.0999991 0
0.517236 0.0344831 0.44828
0.241378 0.482761 0.275861
0.0334101 0.465398 0.501192
0.9999 9.98035e-05 0
0.86207 0.13793 0
0.204545 0.545455 0.25
0.4 0.6 0
0.137931 0.551724 0.310345
0.749898 0.00010224 0.25
0.192308 0.807692 0
0.344834 0.206895 0.448272
0.482758 0.137931 0.379311
0.689657 0.0344808 0.275863
0.733333 0.266667 0
0.0333333 0.133333 0.833333
0.166667 0.0333334 0.799999
0.62069 0.0689649 0.310345
0.0999995 0.900001 0
0.206895 0.379311 0.413794
0.0666667 0.0666667 0.866667
0.6 0.4 0
0.103446 0.48276 0.413794
9.98666e-05 0.19998 0.79992
0.103446 0.103446 0.793108
0.551717 0.10345 0.344833
8.27775e-05 0.0999882 0.899929
0.357144 0.642856 0
