0.000103384 0.620626 0.379271
0.23077 0.76923 0
0.0999997 0.133333 0.766667
0.0333276 0.966672 0
0.428571 0.321429 0.25
0.0689489 0.379457 0.551595
0.0999999 0.0666666 0.833333
0.551728 0.103443 0.34483
0.310337 0.0689656 0.620697
0.103448 0.310345 0.586207
0.000103032 0.206868 0.793029
0.344828 0.344828 0.310345
0.44823 0.00010325 0.551667
0.166675 0.100004 0.733321
0.586201 0.137937 0.275862
0.448272 0.206898 0.34483
0.933335 0.0666649 0
0.448277 0.13793 0.413794
0.545454 0.204546 0.25
0.586217 0.0344659 0.379317
0.172409 0.379312 0.448278
0.344792 0.000103141 0.655105
0.206897 0.241378 0.551725
0.102273 0.647727 0.25
0.0333336 0.0333336 0.933333
0.000103411 0.689584 0.310313
0.430621 0.0669837 0.502395
0.749898 0.000102209 0.25
0.344828 0.172414 0.482758
0.503596 0.100714 0.39569
0.17241 0.482761 0.344829
0.379312 0.206894 0.413794
0.275864 0.379307 0.344829
0.275861 0.206896 0.517243
0.200002 0.200002 0.599996
0.689656 0.0344825 0.275862
0.517254 0.172409 0.310337
0.13793 0.586207 0.275862
0.137927 0.448278 0.413795
0.642859 0.357141 0
0.16665 9.99605e-05 0.83325
0.357143 0.642857 0
0.172413 0.310344 0.517243
0.566665 0.433335 0
0.433335 0.566665 0
0.899996 0.100004 0
0.533333 0.466667 0
0.000100408 0.535661 0.464239
9.73968e-05 0.0999865 0.899916
0.966672 0.0333278 0
0.733333 0.266667 0
0.275862 0.137931 0.586207
0.137932 0.241377 0.620691
0.10344 0.517246 0.379314
0.4 0.6 0
0.692308 0.307692 0
0.275833 0.000103313 0.724064
0.185185 0.814815 0
0.241377 0.44828 0.310343
0.000103121 0.344792 0.655105
0.6 0.4 0
0.80769 0.19231 0
0.13793 0.172413 0.689657
0.214264 0.535736 0.25
0.24138 0.344826 0.413794
9.99467e-05 0.433279 0.566621
0.48148 0.51852 0
0.206897 0.413792 0.379311
0.0999998 0.9 0
0.310345 0.310345 0.37931
0.24138 0.275862 0.482758
0.307688 0.692312 0
0.321429 0.428571 0.25
0.0666673 0.933333 0
0.0344829 0.482756 0.482761
0.857145 0.142855 0
0.379313 0.0344771 0.58621
0.2 0.0333328 0.766667
0.0999857 9.82816e-05 0.899916
0.13793 0.86207 0
0.103447 0.413794 0.482758
0.482759 0.241379 0.275862
9.97605e-05 0.9999 0
0.647727 0.102273 0.25
0.310344 0.241381 0.448275
0.535661 0.000100337 0.464239
0.241379 0.0689638 0.689657
0.26667 0.73333 0
0.379311 0.275862 0.344828
0.206896 0.137931 0.655173
0.000102239 0.749898 0.25
0.766666 0.233334 0
0.9999 9.99773e-05 0
0.655105 0.000103405 0.344792
0.0333327 0.133334 0.833334
9.26884e-05 9.85319e-05 0.999809
0.00010343 0.275833 0.724064
0.344828 0.103446 0.551725
0.0689633 0.586207 0.344829
0.0689648 0.241378 0.689657
