0.900001 0.0999992 0
0.4 0.6 0
0.172412 0.413794 0.413794
0.000103309 0.655105 0.344792
0.433341 0.566659 0
0.862075 0.137925 0
0.0344812 0.413794 0.551725
0.933332 0.0666679 0
9.99282e-05 0.9999 0
0.192304 0.807696 0
0.344828 0.0344812 0.620691
0.344828 0.137931 0.517241
0.379313 0.0689581 0.551729
0.310345 0.310345 0.37931
0.482759 0.0689652 0.448276
0.269233 0.730767 0
0.464288 0.285712 0.25
0.0344826 0.310345 0.655172
9.99157e-05 0.133321 0.866579
0.25 0.5 0.25
0.137931 0.206897 0.655172
9.99612e-05 0.566611 0.433289
0.357142 0.392858 0.25
0.814815 0.185185 0
0.133321 9.52077e-05 0.866584
0.966669 0.0333306 0
0.551724 0.068965 0.379311
0.413797 0.310342 0.27586
0.586146 0.000103346 0.413751
0.366668 0.633332 0
0.655105 0.000103367 0.344792
0.482762 0.206895 0.310343
0.275862 0.172414 0.551724
0.24138 0.13793 0.62069
0.633338 0.366662 0
0.551723 0.172414 0.275863
0.566665 0.433335 0
0.413788 0.172416 0.413797
0.482755 0.137932 0.379313
0.103448 0.172414 0.724138
0.448276 0.0344817 0.517242
0.103443 0.344828 0.551729
0.13793 0.482759 0.379311
0.679999 0.320001 0
0.0344817 0.689656 0.275862
0.00010215 0.749898 0.25
0.206896 0.344828 0.448276
0.0666687 0.133337 0.799994
0.172409 0.241381 0.586211
0.172414 0.310344 0.517242
0.103447 0.275862 0.62069
0.517187 0.00010339 0.482709
0.310335 0.103449 0.586216
0.142854 0.857146 0
0.0689646 0.517242 0.413793
0.0666659 0.233333 0.700001
0.600005 0.399995 0
0.344828 0.344828 0.310345
0.241379 0.241379 0.517241
0.066648 4.3379e-05 0.933309
0.0666653 0.933335 0
0.749898 0.000102253 0.25
0.206899 0.448271 0.344831
0.310313 0.000103399 0.689584
0.275862 0.413793 0.310345
0.102271 0.647729 0.25
0.206892 0.103448 0.68966
0.000103118 0.206859 0.793038
0.000103356 0.482709 0.517188
0.730773 0.269227 0
0.133337 0.100001 0.766662
0.586212 0.10344 0.310348
0.000103368 0.275829 0.724067
0.689647 0.0344836 0.275869
0.0333314 0.0666629 0.900006
0.48148 0.51852 0
0.206859 0.000103358 0.793038
0.241381 0.379305 0.379314
0.137924 0.551729 0.310347
0.137929 0.379312 0.482759
0.233334 0.766666 0
0.413794 0.103447 0.482759
0.241379 0.0344826 0.724138
0.613632 0.136368 0.25
0.392862 0.249999 0.357139
0.275862 0.275862 0.448276
0.100019 0.0666778 0.833303
9.9065e-05 9.95684e-05 0.999801
0.413751 0.000103276 0.586146
0.000103422 0.379272 0.620625
0.0689674 0.586196 0.344837
0.533333 0.466667 0
0.769234 0.230766 0
0.0999996 0.9 0
0.170454 0.579546 0.25
0.0333337 0.966666 0
0.344832 0.206886 0.448282
0.9999 9.99706e-05 0
0.0667157 0.466275 0.467009
0.320001 0.679999 0
