0.481483 0.518517 0
0.0999935 4.6977e-05 0.89996
0.000103338 0.206874 0.793022
0.766666 0.233334 0
0.000103368 0.379271 0.620626
0.000100096 0.535662 0.464238
0.241376 0.0689646 0.689659
0.551723 0.172415 0.275862
0.000103346 0.44823 0.551666
0.466602 9.93003e-05 0.533299
0.433336 0.566664 0
0.749898 0.000101889 0.25
0.448278 0.103444 0.448278
0.833331 0.166669 0
0.000103276 0.620625 0.379271
0.241377 0.482761 0.275861
0.172412 0.448277 0.379311
0.103448 0.62069 0.275862
0.172412 0.517242 0.310345
0.000103335 0.275833 0.724063
0.285715 0.464285 0.25
0.689655 0.310345 0
0.571374 0.000100809 0.428526
0.142857 0.857143 0
0.600003 0.399997 0
0.233335 0.766665 0
0.482759 0.137931 0.37931
0.000101984 0.749898 0.25
0.448278 0.275861 0.275861
0.799999 0.200001 0
0.392943 0.178394 0.428663
0.166675 0.100004 0.733321
0.999901 9.92004e-05 0
0.000103243 0.689584 0.310313
0.310346 0.379308 0.310346
0.966666 0.033334 0
0.206897 0.310346 0.482757
0.344824 0.275863 0.379312
0.1 0.9 0
0.241374 0.413796 0.34483
0.344828 0.13793 0.517242
0.103446 0.172412 0.724143
0.613635 0.136365 0.25
0.689584 0.000103037 0.310313
0.206897 0.13793 0.655173
0.730768 0.269232 0
0.241379 0.241379 0.517242
0.13793 0.413794 0.448276
0.620693 0.0344758 0.344831
0.392856 0.357144 0.25
0.379311 0.310344 0.310345
0.0333334 0.0333334 0.933333
9.85434e-05 0.999901 0
0.379311 0.034481 0.586208
0.517244 0.0344786 0.448278
0.0689651 0.586207 0.344828
0.566662 0.433338 0
0.192306 0.807694 0
0.0689555 0.448279 0.482766
0.269233 0.730767 0
0.0666651 0.233335 0.7
0.206875 0.000103063 0.793022
0.413791 0.241382 0.344828
0.511369 0.238631 0.25
0.0666671 0.933333 0
0.310353 0.103424 0.586222
0.0333265 0.966674 0
0.275862 0.275862 0.448276
0.275833 0.000103225 0.724063
0.551731 0.103439 0.344831
0.4 0.6 0
0.0681776 0.681822 0.25
0.103448 0.517241 0.379311
0.310344 0.689656 0
0.1 0.1 0.799999
0.428543 0.0672292 0.504228
0.137931 0.206896 0.655173
0.170454 0.579546 0.25
0.866665 0.133335 0
0.655174 0.0689641 0.275862
0.357142 0.642858 0
0.172413 0.24138 0.586206
0.0333276 0.133339 0.833333
4.5139e-05 0.0999953 0.89996
0.533323 0.466677 0
0.482772 0.206891 0.310337
9.43737e-05 9.1893e-05 0.999814
0.137926 0.34483 0.517244
0.310347 0.206896 0.482757
0.206886 0.379286 0.413828
0.133334 0.0333332 0.833333
0.899994 0.100006 0
0.068965 0.379314 0.551721
0.0344826 0.310344 0.655173
0.275866 0.344819 0.379315
0.933344 0.0666565 0
0.241392 0.172411 0.586197
0.642858 0.357142 0
0.344792 0.000103333 0.655105
0.103446 0.275877 0.620678
