0.00010334 0.379271 0.620625
0.413791 0.137932 0.448278
0.137931 0.241379 0.62069
0.000102127 0.749898 0.25
0.103446 0.206898 0.689656
0.566665 0.433335 0
0.103446 0.413794 0.48276
0.0666641 0.933336 0
0.620689 0.0689655 0.310345
0.551722 0.103449 0.344829
0.172414 0.068965 0.758621
0.241385 0.31033 0.448285
0.482748 0.172417 0.344834
0.310345 0.0344828 0.655172
0.241379 0.103448 0.655172
0.000103398 0.310312 0.689584
0.37931 0.103448 0.517242
0.571371 0.000100759 0.428528
0.241369 0.448282 0.310349
0.357141 0.642859 0
0.698548 0.0334949 0.267957
0.344815 0.0689622 0.586222
0.170454 0.579546 0.25
0.41379 0.241381 0.344829
0.0689586 0.379313 0.551728
0.769231 0.230769 0
0.233335 0.766665 0
0.206895 0.172414 0.620691
0.482708 0.000103337 0.517188
0.966667 0.033333 0
0.814813 0.185187 0
0.379271 0.000103417 0.620625
0.199995 9.97292e-05 0.799905
0.0334122 0.501174 0.465413
0.448273 0.0689659 0.482762
0.310343 0.241383 0.448274
0.142852 0.857148 0
0.86207 0.13793 0
0.9 0.1 0
0.433333 0.566667 0
0.285712 0.357141 0.357147
0.4 0.6 0
0.000103401 0.206862 0.793035
0.275833 0.000103053 0.724064
6.45629e-05 9.88932e-05 0.999837
0.692307 0.307693 0
0.206896 0.275862 0.517242
0.172412 0.344833 0.482755
0.0344819 0.241379 0.724139
0.0999996 0.9 0
0.0689599 0.58621 0.34483
0.379308 0.206897 0.413795
0.310345 0.413793 0.275862
0.37932 0.310341 0.310339
0.443181 0.306819 0.25
0.545448 0.204552 0.25
0.344828 0.172414 0.482759
9.9791e-05 0.9999 0
0.0666642 0.0333299 0.900006
0.1 0.133334 0.766666
0.0681809 0.681819 0.25
0.206896 0.37931 0.413793
0.166667 0.133331 0.700002
0.137932 0.310342 0.551726
0.241381 0.206896 0.551723
0.000100435 0.464241 0.535659
0.642857 0.357143 0
0.192304 0.807696 0
0.000100828 0.571371 0.428529
0.269236 0.730764 0
0.0666679 0.100002 0.83333
0.482759 0.241379 0.275862
0.647722 0.102278 0.25
0.272727 0.477273 0.25
0.749898 0.000102235 0.25
0.0333332 0.966667 0
0.103443 0.517245 0.379312
0.4138 0.0344669 0.551733
0.34483 0.275858 0.379312
0.733334 0.266666 0
0.517239 0.0344829 0.448278
0.172415 0.482756 0.344829
0.137932 0.448273 0.413795
0.206727 0.517638 0.275635
0.655105 0.000103099 0.344792
0.9999 9.9964e-05 0
0.35714 0.39286 0.25
9.94794e-05 0.0999904 0.89991
0.586207 0.137931 0.275862
0.466673 0.533327 0
0.933333 0.0666666 0
0.310344 0.689656 0
0.310344 0.137931 0.551725
0.6 0.4 0
0.133316 9.70005e-05 0.866587
0.482764 0.103439 0.413797
0.0689644 0.310345 0.62069
0.00010341 0.655105 0.344792
0.103445 0.620693 0.275862
0.518522 0.481478 0
