9.56674e-05 8.19612e-05 0.999822
0.000103136 0.344792 0.655105
0.551733 0.137918 0.31035
0.566669 0.433331 0
0.448276 0.0689648 0.482759
0.206896 0.137931 0.655173
0.9 0.1 0
9.86003e-05 0.16666 0.833242
0.310345 0.689655 0
0.27586 0.379312 0.344828
0.310345 0.172414 0.517241
0.24138 0.241379 0.517241
0.0333319 0.966668 0
0.34091 0.40909 0.25
0.769228 0.230772 0
0.100001 0.899999 0
0.379314 0.275855 0.344831
0.37931 0.103448 0.517242
0.238637 0.511363 0.25
0.0689598 0.379313 0.551727
0.206897 0.482757 0.310346
0.000102746 0.41375 0.586147
0.344828 0.344827 0.310345
0.966667 0.0333327 0
0.137879 0.37955 0.482571
0.465109 0.17712 0.357771
0.407404 0.592596 0
0.103445 0.551726 0.344828
0.000100394 0.571384 0.428515
0.103446 0.172413 0.724141
0.0689552 0.65518 0.275865
0.192298 0.807702 0
0.310342 0.241387 0.448272
0.379271 0.00010335 0.620625
0.241371 0.172416 0.586213
0.357146 0.642854 0
0.0666673 0.100001 0.833331
0.642857 0.357143 0
0.6 0.4 0
0.172398 0.551755 0.275847
0.103442 0.310347 0.586211
0.206896 0.310346 0.482758
0.310345 0.0344828 0.655173
0.269235 0.730765 0
0.482709 0.000103393 0.517188
0.103444 0.482761 0.413795
0.413794 0.137928 0.448277
0.9999 9.9973e-05 0
0.16667 0.100003 0.733327
0.275861 0.103441 0.620698
0.551731 0.034471 0.413798
0.000103271 0.482709 0.517188
0.17841 0.428656 0.392934
0.000103365 0.689585 0.310311
0.413792 0.0344825 0.551725
0.749898 0.000102134 0.25
0.0333318 0.199997 0.766671
0.0344804 0.620691 0.344828
0.0689646 0.448276 0.482759
0.344829 0.0689619 0.586209
0.733323 0.266677 0
0.535643 0.000100243 0.464257
0.000102854 0.241346 0.758551
0.379323 0.206892 0.413785
0.233334 0.766666 0
0.518521 0.481479 0
0.103449 0.241379 0.655173
0.482749 0.241384 0.275867
0.172414 0.206896 0.62069
0.275833 0.000103394 0.724063
0.233335 0.0666631 0.700002
0.692309 0.307691 0
0.655105 0.000103145 0.344792
0.933334 0.0666661 0
0.814815 0.185185 0
0.428572 0.321428 0.25
0.275858 0.448278 0.275865
0.133325 0.0666653 0.800009
0.545455 0.204545 0.25
0.000102211 0.749898 0.25
0.647719 0.102281 0.25
0.0344795 0.517243 0.448277
1.73781e-05 0.0999983 0.899984
0.0333333 0.0666659 0.900001
0.142853 0.857147 0
0.310345 0.310344 0.379311
0.0344809 0.275861 0.689658
0.464283 0.535717 0
0.206863 0.000102983 0.793034
0.24138 0.344827 0.413794
9.99725e-05 0.9999 0
0.482762 0.103442 0.413796
0.136364 0.613636 0.25
0.066668 0.933332 0
0.133326 5.37341e-05 0.866621
0.586208 0.0689632 0.344828
0.862069 0.137931 0
0.0666589 2.52064e-05 0.933316
0.689665 0.0344694 0.275866
0.172412 0.275863 0.551725
