0.0333342 0.166679 0.799987
0.192307 0.807693 0
0.000103358 0.344792 0.655105
0.413794 0.241378 0.344828
0.0344767 0.620694 0.34483
0.233334 0.766666 0
0.4 0.6 0
0.613637 0.136363 0.25
0.103448 0.551724 0.344828
0.206894 0.448278 0.344829
0.0689655 0.206897 0.724138
0.310343 0.13793 0.551727
0.0344821 0.37931 0.586208
0.933333 0.0666669 0
0.103448 0.310347 0.586205
0.966668 0.0333325 0
0.0344815 0.275862 0.689657
0.379311 0.103447 0.517242
0.566668 0.433332 0
0.655172 0.0689655 0.275862
0.0689637 0.517242 0.413795
0.06666 9.91367e-05 0.933241
0.275864 0.31034 0.413796
0.620625 0.000103433 0.379271
0.172414 0.172412 0.655174
0.241379 0.137931 0.62069
0.814816 0.185184 0
0.600003 0.399997 0
0.241384 0.379292 0.379324
0.238637 0.511363 0.25
0.586208 0.0689637 0.344828
0.344829 0.0689604 0.58621
0.689584 0.000103382 0.310313
0.1 0.0333331 0.866667
0.464292 0.285708 0.25
0.0333351 0.966665 0
0.379313 0.20689 0.413797
0.137931 0.37931 0.482759
0.103448 0.448276 0.448276
0.206892 0.34483 0.448279
0.310345 0.344826 0.344828
0.233322 9.98746e-05 0.766578
0.172414 0.310344 0.517242
9.99617e-05 0.566616 0.433284
0.310348 0.24137 0.448281
0.275862 0.0689651 0.655173
0.10227 0.64773 0.25
0.172406 0.413797 0.413797
0.517228 0.206903 0.27587
0.481482 0.518518 0
0.0344823 0.482759 0.482759
0.137918 0.103439 0.758644
0.733332 0.266668 0
0.166654 9.99831e-05 0.833247
0.862069 0.137931 0
0.502391 0.0669867 0.430622
0.344828 0.275861 0.379311
0.357142 0.392858 0.25
0.413794 0.13793 0.448276
0.307692 0.692308 0
0.137926 0.482762 0.379313
0.749898 0.000102245 0.25
0.275861 0.206897 0.517242
9.98321e-05 0.233321 0.766579
0.551725 0.13793 0.310345
0.000103347 0.448229 0.551667
0.000103332 0.689584 0.310313
0.0689654 0.413793 0.517242
0.344831 0.172406 0.482763
0.379272 0.000103372 0.620625
0.769229 0.230771 0
0.172413 0.517244 0.310343
9.94697e-05 0.0666597 0.933241
0.206897 0.068965 0.724138
0.533332 0.466668 0
0.9999 9.99569e-05 0
0.551667 0.000103387 0.44823
9.99636e-05 0.133321 0.866579
9.91671e-05 0.999901 0
0.13793 0.24138 0.62069
0.0666651 0.0999977 0.833337
0.31031 0.000103427 0.689587
0.000102134 0.749898 0.25
0.0666658 0.933334 0
0.100001 0.899999 0
0.692308 0.307692 0
0.37931 0.310345 0.310345
0.433334 0.566666 0
0.206898 0.241375 0.551727
0.275967 0.448067 0.275967
0.357143 0.642857 0
0.241376 0.275863 0.482761
0.448277 0.172413 0.379311
0.142857 0.857143 0
0.899998 0.100002 0
0.464238 0.000100424 0.535661
0.13793 0.586208 0.275862
9.70193e-05 8.49189e-05 0.999818
0.266667 0.733333 0
0.642862 0.357138 0
