0.899998 0.100002 0
0.233324 0.766676 0
0.100002 0.899998 0
0.566656 0.433344 0
0.103439 0.310348 0.586213
0.0333259 0.133331 0.833343
0.655174 0.0344804 0.310346
0.09999 9.98898e-05 0.89991
0.100001 0.466669 0.433331
0.0344759 0.379316 0.586208
0.655174 0.344826 0
0.379312 0.172412 0.448276
0.17045 0.57955 0.25
0.102278 0.647722 0.25
0.275861 0.172414 0.551725
0.310345 0.103448 0.586207
0.392857 0.357143 0.25
0.172414 0.344828 0.482759
0.344821 0.241382 0.413797
0.85716 0.14284 0
0.733333 0.266667 0
0.76667 0.23333 0
0.464245 0.000100359 0.535655
0.551725 0.172413 0.275862
0.633266 9.99587e-05 0.366634
0.275861 0.379311 0.344828
0.533333 0.466667 0
0.000103175 0.448229 0.551668
0.1 0.1 0.8
0.379311 0.275861 0.344828
0.300002 0.699998 0
0.966675 0.0333255 0
0.142855 0.857145 0
0.586207 0.068965 0.344828
0.241379 0.0689657 0.689655
0.172416 0.482751 0.344832
0.241387 0.448271 0.310342
0.206887 0.517264 0.275849
0.241379 0.241379 0.517241
0.607121 0.392879 0
0.310345 0.310345 0.37931
0.0333261 0.966674 0
0.613635 0.136365 0.25
0.000102234 0.749898 0.25
0.0344832 0.620685 0.344832
0.749898 0.000101964 0.25
0.933338 0.0666621 0
0.9999 9.99682e-05 0
0.448267 0.275867 0.275866
9.99388e-05 0.0999897 0.89991
0.137931 0.206896 0.655173
0.241379 0.344828 0.413794
9.95962e-05 0.9999 0
0.413793 0.103448 0.482759
0.344826 0.137931 0.517243
8.94679e-05 9.9718e-05 0.999811
0.133326 0.0333313 0.833343
0.275833 0.000103365 0.724063
0.807692 0.192308 0
0.344828 0.344828 0.310345
0.0689653 0.172413 0.758621
0.192307 0.807693 0
0.699998 0.300002 0
0.310342 0.413799 0.275859
0.137915 0.551775 0.310309
0.206896 0.137931 0.655173
0.344832 0.655168 0
0.681819 0.0681806 0.25
0.000103395 0.689584 0.310313
0.10344 0.379314 0.517246
0.206897 0.413793 0.379311
0.381477 0.0343619 0.584161
0.0666654 0.933335 0
0.000103231 0.344792 0.655105
0.206896 0.206896 0.586207
0.172411 0.275866 0.551723
0.344792 0.000103325 0.655105
0.0672625 0.538112 0.394625
0.56661 9.99677e-05 0.43329
0.433337 0.566663 0
0.481479 0.518521 0
0.0689659 0.241375 0.689659
0.20687 0.000103358 0.793026
0.172414 0.103448 0.724138
0.501188 0.0334102 0.465401
0.511331 0.238669 0.25
0.41379 0.206898 0.379313
0.0333335 0.0333335 0.933333
0.482759 0.172413 0.344828
0.275862 0.275862 0.448276
0.000103433 0.586146 0.413751
0.310344 0.206897 0.482759
0.27273 0.47727 0.25
0.392866 0.607134 0
0.517243 0.103446 0.379311
0.26667 0.73333 0
0.448275 0.137931 0.413794
9.99828e-05 0.499955 0.499946
0.000103269 0.275833 0.724063
9.95565e-05 0.19998 0.79992
