0.0689601 0.241381 0.689659
0.206873 0.000103391 0.793024
0.103449 0.310348 0.586203
0.275864 0.206899 0.517236
0.137929 0.41379 0.448281
0.204547 0.545453 0.25
0.137928 0.172414 0.689657
0.4 0.6 0
0.730766 0.269234 0
0.100001 0.133334 0.766665
0.0689649 0.586207 0.344828
0.206897 0.379308 0.413795
0.206882 0.482796 0.310322
0.103441 0.482762 0.413796
0.535662 0.000100309 0.464238
0.551725 0.172413 0.275862
0.310313 0.000103437 0.689584
0.307694 0.692306 0
7.04981e-05 0.133311 0.866618
0.0666668 0.1 0.833333
0.655105 0.000103423 0.344792
0.137932 0.241376 0.620692
0.137925 0.586211 0.275864
0.0999879 9.12426e-05 0.899921
0.448229 0.000103349 0.551668
0.172413 0.275861 0.551726
0.48148 0.51852 0
0.467858 0.100272 0.43187
0.172401 0.448283 0.379316
0.413791 0.206897 0.379312
0.344819 0.241382 0.413798
0.241379 0.137931 0.62069
0.9 0.0999998 0
0.600002 0.399998 0
0.933333 0.0666667 0
0.642859 0.357141 0
0.102268 0.647732 0.25
0.137931 0.517242 0.344828
0.133336 0.0333311 0.833333
0.000103435 0.344793 0.655103
0.172413 0.103448 0.724139
0.0333328 0.966667 0
0.285715 0.464285 0.25
0.0689291 0.379638 0.551432
0.285716 0.321421 0.392862
0.000100755 0.571367 0.428532
0.448276 0.241379 0.310344
0.310344 0.13793 0.551726
0.379312 0.275858 0.34483
9.99616e-05 0.9999 0
0.566667 0.433333 0
0.000103428 0.206873 0.793024
5.03561e-06 0.0666457 0.933349
0.857144 0.142856 0
0.413793 0.310346 0.275862
0.0689638 0.448277 0.48276
0.76667 0.23333 0
0.586217 0.0344659 0.379317
0.749898 0.000102251 0.25
0.0666671 0.933333 0
9.99869e-05 0.433288 0.566612
0.551725 0.103446 0.344828
0.966666 0.0333342 0
0.00010337 0.275833 0.724064
0.433333 0.566667 0
0.0344815 0.689656 0.275862
0.379307 0.172412 0.448281
0.241379 0.275863 0.482758
0.689664 0.0344709 0.275865
0.13793 0.86207 0
0.266668 0.733332 0
0.482759 0.0344828 0.482759
0.482759 0.172414 0.344828
0.613635 0.136365 0.25
0.379271 0.000103431 0.620625
0.620787 0.0689478 0.310265
0.413799 0.0689649 0.517236
0.533332 0.466668 0
0.000102225 0.749898 0.25
0.1 0.9 0
0.230768 0.769232 0
0.206898 0.206898 0.586203
0.807693 0.192307 0
0.241376 0.413795 0.344829
0.310345 0.413793 0.275862
0.266637 9.49542e-05 0.733268
0.185184 0.814816 0
0.241379 0.0689654 0.689655
0.9999 9.98743e-05 0
9.74175e-05 9.74731e-05 0.999805
0.000103419 0.655105 0.344792
0.00010343 0.517188 0.482709
0.172415 0.344822 0.482763
0.392858 0.357142 0.25
0.310344 0.344828 0.344828
0.511363 0.238637 0.25
0.357142 0.642858 0
0.689656 0.310344 0
0.359554 0.101125 0.539321
0.310345 0.0689643 0.620691
