0.769231 0.230769 0
0.13793 0.172414 0.689656
0.481479 0.518521 0
0.379308 0.344831 0.275861
0.000103408 0.310313 0.689584
0.642857 0.357143 0
0.275861 0.172414 0.551725
0.933333 0.0666672 0
0.206895 0.413794 0.379311
0.206896 0.137931 0.655173
0.379315 0.0344801 0.586205
0.103447 0.344833 0.55172
0.0334107 0.465408 0.501181
0.566667 0.433333 0
0.238634 0.511366 0.25
0.172409 0.275864 0.551727
0.413793 0.172414 0.413793
0.379311 0.241379 0.379311
0.192305 0.807695 0
0.464293 0.285707 0.25
0.310344 0.275863 0.413794
0.533333 0.466667 0
0.482759 0.103447 0.413794
0.448442 0.0689448 0.482614
0.000100734 0.428528 0.571371
0.133326 0.0666686 0.800006
0.16665 9.99609e-05 0.83325
0.0999883 9.96721e-05 0.899912
0.000100176 0.535661 0.464238
9.9868e-05 0.16665 0.83325
0.275864 0.448272 0.275864
0.103447 0.275862 0.62069
0.517244 0.034481 0.448275
0.275862 0.103448 0.62069
0.275862 0.37931 0.344828
0.966666 0.0333343 0
0.0344824 0.344828 0.62069
0.749898 0.000102186 0.25
9.94613e-05 0.0999885 0.899912
9.98689e-05 0.9999 0
0.545455 0.204545 0.25
0.000103362 0.620626 0.379271
0.551726 0.0689631 0.379311
0.0689635 0.20689 0.724146
0.172416 0.206894 0.62069
0.344827 0.310345 0.344828
0.689657 0.0344813 0.275862
0.137929 0.517242 0.344828
0.344828 0.206896 0.448275
0.241379 0.24138 0.517241
0.482708 0.000103415 0.517188
0.413793 0.275862 0.310345
0.344792 0.000103434 0.655104
0.24138 0.0689645 0.689656
0.275833 0.000103423 0.724063
0.6 0.4 0
0.2 0.0333329 0.766668
0.136363 0.613637 0.25
0.206896 0.310345 0.482759
0.9999 9.97502e-05 0
0.517235 0.172416 0.310349
0.448278 0.206892 0.344829
0.0001034 0.689584 0.310313
0.241378 0.344832 0.41379
0.310345 0.689655 0
0.233333 0.766667 0
0.0666666 0.0999999 0.833333
0.100002 0.899998 0
0.142855 0.857145 0
0.0689661 0.586204 0.34483
0.0689559 0.655179 0.275865
0.344891 0.103438 0.55167
0.814813 0.185187 0
0.733333 0.266667 0
0.655104 0.000103435 0.344792
0.586211 0.103443 0.310347
0.0666663 0.933334 0
0.0333312 0.966669 0
0.692308 0.307692 0
0.269231 0.730769 0
0.0999999 0.133333 0.766668
0.586146 0.000103344 0.41375
0.357143 0.642857 0
0.4 0.6 0
9.991e-05 0.23331 0.76659
0.428528 0.0001008 0.571371
0.433333 0.566667 0
0.862069 0.137931 0
0.37931 0.137931 0.482759
0.103448 0.482759 0.413793
0.166667 0.0999996 0.733334
0.899998 0.100002 0
0.134064 0.396887 0.469048
0.03331 0.0333304 0.93336
9.96277e-05 9.97184e-05 0.999801
0.613636 0.136364 0.25
0.000102248 0.749898 0.25
0.172411 0.551732 0.275857
0.357137 0.392863 0.25
0.206887 0.482765 0.310349
