0.933335 0.0666651 0
0.0689636 0.206897 0.72414
0.241378 0.48276 0.275863
0.310344 0.379313 0.310344
0.535653 0.000100429 0.464247
0.310345 0.13793 0.551725
0.310297 0.000103417 0.6896
0.344828 0.241378 0.413794
0.413794 0.206896 0.379311
0.51725 0.103433 0.379317
0.448278 0.241378 0.310344
0.241378 0.413794 0.344828
0.133334 0.0333335 0.833333
0.733331 0.266669 0
0.100247 0.431921 0.467832
0.551724 0.172414 0.275862
0.24138 0.137928 0.620691
0.000102162 0.749898 0.25
0.192308 0.807692 0
0.100002 0.899998 0
0.433333 0.566667 0
0.41375 0.000103383 0.586146
0.172414 0.24138 0.586206
0.172414 0.172414 0.655172
0.266826 0.366295 0.36688
0.000103432 0.689584 0.310313
0.00010176 0.321388 0.67851
0.0689608 0.58621 0.344829
0.344829 0.172413 0.482758
0.137928 0.310346 0.551726
0.204545 0.545455 0.25
0.642858 0.357142 0
0.269236 0.730764 0
0.966669 0.0333311 0
0.857144 0.142856 0
0.692309 0.307691 0
0.142854 0.857146 0
0.399998 0.600002 0
0.136364 0.613636 0.25
0.428573 0.321427 0.25
0.431783 0.100274 0.467943
0.103449 0.241378 0.655173
0.0999969 9.99056e-05 0.899903
0.310341 0.689659 0
9.99307e-05 0.0999968 0.899903
0.0333335 0.0333335 0.933333
0.103442 0.517245 0.379313
0.133333 0.133333 0.733333
0.511361 0.238639 0.25
0.0689641 0.379323 0.551713
0.9999 9.98016e-05 0
0.206897 0.275862 0.517241
0.586209 0.103445 0.310346
0.807692 0.192308 0
0.357142 0.642858 0
0.066668 0.933332 0
0.0689661 0.65517 0.275864
0.000103391 0.41375 0.586146
0.379309 0.344829 0.275861
0.48276 0.172412 0.344828
0.321429 0.428571 0.25
9.93051e-05 0.19998 0.799921
0.899999 0.100001 0
0.233334 0.0333325 0.733333
0.344828 0.0344815 0.62069
0.275862 0.0689655 0.655173
0.481477 0.518523 0
0.172413 0.344829 0.482758
0.533331 0.466669 0
0.448276 0.13793 0.413794
0.17241 0.517244 0.310346
0.206875 0.000103321 0.793022
0.566668 0.433332 0
0.172414 0.448275 0.379311
0.0333323 0.966668 0
0.200004 0.100002 0.699994
0.0344772 0.551727 0.413796
9.99673e-05 0.499966 0.499934
0.275861 0.275861 0.448277
0.233334 0.766666 0
9.98733e-05 0.266642 0.733259
0.0344732 0.344831 0.620696
0.379317 0.275849 0.344834
0.766667 0.233333 0
0.448278 0.0344789 0.517243
0.613641 0.136359 0.25
0.0333316 0.133336 0.833333
0.749898 0.000102165 0.25
0.206897 0.379308 0.413795
0.103448 0.103448 0.793105
8.0433e-05 9.83832e-05 0.999821
0.275863 0.206895 0.517242
0.655105 0.000103415 0.344792
0.586211 0.0344767 0.379313
0.689666 0.0344674 0.275866
0.000103381 0.620625 0.379271
0.600002 0.399998 0
9.99845e-05 0.9999 0
0.310345 0.310345 0.37931
0.379312 0.068962 0.551726
