0.769232 0.230768 0
0.448275 0.172414 0.37931
0.275862 0.0689654 0.655172
0.655105 0.000103397 0.344792
0.533333 0.466667 0
0.137928 0.448278 0.413795
0.000103416 0.620624 0.379272
0.000102096 0.749898 0.25
0.0689656 0.344825 0.586209
0.107143 0.642857 0.25
0.448276 0.0689619 0.482762
0.310311 0.000103337 0.689586
0.142857 0.857143 0
0.32142 0.285706 0.392874
0.399997 0.600003 0
0.600001 0.399999 0
0.586204 0.0689659 0.34483
0.357133 0.642867 0
9.92442e-05 0.166651 0.83325
0.192309 0.807691 0
9.96983e-05 0.499957 0.499943
0.1 0.0333332 0.866666
0.413794 0.241377 0.344829
0.0333276 0.966672 0
0.10345 0.551718 0.344832
0.000103326 0.379271 0.620626
0.269232 0.730768 0
0.862071 0.137929 0
0.206896 0.48276 0.310345
0.133334 0.133334 0.733332
0.0666684 0.133337 0.799995
0.689657 0.0344796 0.275863
0.137933 0.310342 0.551726
0.103448 0.206896 0.689656
0.482784 0.206886 0.31033
0.814813 0.185187 0
0.93333 0.0666698 0
0.103449 0.413789 0.482762
0.310351 0.137923 0.551725
0.0344815 0.413794 0.551724
9.0498e-05 8.85668e-05 0.999821
0.647735 0.102265 0.25
0.0333337 0.200002 0.766664
0.241376 0.172414 0.586209
0.566662 0.433338 0
0.344828 0.0344824 0.62069
0.517188 0.000103291 0.482709
0.275862 0.24138 0.482758
0.137931 0.068965 0.793104
0.517242 0.13793 0.344828
0.241353 0.000103282 0.758544
0.172414 0.172413 0.655173
0.137929 0.586209 0.275862
0.204547 0.545453 0.25
0.0344825 0.551724 0.413793
0.000103399 0.689584 0.310313
0.749898 0.000102167 0.25
0.357142 0.321425 0.321433
0.0666677 0.933332 0
0.233329 0.766671 0
0.344828 0.172413 0.482759
0.482759 0.103448 0.413793
0.37931 0.206897 0.413793
0.433334 0.566666 0
0.413792 0.137929 0.448279
0.379309 0.103448 0.517243
9.99839e-05 0.9999 0
0.586204 0.137932 0.275864
0.9 0.1 0
0.966668 0.0333324 0
0.241376 0.344829 0.413795
0.206897 0.241377 0.551726
0.206896 0.103448 0.689656
0.57138 0.000100545 0.428519
0.0689623 0.655175 0.275863
0.310338 0.413805 0.275857
0.275862 0.37931 0.344828
0.633337 0.366663 0
0.9999 9.97634e-05 0
0.0344828 0.310345 0.655172
0.000103359 0.275829 0.724067
0.0333328 0.100001 0.866666
0.1 0.9 0
0.310338 0.689662 0
0.285712 0.464288 0.25
0.206894 0.310346 0.48276
0.730763 0.269237 0
0.392856 0.357144 0.25
0.17241 0.379311 0.448279
0.481478 0.518522 0
0.428533 0.000100697 0.571366
9.8387e-05 0.0666594 0.933242
0.680002 0.319998 0
0.46429 0.28571 0.25
0.206896 0.413793 0.37931
0.137932 0.241372 0.620695
0.16665 9.98127e-05 0.83325
0.0666507 9.57696e-05 0.933254
0.10072 0.503598 0.395682
0.545455 0.204545 0.25
