0.103448 0.51724 0.379311
0.379309 0.206897 0.413794
0.13793 0.86207 0
0.814817 0.185183 0
0.642857 0.357143 0
0.517242 0.172413 0.310345
0.379314 0.13793 0.482755
0.310313 0.000103425 0.689584
0.102273 0.647727 0.25
0.433329 0.566671 0
0.103448 0.344828 0.551724
0.357144 0.392856 0.25
0.214285 0.535715 0.25
0.769231 0.230769 0
0.0333337 0.133336 0.83333
0.241373 0.275865 0.482763
0.0666697 0.93333 0
9.98845e-05 0.49994 0.49996
0.0666655 0.066667 0.866668
0.206895 0.0344827 0.758622
0.517241 0.103448 0.379311
0.185188 0.814812 0
0.230769 0.769231 0
0.0689657 0.586206 0.344828
0.392817 0.000101137 0.607081
0.357142 0.642858 0
0.448277 0.172412 0.379311
0.86207 0.13793 0
0.172412 0.413794 0.413794
0.533335 0.466665 0
0.137916 0.0689584 0.793125
0.545456 0.204544 0.25
0.481481 0.518519 0
9.99537e-05 0.19998 0.79992
0.266667 0.733333 0
0.0344776 0.241343 0.72418
0.137931 0.37931 0.482759
0.275862 0.103448 0.62069
0.000103402 0.310313 0.689584
0.241372 0.17241 0.586218
0.275862 0.413793 0.310345
0.899999 0.100001 0
0.933333 0.0666669 0
0.9999 9.99116e-05 0
0.310345 0.241379 0.448276
0.0335809 0.429114 0.537306
0.100002 0.899998 0
0.4 0.6 0
0.0333325 0.966668 0
0.344827 0.0344814 0.620691
0.655105 0.000103435 0.344792
0.206896 0.344828 0.448276
0.586209 0.13793 0.275861
0.241378 0.379311 0.379311
0.689663 0.0344718 0.275865
0.307693 0.692307 0
0.17241 0.482761 0.344829
0.172413 0.310345 0.517242
0.692309 0.307691 0
0.27586 0.310346 0.413794
0.137929 0.586206 0.275865
0.413794 0.241378 0.344828
0.749898 0.000101994 0.25
7.01029e-05 0.0999732 0.899957
0.413793 0.0344819 0.551725
0.137931 0.206896 0.655172
0.310346 0.344825 0.344829
0.23331 9.88537e-05 0.766591
0.647727 0.102273 0.25
0.466669 0.0666714 0.466659
0.0689649 0.172413 0.758622
0.0344719 0.689663 0.275865
0.000103436 0.586146 0.41375
0.34483 0.275856 0.379314
0.379312 0.310344 0.310344
0.103442 0.448279 0.448279
0.00010339 0.379272 0.620625
0.206898 0.241373 0.551729
0.464286 0.285714 0.25
0.0689649 0.275863 0.655173
0.733337 0.266663 0
0.137928 0.275855 0.586218
0.310345 0.172414 0.517241
0.482709 0.000103421 0.517188
0.172415 0.137927 0.689659
0.000103437 0.655105 0.344792
8.4227e-05 7.73391e-05 0.999838
0.133319 9.86914e-05 0.866582
0.571365 0.000100812 0.428534
0.586208 0.0689634 0.344828
0.96667 0.0333302 0
0.241406 0.482702 0.275892
9.99799e-05 0.9999 0
0.000102192 0.749898 0.25
0.566662 0.433338 0
0.0344738 0.517246 0.44828
0.0666558 8.18989e-05 0.933262
0.344827 0.103448 0.551724
0.233339 0.0666646 0.699996
0.600003 0.399997 0
