0.103446 0.517243 0.379311
0.413796 0.137926 0.448279
0.344828 0.172414 0.482759
0.300003 0.699997 0
0.310343 0.413796 0.275861
0.392853 0.357147 0.25
0.137933 0.44827 0.413798
0.0666675 0.133334 0.799998
0.62069 0.103448 0.275862
0.464288 0.285712 0.25
0.000103435 0.689584 0.310313
0.172414 0.206897 0.62069
0.51852 0.48148 0
0.6 0.4 0
0.466667 0.533333 0
0.206897 0.344828 0.448276
0.392858 0.607142 0
0.517242 0.206896 0.275862
0.192304 0.807696 0
0.0666649 0.933335 0
0.142857 0.857143 0
0.0666662 0.0333331 0.900001
0.379312 0.206893 0.413795
0.0689657 0.241377 0.689657
0.133346 0.100008 0.766646
0.166651 9.99343e-05 0.83325
0.310346 0.137928 0.551726
0.0344826 0.310344 0.655173
0.733333 0.266667 0
0.241379 0.137931 0.62069
0.103446 0.344828 0.551726
0.0689476 0.586218 0.344834
0.517241 0.137931 0.344828
0.966669 0.0333306 0
0.448278 0.172411 0.379312
0.066826 0.431979 0.501195
0.000103413 0.206856 0.793041
0.357336 0.32133 0.321334
0.275862 0.37931 0.344828
0.310347 0.0689626 0.62069
0.233331 0.766669 0
0.0333323 0.966668 0
0.137931 0.37931 0.482759
0.566665 0.433335 0
0.206897 0.103448 0.689655
0.428546 9.89781e-05 0.571355
0.814817 0.185183 0
0.465393 0.033413 0.501194
0.275863 0.310344 0.413792
0.344791 0.000103425 0.655105
0.0680964 0.681006 0.250897
0.1 0.066667 0.833333
0.642856 0.357144 0
0.172415 0.482755 0.34483
0.681819 0.0681807 0.25
0.000103425 0.448229 0.551667
0.769233 0.230767 0
0.379306 0.103449 0.517245
0.482759 0.103447 0.413794
0.433332 0.566668 0
0.0999998 0.9 0
0.206897 0.413792 0.379311
0.204545 0.545455 0.25
0.53566 0.000100406 0.464239
0.933333 0.0666666 0
0.200017 0.0333362 0.766646
0.241379 0.206898 0.551723
0.172414 0.275862 0.551724
6.27286e-05 0.133318 0.866619
0.000100436 0.53566 0.464239
0.344826 0.655174 0
0.862074 0.137926 0
0.310341 0.241381 0.448278
0.692313 0.307687 0
0.241375 0.448285 0.31034
0.413791 0.241379 0.34483
0.000103409 0.620626 0.379271
9.08293e-05 9.02593e-05 0.999819
0.000102238 0.749898 0.25
0.137926 0.551742 0.310333
0.34482 0.275865 0.379315
9.89326e-05 0.0666363 0.933265
0.103448 0.275862 0.62069
9.99666e-05 0.9999 0
0.103448 0.172414 0.724138
0.689584 0.000103401 0.310313
0.749898 0.000102218 0.25
0.272728 0.477272 0.25
0.620626 0.000103395 0.379271
0.586205 0.0689659 0.344829
0.9999 9.99279e-05 0
0.099996 2.34648e-05 0.899981
0.241379 0.275862 0.482759
0.103448 0.62069 0.275862
0.000103298 0.379271 0.620625
0.275834 0.000103363 0.724062
0.899999 0.100001 0
0.266667 0.733333 0
0.579545 0.170455 0.25
0.000103407 0.275834 0.724063
