0.100719 0.503595 0.395686
0.275858 0.172412 0.55173
0.137931 0.275862 0.586207
9.52736e-05 0.133315 0.86659
0.0333328 0.966667 0
0.443172 0.306828 0.25
0.0689653 0.206897 0.724138
0.769232 0.230768 0
0.310345 0.275862 0.413793
0.620625 0.000103389 0.379271
0.814814 0.185186 0
0.103448 0.241379 0.655174
0.206888 0.44828 0.344831
0.241379 0.103448 0.655174
0.379304 0.344831 0.275864
9.98859e-05 0.9999 0
0.000103387 0.41375 0.586146
0.103423 0.413937 0.48264
0.448277 0.137928 0.413794
0.241379 0.344829 0.413792
0.0689632 0.586208 0.344828
0.103449 0.620689 0.275863
0.100002 0.899998 0
0.0681 0.681004 0.250896
0.899998 0.100002 0
0.206863 0.00010337 0.793034
0.379271 0.000103335 0.620625
0.137931 0.172413 0.689655
0.172414 0.517242 0.310344
0.241378 0.0344804 0.724141
0.307693 0.692307 0
0.0333345 0.166673 0.799993
0.379311 0.241379 0.379311
0.357142 0.642858 0
0.137931 0.862069 0
0.230769 0.769231 0
0.481479 0.518521 0
0.413794 0.275862 0.310345
0.0344826 0.344828 0.620689
0.0666665 0.933333 0
0.517268 0.172404 0.310328
0.96667 0.0333297 0
0.413794 0.103447 0.482759
0.133319 9.1221e-05 0.86659
0.172415 0.41379 0.413795
0.9999 9.9966e-05 0
0.172413 0.103449 0.724138
0.0689636 0.379306 0.55173
0.204552 0.545448 0.25
0.310312 0.000103359 0.689584
0.464242 0.000100427 0.535657
0.310345 0.0689655 0.620689
0.275862 0.37931 0.344828
0.749898 0.000102222 0.25
0.137929 0.344828 0.517242
0.4 0.6 0
0.1 0.133333 0.766667
0.000103425 0.310313 0.689584
0.533333 0.466667 0
0.0666761 0.033338 0.899986
0.566667 0.433333 0
0.862073 0.137927 0
0.448262 0.206902 0.344836
0.655167 0.0689667 0.275867
0.7 0.3 0
0.379305 0.0689643 0.55173
0.501195 0.0334003 0.465405
0.344826 0.310345 0.344828
0.206897 0.206895 0.586208
0.517243 0.103446 0.379311
0.266672 0.733328 0
0.310345 0.206896 0.482758
0.000103408 0.689584 0.310313
0.321429 0.428571 0.25
0.586209 0.0689629 0.344829
0.0344802 0.448277 0.517243
0.689584 0.000103408 0.310313
0.482759 0.241379 0.275862
0.613636 0.136364 0.25
0.100005 0.0666698 0.833325
0.000100423 0.53566 0.464239
9.94519e-05 7.69531e-05 0.999824
0.733332 0.266668 0
0.000102245 0.749898 0.25
0.206897 0.310345 0.482759
0.379311 0.172417 0.448272
0.433333 0.566667 0
0.24138 0.482758 0.275862
9.99764e-05 0.23331 0.76659
0.600001 0.399999 0
0.18519 0.81481 0
0.566611 9.99632e-05 0.433289
0.34483 0.137925 0.517245
0.933333 0.0666673 0
9.73951e-05 0.0666264 0.933276
0.633339 0.366661 0
0.24138 0.241377 0.517243
0.000103421 0.620625 0.379271
0.545453 0.204547 0.25
0.666667 0.333333 0
