0.100002 0.899998 0
0.379312 0.0344796 0.586209
0.241376 0.379312 0.379312
0.137931 0.275862 0.586207
0.172414 0.413792 0.413794
0.48276 0.0689644 0.448276
0.275861 0.413796 0.310344
0.0689592 0.517245 0.413796
4.15818e-05 0.0333291 0.966629
0.192305 0.807695 0
0.533323 0.466677 0
0.428531 0.000100824 0.571369
0.25 0.5 0.25
0.0344826 0.482759 0.482759
0.9999 9.98605e-05 0
0.655167 0.344833 0
0.65518 0.0689552 0.275865
0.206897 0.448275 0.344828
0.310344 0.344828 0.344828
0.448277 0.206894 0.344828
0.0333333 0.966667 0
0.137926 0.482761 0.379312
0.0344753 0.172389 0.793135
0.966668 0.0333315 0
0.862072 0.137928 0
0.379311 0.172414 0.448275
0.103448 0.206897 0.689655
0.275862 0.310344 0.413793
6.98744e-05 0.133318 0.866612
0.392864 0.32143 0.285706
0.172414 0.310345 0.517241
0.142856 0.857144 0
0.310344 0.689656 0
0.814818 0.185182 0
0.379323 0.103446 0.517231
0.448279 0.137926 0.413796
0.0689646 0.275862 0.655173
0.566668 0.433332 0
0.0666663 0.933334 0
0.000103356 0.689584 0.310313
0.0999685 8.43657e-05 0.899947
0.206897 0.241377 0.551726
0.749898 0.000102206 0.25
0.275816 0.000103414 0.72408
0.172413 0.137931 0.689656
0.000103354 0.620625 0.379271
0.310345 0.103448 0.586207
0.233329 0.766671 0
0.448278 0.0344776 0.517244
0.310345 0.206895 0.482759
0.0689635 0.655173 0.275863
9.32093e-05 9.00288e-05 0.999817
0.551727 0.17241 0.275863
0.413795 0.275861 0.310344
0.613642 0.136358 0.25
0.103444 0.551727 0.344829
0.241381 0.137924 0.620694
0.357138 0.250002 0.39286
0.200002 0.0333332 0.766664
0.172411 0.551726 0.275863
0.620625 0.000103372 0.379271
0.7 0.3 0
0.51724 0.103449 0.379312
0.166658 9.9974e-05 0.833242
0.206892 0.344829 0.448278
0.533279 9.99464e-05 0.466621
0.607138 0.392862 0
0.9 0.0999996 0
0.0333336 0.0666671 0.899999
0.172413 0.206897 0.620689
0.269232 0.730768 0
0.103445 0.344829 0.551726
0.103448 0.448276 0.448276
0.000103432 0.241354 0.758543
0.000103437 0.448229 0.551667
0.73333 0.26667 0
0.000103431 0.310312 0.689584
9.98947e-05 0.9999 0
0.000103414 0.551667 0.44823
0.586209 0.0689621 0.344829
0.933332 0.0666676 0
0.000103403 0.379271 0.620625
0.136363 0.613637 0.25
0.689584 0.000103422 0.310313
0.0689648 0.413793 0.517242
0.275862 0.172414 0.551724
0.241379 0.275862 0.482759
0.344791 0.000103433 0.655106
0.433331 0.566669 0
0.137931 0.103446 0.758623
0.357143 0.642857 0
0.24138 0.0689638 0.689656
0.000102222 0.749898 0.25
0.357143 0.392857 0.25
0.4 0.6 0
0.5 0.25 0.25
0.0999995 0.0666658 0.833335
0.769232 0.230768 0
0.48148 0.51852 0
0.137926 0.379313 0.482762
