0.766669 0.233331 0
0.172414 0.448274 0.379312
0.642857 0.357143 0
0.0344828 0.310344 0.655173
0.551731 0.172404 0.275865
0.31035 0.13793 0.55172
0.511363 0.238637 0.25
0.310312 0.000103378 0.689585
0.613639 0.136361 0.25
0.689656 0.310344 0
0.103437 0.379379 0.517184
0.103447 0.310345 0.586207
0.551725 0.103446 0.344829
0.172414 0.310345 0.517241
0.933344 0.0666559 0
0.000103395 0.206863 0.793034
9.98813e-05 0.499958 0.499942
0.275862 0.275862 0.448276
0.137925 0.517245 0.34483
0.749898 0.000102255 0.25
0.275862 0.0689654 0.655172
0.466623 9.99315e-05 0.533277
0.41375 0.000103217 0.586146
0.34483 0.0344754 0.620694
0.413793 0.103448 0.482759
9.99754e-05 0.9999 0
0.103442 0.586211 0.310347
0.413794 0.206894 0.379312
0.428571 0.321429 0.25
0.310345 0.310345 0.37931
0.321429 0.428571 0.25
0.172383 0.551801 0.275816
0.655105 0.000103375 0.344792
0.166671 0.0666692 0.76666
0.103448 0.482759 0.413793
0.102271 0.647729 0.25
0.379309 0.275863 0.344828
0.482754 0.172415 0.344831
0.199983 9.96952e-05 0.799917
0.241372 0.137932 0.620696
0.533331 0.466669 0
0.200003 0.0999993 0.699998
0.13793 0.86207 0
0.481482 0.518518 0
0.344828 0.344828 0.310345
0.620708 0.0689622 0.31033
0.857143 0.142857 0
0.379307 0.0689659 0.551727
0.0666663 0.933334 0
0.0666662 0.0666662 0.866668
0.0344826 0.655172 0.310345
0.551667 0.000103258 0.44823
0.034476 0.413796 0.551728
0.185184 0.814816 0
0.9999 9.95318e-05 0
0.266667 0.733333 0
0.482758 0.0689656 0.448276
0.230768 0.769232 0
0.206892 0.241381 0.551727
0.275861 0.448276 0.275862
0.9 0.1 0
0.58621 0.0344769 0.379313
0.133322 9.99537e-05 0.866578
0.103448 0.172414 0.724139
0.730767 0.269233 0
0.206884 0.482789 0.310326
0.433329 0.566671 0
0.1 0.9 0
0.379301 0.172416 0.448282
0.448275 0.24138 0.310344
0.137932 0.241375 0.620693
0.0333334 0.133328 0.833338
0.689656 0.0344813 0.275862
0.448278 0.137928 0.413795
0.000103388 0.620625 0.379271
0.807692 0.192308 0
0.214289 0.535711 0.25
0.0666559 9.44963e-05 0.93325
0.000103416 0.379271 0.620625
0.357143 0.642857 0
0.399998 0.600002 0
0.275862 0.206897 0.517241
8.95285e-05 9.42579e-05 0.999816
0.000103344 0.275833 0.724063
0.0344811 0.551725 0.413794
0.307693 0.692307 0
0.0333296 0.96667 0
0.000102252 0.749898 0.25
0.966666 0.0333343 0
0.0689653 0.241377 0.689658
0.599999 0.400001 0
0.206896 0.344829 0.448275
0.249999 0.392859 0.357142
0.100003 0.100003 0.799994
0.233331 0.0333331 0.733335
0.13793 0.413794 0.448276
0.566666 0.433334 0
9.52522e-05 0.0999745 0.89993
0.172414 0.172414 0.655172
0.344828 0.241379 0.413793
