0.607145 0.392855 0
0.966676 0.033324 0
0.034473 0.689665 0.275862
0.137931 0.275862 0.586207
0.73333 0.26667 0
0.46427 0.000100181 0.535629
0.9999 9.99502e-05 0
0.275863 0.37931 0.344828
0.13793 0.103447 0.758623
0.275865 0.103443 0.620692
0.137924 0.862076 0
0.310313 0.000103361 0.689584
0.000102936 0.310314 0.689584
0.357143 0.642857 0
0.166666 0.0333331 0.800001
0.033333 0.966667 0
0.448277 0.206894 0.344829
0.200002 0.133335 0.666663
0.0344804 0.241367 0.724153
0.620625 0.000103221 0.379272
0.206896 0.413793 0.379311
0.566665 0.433335 0
0.749898 0.0001019 0.25
0.206895 0.241375 0.55173
0.551726 0.172412 0.275862
0.133324 9.94091e-05 0.866576
0.448277 0.137928 0.413794
0.857146 0.142854 0
0.399999 0.600001 0
0.699994 0.300006 0
0.413793 0.103448 0.482759
0.766672 0.233328 0
0.1 0.9 0
0.0333284 0.133337 0.833335
0.233312 9.99253e-05 0.766588
0.344834 0.0689648 0.586201
0.307695 0.692305 0
0.900001 0.0999995 0
0.310347 0.413791 0.275861
0.000103288 0.586146 0.41375
0.655178 0.0689604 0.275862
0.433337 0.566663 0
0.137931 0.37931 0.482759
0.807692 0.192308 0
0.0689576 0.44828 0.482763
0.933333 0.0666671 0
0.344828 0.344828 0.310345
0.310345 0.206897 0.482759
0.413793 0.275862 0.310345
9.98809e-05 0.9999 0
9.88587e-05 0.199983 0.799918
0.379269 0.000103226 0.620627
0.0689652 0.310345 0.62069
0.613632 0.136368 0.25
0.0689657 0.620689 0.310345
0.00010329 0.517188 0.482709
0.357145 0.392855 0.25
0.0999992 0.0666661 0.833335
0.275864 0.310342 0.413795
0.655175 0.344825 0
0.517241 0.103448 0.379311
0.586206 0.0689656 0.344828
0.379313 0.241377 0.379311
0.321474 0.285611 0.392916
0.000102637 0.655105 0.344792
0.172413 0.310343 0.517245
0.241376 0.448282 0.310341
0.44318 0.30682 0.25
0.0344827 0.37931 0.586207
0.511363 0.238637 0.25
0.266667 0.733333 0
0.24138 0.27586 0.48276
8.23249e-05 0.0999913 0.899926
0.24138 0.172413 0.586207
0.230771 0.769229 0
0.185177 0.814823 0
0.0666673 0.933333 0
0.0333185 0.033331 0.93335
0.379322 0.17241 0.448267
0.344826 0.137929 0.517245
0.103444 0.551727 0.344829
0.206894 0.344837 0.448269
0.0666655 0.166666 0.766669
0.136368 0.613632 0.25
0.0689658 0.51724 0.413795
0.233333 0.0666624 0.700004
0.551662 0.000103174 0.448235
0.533332 0.466668 0
9.23259e-05 6.73941e-05 0.99984
0.103448 0.206896 0.689655
0.481481 0.518519 0
0.137915 0.448284 0.413801
0.689584 0.000103386 0.310312
0.000100901 0.749899 0.25
0.172413 0.517242 0.310345
0.172415 0.172415 0.65517
0.238642 0.511358 0.25
9.98127e-05 0.433289 0.566611
0.103448 0.344823 0.55173
0.482758 0.0689656 0.448276
