0.586208 0.103446 0.310345
0.620692 0.034479 0.344829
0.613638 0.136362 0.25
0.518524 0.481476 0
0.733335 0.266665 0
0.103448 0.310345 0.586207
0.275862 0.37931 0.344828
0.00010221 0.749898 0.25
0.206895 0.448277 0.344828
0.81482 0.18518 0
0.269234 0.730766 0
0.600002 0.399998 0
0.344828 0.344828 0.310345
0.379311 0.103447 0.517242
0.551728 0.172409 0.275864
0.310345 0.0344827 0.655172
0.433333 0.566667 0
0.103449 0.551721 0.34483
0.0344724 0.517247 0.448281
0.566667 0.433333 0
0.344824 0.241381 0.413795
0.310342 0.689658 0
0.0344784 0.620692 0.344829
0.571372 0.000100799 0.428528
9.98495e-05 0.46662 0.53328
0.769232 0.230768 0
0.275864 0.241379 0.482757
0.0344824 0.275862 0.689655
0.233335 0.766665 0
0.482709 0.000103347 0.517188
0.642857 0.357143 0
0.103448 0.241381 0.655171
0.0666593 9.54886e-05 0.933245
0.344829 0.172413 0.482758
0.517241 0.103448 0.37931
0.0666651 0.166665 0.766669
0.206897 0.379308 0.413795
0.172412 0.137931 0.689657
0.0333331 0.966667 0
0.9 0.1 0
0.206896 0.172414 0.620691
0.275862 0.13793 0.586207
0.448276 0.24138 0.310345
0.517244 0.0344783 0.448278
0.966667 0.0333335 0
0.344828 0.0689655 0.586207
0.9999 9.99109e-05 0
0.0999988 0.2 0.700001
0.862074 0.137926 0
0.199998 0.0333324 0.766669
0.933334 0.0666656 0
0.448274 0.137931 0.413795
9.29065e-05 8.21942e-05 0.999825
0.172414 0.241378 0.586208
0.000100776 0.571372 0.428528
0.100005 0.0333343 0.86666
0.655172 0.0689667 0.275862
0.466675 0.533325 0
0.0333334 0.133334 0.833333
0.321426 0.428574 0.25
0.357143 0.642857 0
0.275833 0.00010343 0.724064
0.511363 0.238637 0.25
0.172414 0.310345 0.517241
0.192305 0.807695 0
0.137931 0.482758 0.379311
0.241377 0.48276 0.275863
0.379272 0.000103303 0.620625
0.689584 0.000103414 0.310313
0.399997 0.600003 0
0.166653 9.99905e-05 0.833247
0.137927 0.379312 0.482761
0.413794 0.206896 0.379311
0.142852 0.857148 0
0.000103395 0.344792 0.655105
0.0689589 0.379313 0.551728
0.448276 0.0689645 0.482759
0.482763 0.172407 0.34483
0.100001 0.433347 0.466652
0.0999998 0.9 0
0.0666664 0.933334 0
0.413795 0.0344778 0.551727
0.000103372 0.689584 0.310313
0.241385 0.310341 0.448274
0.137931 0.103447 0.758622
0.136366 0.613634 0.25
0.310345 0.310345 0.37931
0.428573 0.321427 0.25
0.241379 0.0689616 0.689659
0.692317 0.307683 0
0.379305 0.275865 0.34483
0.000103423 0.41375 0.586146
0.241379 0.206897 0.551724
0.172392 0.517263 0.310345
0.000103435 0.241354 0.758543
0.204547 0.545453 0.25
9.99049e-05 0.9999 0
9.83467e-05 0.0999863 0.899915
0.0689647 0.655173 0.275862
0.749898 0.00010222 0.25
