0.133333 0.0999996 0.766667
0.600004 0.399996 0
0.137931 0.275862 0.586207
0.30682 0.44318 0.25
0.0333332 0.2 0.766667
0.413793 0.241379 0.344828
0.481482 0.518518 0
0.966665 0.0333347 0
0.100261 0.467863 0.431876
0.733334 0.266666 0
0.16665 9.97597e-05 0.83325
0.275862 0.413795 0.310343
0.192306 0.807694 0
0.551725 0.0344809 0.413794
0.172417 0.206884 0.6207
0.0344825 0.310342 0.655175
9.9876e-05 0.9999 0
0.310343 0.689657 0
0.000100425 0.535666 0.464234
0.206896 0.310346 0.482758
0.533283 9.98989e-05 0.466617
9.36427e-05 0.0999887 0.899918
0.1 0.9 0
0.0666677 0.133335 0.799997
0.586208 0.0689642 0.344828
0.24138 0.13793 0.620691
0.9999 9.98918e-05 0
0.642858 0.357142 0
0.0689654 0.413794 0.517241
0.26664 9.98991e-05 0.73326
0.241379 0.241379 0.517241
0.269229 0.730771 0
0.214281 0.39286 0.392859
0.275859 0.310346 0.413795
0.62069 0.103448 0.275862
0.448229 0.000103429 0.551667
0.241379 0.0689655 0.689655
0.102272 0.647728 0.25
0.517237 0.137928 0.344835
9.98819e-05 0.16665 0.83325
0.357143 0.642857 0
0.769231 0.230769 0
0.344828 0.172413 0.482759
0.399999 0.600001 0
0.1 0.0666656 0.833334
0.137929 0.586208 0.275863
0.233333 0.766667 0
0.413789 0.137933 0.448278
0.275862 0.172413 0.551725
9.46204e-05 9.83089e-05 0.999807
0.310343 0.241379 0.448278
0.000103437 0.448229 0.551667
0.749898 0.000101972 0.25
0.0337949 0.608354 0.357851
0.692308 0.307692 0
0.448273 0.068965 0.482762
0.137926 0.379331 0.482742
0.862072 0.137928 0
0.933334 0.0666658 0
0.0333327 0.966667 0
0.310342 0.0344826 0.655175
0.681818 0.0681817 0.25
0.37931 0.206897 0.413794
0.409093 0.340907 0.25
0.0333271 0.03333 0.933343
0.103446 0.344829 0.551726
0.357115 0.000101457 0.642784
0.0344709 0.689666 0.275863
0.000103369 0.379271 0.620625
0.433334 0.566666 0
0.0666676 0.933332 0
0.566662 0.433338 0
0.344828 0.275862 0.37931
0.241379 0.482759 0.275862
0.00010325 0.655105 0.344792
0.142857 0.857143 0
0.533333 0.466667 0
0.0999847 9.76413e-05 0.899918
0.448275 0.172414 0.379311
0.464291 0.285709 0.25
0.9 0.1 0
0.103446 0.172414 0.72414
0.814818 0.185182 0
0.34483 0.379309 0.275861
0.379311 0.0344804 0.586208
0.000102219 0.749898 0.25
0.517238 0.206898 0.275864
0.579546 0.170454 0.25
0.172414 0.137931 0.689655
0.344837 0.103447 0.551716
0.172413 0.482759 0.344828
0.379314 0.310343 0.310343
0.204549 0.545451 0.25
0.0689588 0.241381 0.68966
0.655105 0.000103433 0.344792
0.0689649 0.551725 0.379311
0.000103433 0.275833 0.724064
0.2 0.0333333 0.766667
0.310345 0.344827 0.344828
0.482758 0.103448 0.413794
