9.99721e-05 0.46661 0.53329
0.000100803 0.571379 0.42852
0.566639 9.99185e-05 0.433261
0.172414 0.103447 0.724139
0.1 0.0999999 0.8
0.285712 0.464288 0.25
0.6 0.4 0
0.642858 0.357142 0
0.034483 0.517237 0.448279
0.379312 0.206892 0.413795
0.344828 0.172412 0.48276
0.000103337 0.275832 0.724065
0.966669 0.0333309 0
0.206896 0.241382 0.551722
0.681822 0.0681785 0.25
0.0333309 0.966669 0
0.344827 0.310345 0.344828
0.103446 0.517243 0.379311
0.517243 0.103445 0.379312
0.933333 0.066667 0
0.100246 0.431932 0.467822
0.448273 0.172415 0.379312
0.170453 0.579547 0.25
0.413797 0.137923 0.44828
0.9999 9.99145e-05 0
0.310346 0.0689653 0.620689
0.241377 0.310346 0.448277
0.172414 0.344828 0.482759
0.62069 0.0689655 0.310345
0.0689649 0.172413 0.758622
0.379312 0.103445 0.517244
0.206896 0.517242 0.275862
0.433333 0.566667 0
0.0999999 0.9 0
0.466666 0.0666619 0.466672
0.399997 0.600003 0
0.310345 0.275862 0.413793
0.48148 0.51852 0
0.545455 0.204545 0.25
0.0666669 0.933333 0
0.613636 0.136364 0.25
0.103439 0.206878 0.689683
0.310346 0.137926 0.551727
0.0344823 0.689656 0.275862
0.137931 0.551724 0.310345
0.0344827 0.310345 0.655172
0.533333 0.466667 0
0.275862 0.344827 0.37931
0.310343 0.379314 0.310343
0.275862 0.24138 0.482758
0.482798 0.206881 0.310321
0.766668 0.233332 0
0.413792 0.310345 0.275862
6.35925e-05 0.0999872 0.899949
0.266666 0.0333305 0.700003
0.13793 0.275861 0.586209
0.241373 0.172417 0.58621
0.807693 0.192307 0
0.206896 0.37931 0.413793
0.9 0.1 0
0.428485 0.00010083 0.571414
0.0689639 0.586208 0.344828
0.166667 0.0333322 0.800001
0.689584 0.000103403 0.310313
0.482709 0.000103419 0.517188
0.551725 0.137929 0.310345
0.689658 0.310342 0
0.0333335 0.133334 0.833332
0.357145 0.642855 0
0.192308 0.807692 0
0.730769 0.269231 0
0.233333 0.766667 0
0.857141 0.142859 0
0.103446 0.344828 0.551726
0.00010221 0.749898 0.25
0.13332 9.95195e-05 0.866581
0.172414 0.172414 0.655173
0.0344816 0.413793 0.551725
0.0666666 0.0666665 0.866667
0.142856 0.857144 0
0.102269 0.647731 0.25
0.357142 0.392858 0.25
0.749898 0.000102246 0.25
0.269231 0.730769 0
0.000103408 0.655105 0.344792
9.96175e-05 0.9999 0
0.566667 0.433333 0
9.99833e-05 0.199981 0.79992
0.24138 0.103447 0.655173
0.586207 0.0344826 0.37931
9.53023e-05 9.69943e-05 0.999808
0.464286 0.285714 0.25
0.310344 0.689656 0
0.344792 0.000103272 0.655104
0.066654 1.80403e-05 0.933328
0.24138 0.413792 0.344828
0.172414 0.448276 0.37931
0.241353 0.000103433 0.758544
0.000103359 0.379272 0.620624
0.413793 0.241379 0.344828
