0.689657 0.310343 0
0.172414 0.206895 0.62069
0.966678 0.0333223 0
0.206896 0.310345 0.482759
0.266666 0.733334 0
0.448274 0.172414 0.379312
0.0333331 0.133335 0.833332
0.551724 0.0689655 0.37931
0.0999974 0.900003 0
9.82369e-05 9.96457e-05 0.999802
0.275862 0.0344827 0.689655
0.136361 0.613639 0.25
0.4 0.6 0
0.238635 0.511365 0.25
0.448282 0.275859 0.275859
0.517187 0.000103436 0.482709
0.9 0.1 0
0.0333299 0.0332895 0.933381
0.620689 0.0689657 0.310345
0.428523 0.000100781 0.571376
0.241356 0.000103435 0.758541
0.307692 0.692308 0
0.172401 0.448283 0.379316
0.310345 0.344827 0.344828
0.0344771 0.241381 0.724142
0.206897 0.137931 0.655173
0.0689669 0.586198 0.344835
0.321428 0.428572 0.25
0.857144 0.142856 0
0.0999901 9.88149e-05 0.899911
0.000103273 0.620626 0.379271
0.448277 0.0689629 0.48276
0.137931 0.310345 0.551724
0.433333 0.566667 0
9.99453e-05 0.49995 0.49995
0.103448 0.517241 0.37931
0.0344812 0.551725 0.413794
0.0666686 0.166667 0.766664
0.206895 0.48276 0.310345
0.600001 0.399999 0
0.172412 0.103447 0.724141
0.766667 0.233333 0
0.344828 0.172414 0.482759
0.206897 0.241378 0.551725
0.357138 0.642862 0
0.807697 0.192303 0
0.000103399 0.310313 0.689583
0.566654 0.433346 0
0.310344 0.0689656 0.62069
0.481482 0.518518 0
0.409092 0.340908 0.25
0.511362 0.238638 0.25
9.99778e-05 0.9999 0
0.0666655 0.933334 0
0.000103201 0.379271 0.620625
0.172415 0.379308 0.448276
0.689661 0.0344745 0.275864
0.613636 0.136364 0.25
0.482763 0.103441 0.413796
0.192308 0.807692 0
9.91955e-05 0.09999 0.899911
0.551717 0.172417 0.275867
0.233333 0.766667 0
0.9999 9.99484e-05 0
0.34483 0.379309 0.275861
0.73077 0.26923 0
0.413793 0.241379 0.344828
0.344792 0.000103428 0.655105
0.749898 0.000102224 0.25
0.379311 0.103448 0.517241
0.379309 0.310347 0.310344
0.413781 0.137934 0.448285
0.310345 0.137931 0.551724
0.0344819 0.655173 0.310345
0.0689655 0.344828 0.586207
0.000102234 0.749898 0.25
0.586146 0.000103429 0.413751
0.166651 9.97361e-05 0.833249
0.533331 0.466669 0
0.321418 0.285697 0.392885
0.0333337 0.966666 0
0.642858 0.357142 0
0.103447 0.379312 0.517241
0.0344787 0.413795 0.551726
0.241381 0.172412 0.586207
0.517244 0.137927 0.344829
0.103446 0.448277 0.448277
0.103447 0.206895 0.689657
0.142853 0.857147 0
0.172412 0.551725 0.275863
0.379307 0.206898 0.413795
9.98886e-05 0.19998 0.79992
0.241383 0.344826 0.413791
0.275861 0.241381 0.482757
0.103448 0.275862 0.62069
0.068182 0.681818 0.25
0.137918 0.0689589 0.793123
0.655105 0.000103402 0.344792
0.241377 0.413794 0.344828
0.933332 0.0666681 0
