0.379309 0.103448 0.517242
0.749898 0.00010216 0.25
0.137929 0.862071 0
0.96667 0.0333304 0
0.866667 0.133333 0
0.172414 0.448276 0.37931
0.344829 0.206896 0.448275
0.000103384 0.655105 0.344792
0.0666656 0.466666 0.466668
0.310346 0.275859 0.413794
0.310345 0.0689639 0.620691
0.502393 0.0669836 0.430623
0.206892 0.379312 0.413795
0.13793 0.586208 0.275862
0.433334 0.566666 0
0.137931 0.172414 0.689655
0.0999961 0.133334 0.76667
0.413793 0.310345 0.275862
0.62069 0.0689655 0.310345
0.1 0.9 0
0.413792 0.206897 0.379311
0.214287 0.535713 0.25
0.413795 0.137928 0.448278
0.241354 0.000103382 0.758543
0.9999 9.97899e-05 0
0.833332 0.166668 0
0.766667 0.233333 0
0.0689531 0.551731 0.379315
0.699997 0.0333326 0.26667
0.103447 0.344836 0.551717
0.230769 0.769231 0
0.566666 0.433334 0
0.586146 0.000103416 0.41375
0.482761 0.17241 0.344829
0.477272 0.272728 0.25
0.266667 0.733333 0
0.344793 0.000103357 0.655104
0.185185 0.814815 0
0.000103399 0.586146 0.41375
0.48148 0.51852 0
0.600006 0.399994 0
0.0666652 0.933335 0
0.172412 0.241376 0.586212
0.000103437 0.310311 0.689586
0.033334 0.966666 0
0.533333 0.466667 0
0.000100812 0.428529 0.57137
0.103449 0.482757 0.413794
0.379311 0.27586 0.344828
0.428529 0.000100818 0.57137
0.307695 0.692305 0
0.551729 0.103441 0.34483
0.9 0.1 0
0.689657 0.310343 0
0.799994 0.200006 0
0.166665 0.0333334 0.800002
0.137927 0.517243 0.344829
0.172414 0.103447 0.724139
0.647728 0.102272 0.25
0.73077 0.26923 0
0.102271 0.647729 0.25
0.517188 0.000103295 0.482709
0.933337 0.0666631 0
0.0344817 0.344828 0.62069
0.0689636 0.206897 0.724139
0.066665 0.0333327 0.900002
2.22518e-05 0.0666548 0.933323
0.310343 0.344828 0.344828
0.103446 0.275863 0.620691
0.206896 0.172414 0.62069
0.448276 0.0689655 0.482759
0.310385 0.137923 0.551693
9.99334e-05 0.9999 0
0.137931 0.379311 0.482758
0.133311 7.51907e-05 0.866613
0.517241 0.206898 0.275862
0.579542 0.170458 0.25
0.357139 0.642861 0
0.275861 0.448279 0.275861
0.448291 0.24137 0.31034
0.266705 0.0333366 0.699959
0.250002 0.428571 0.321427
0.0689656 0.620689 0.310345
0.241375 0.206898 0.551727
9.999e-05 0.233311 0.766589
0.357146 0.392854 0.25
0.4 0.6 0
0.033447 0.698976 0.267577
0.000103414 0.517188 0.482709
0.285169 0.321652 0.393179
0.655105 0.000103392 0.344792
0.206897 0.310345 0.482759
0.642859 0.357141 0
0.275862 0.241379 0.482759
0.241375 0.103449 0.655176
0.0666724 0.100009 0.833319
0.000102229 0.749898 0.25
0.0333311 0.166667 0.800002
9.31474e-05 0.133293 0.866613
8.83957e-05 7.85e-05 0.999833
