0.310344 0.206899 0.482757
0.357142 0.642858 0
0.54545 0.204549 0.25
0.199979 8.34778e-05 0.799938
0.200023 0.100011 0.699966
0.633337 0.366663 0
0.27586 0.172414 0.551726
0.166667 0.0666631 0.76667
0.647718 0.102282 0.25
0.448274 0.172415 0.379312
0.285696 0.464303 0.25
0.137923 0.517247 0.344831
0.103441 0.482763 0.413797
0.502388 0.0669873 0.430624
0.102273 0.647727 0.25
0.192309 0.807691 0
0.966671 0.0333285 0
0.241379 0.137931 0.62069
0.103448 0.586207 0.310344
0.103448 0.241379 0.655173
0.37931 0.344828 0.275862
0.310313 0.000103393 0.689584
0.206897 0.37931 0.413793
0.4 0.6 0
0.000103368 0.689584 0.310313
0.1 0.9 0
0.266666 0.733334 0
0.275862 0.344828 0.37931
0.814816 0.185184 0
0.137931 0.413793 0.448276
0.31035 0.379307 0.310342
0.769227 0.230773 0
0.0666665 0.0999998 0.833334
7.02494e-05 0.0999898 0.89994
0.379312 0.206893 0.413795
9.99861e-05 0.53328 0.46662
0.206897 0.482759 0.310345
0.0333308 0.966669 0
0.379271 0.000103363 0.620626
0.482782 0.206887 0.310331
0.43334 0.56666 0
0.307692 0.692308 0
0.899996 0.100004 0
0.655105 0.000103427 0.344792
0.000103385 0.379271 0.620626
0.730756 0.269244 0
0.137931 0.172414 0.689655
0.551724 0.137931 0.310345
0.000103435 0.586146 0.41375
0.586207 0.0689648 0.344828
0.0999946 5.01086e-05 0.899955
0.933331 0.0666694 0
0.0344825 0.62069 0.344827
0.133334 0.0333334 0.833333
0.100001 0.133331 0.766669
0.0666686 0.933331 0
0.0689648 0.551725 0.37931
0.0689627 0.448277 0.48276
0.586146 0.000103396 0.41375
0.000103429 0.275828 0.724068
8.69367e-05 9.23678e-05 0.999821
0.310339 0.275865 0.413797
0.535716 0.464284 0
0.517188 0.000103404 0.482709
0.172414 0.344826 0.48276
0.481482 0.518518 0
0.862071 0.137929 0
0.17857 0.571429 0.25
0.344832 0.0689628 0.586205
0.413791 0.24138 0.344829
0.9999 9.99728e-05 0
0.340909 0.409091 0.25
0.172414 0.206896 0.62069
9.99278e-05 0.9999 0
0.142857 0.857143 0
0.395683 0.100721 0.503596
0.0344827 0.206896 0.758621
0.34483 0.310344 0.344827
0.241378 0.413794 0.344828
0.464286 0.285714 0.25
0.413783 0.137933 0.448284
0.172403 0.448282 0.379315
0.749898 0.000102197 0.25
0.592593 0.407407 0
0.275862 0.0689653 0.655173
0.0344827 0.310345 0.655173
0.0689518 0.379434 0.551614
0.206896 0.241382 0.551722
0.103447 0.310354 0.586199
0.34482 0.13792 0.517259
0.0333324 0.0333225 0.933345
0.464237 0.00010042 0.535662
0.679999 0.320001 0
9.97848e-05 0.16665 0.83325
0.233359 0.0333346 0.733306
0.000103333 0.44823 0.551667
0.000102228 0.749897 0.25
0.233333 0.766667 0
0.689666 0.0344686 0.275866
0.24138 0.275862 0.482758
