0.192296 0.807704 0
0.0333328 0.0999994 0.866668
0.241378 0.344828 0.413794
0.137923 0.172412 0.689665
0.413795 0.310344 0.275861
0.000102212 0.749898 0.25
0.0689655 0.310345 0.62069
0.241381 0.103445 0.655173
0.413793 0.0344788 0.551728
0.615388 0.384612 0
0.749898 0.000102127 0.25
0.137929 0.241381 0.62069
0.103442 0.344829 0.551728
0.172408 0.310347 0.517245
0.586212 0.103441 0.310347
0.275862 0.206897 0.517241
0.310345 0.0344827 0.655173
0.199982 8.22334e-05 0.799935
0.37927 0.000103394 0.620626
0.344827 0.241377 0.413796
0.172412 0.551725 0.275863
0.206896 0.206896 0.586207
9.98333e-05 0.233318 0.766582
0.866667 0.133333 0
0.266667 0.733333 0
0.103443 0.551728 0.344829
0.448268 0.137933 0.413799
0.517245 0.206895 0.27586
0.566668 0.433332 0
0.413793 0.206897 0.37931
0.000103362 0.689584 0.310313
0.0335568 0.53694 0.429503
0.517241 0.103448 0.379311
0.0344821 0.379311 0.586207
0.275864 0.379306 0.34483
9.76342e-05 0.999902 0
0.238664 0.511336 0.25
0.172419 0.0689664 0.758614
0.433333 0.566667 0
0.0689635 0.655174 0.275863
5.86713e-05 0.0666565 0.933285
0.13792 0.482767 0.379314
0.310345 0.310345 0.37931
0.275866 0.448267 0.275866
0.482766 0.172404 0.34483
0.000103308 0.620625 0.379271
0.1379 0.37945 0.48265
0.666667 0.333333 0
0.000103209 0.344787 0.65511
0.0689653 0.413793 0.517242
0.655104 0.000103133 0.344793
0.100001 0.899999 0
0.357143 0.642857 0
0.1 0.033332 0.866668
0.357142 0.392858 0.25
0.433349 0.0666691 0.499982
0.647733 0.102267 0.25
0.477274 0.272725 0.25
0.379306 0.172413 0.448282
0.518519 0.481481 0
0.68966 0.0344767 0.275864
0.724143 0.275857 0
0.399997 0.600003 0
0.466667 0.533333 0
0.800001 0.199999 0
0.966668 0.0333318 0
0.0333311 0.966669 0
0.9 0.0999999 0
0.142857 0.857143 0
9.72425e-05 0.16665 0.833252
0.344827 0.0689656 0.586207
0.448272 0.241385 0.310343
0.000103291 0.448227 0.551669
0.206895 0.448276 0.344829
0.535656 0.000100388 0.464243
0.275862 0.137931 0.586207
0.172413 0.413794 0.413794
9.998e-05 0.499952 0.499948
0.833333 0.166667 0
0.0666617 5.33955e-05 0.933285
0.482709 0.000103419 0.517188
0.233334 0.766666 0
0.344827 0.344827 0.310345
0.933332 0.0666678 0
0.9999 9.95623e-05 0
0.0666682 0.933332 0
0.766667 0.233333 0
0.579538 0.170462 0.25
0.103445 0.103445 0.79311
0.379312 0.275859 0.344829
9.88979e-05 6.98079e-05 0.999831
0.136364 0.613636 0.25
0.307695 0.692305 0
0.0689652 0.206896 0.724139
0.344828 0.13793 0.517242
0.24138 0.275863 0.482757
0.586218 0.0344726 0.37931
0.0344817 0.275854 0.689665
0.275832 0.000103437 0.724065
0.103445 0.448273 0.448282
