0.655172 0.344828 0
0.749898 0.000102256 0.25
0.551726 0.0344796 0.413794
0.379312 0.172412 0.448276
0.579542 0.170458 0.25
0.0689647 0.551725 0.37931
0.344828 0.13793 0.517242
0.275862 0.448275 0.275862
9.99059e-05 0.9999 0
0.413793 0.275862 0.310345
0.275863 0.172408 0.551729
0.269231 0.730769 0
0.275858 0.379312 0.344829
0.0333308 0.966669 0
0.733336 0.266664 0
0.000103433 0.413751 0.586146
0.517238 0.137932 0.34483
0.310346 0.689654 0
0.0666643 0.933336 0
0.103449 0.275863 0.620689
0.586207 0.068965 0.344828
0.238653 0.511347 0.25
0.102274 0.647726 0.25
0.310353 0.275859 0.413788
0.357143 0.392857 0.25
0.142856 0.857144 0
0.0689653 0.62069 0.310345
0.482766 0.241376 0.275858
0.0344815 0.34483 0.620689
0.000103376 0.689584 0.310313
0.620625 0.000103416 0.379271
0.241379 0.310346 0.448275
0.344792 0.000103373 0.655104
0.172414 0.310345 0.517241
0.681818 0.0681821 0.25
0.0689653 0.137929 0.793106
0.467868 0.100264 0.431868
9.95483e-05 8.33122e-05 0.999817
0.4 0.6 0
0.413793 0.0689655 0.517241
0.0333324 0.0999991 0.866668
9.40248e-05 0.0666594 0.933247
0.100001 0.066667 0.833332
0.0666578 9.56346e-05 0.933247
9.95335e-05 0.166651 0.83325
0.37931 0.344828 0.275862
0.344827 0.310345 0.344828
0.857143 0.142857 0
0.137925 0.379338 0.482738
0.448229 0.000103374 0.551668
0.206893 0.379312 0.413794
0.000103423 0.620625 0.379271
0.206897 0.137931 0.655172
0.206865 0.000103266 0.793032
0.0999996 0.9 0
0.0344761 0.517245 0.448279
0.518519 0.481481 0
0.545452 0.204548 0.25
0.699999 0.300001 0
0.133315 9.65197e-05 0.866588
0.766672 0.233328 0
0.499951 9.98961e-05 0.499949
9.9872e-05 0.233311 0.766589
0.103448 0.344823 0.551729
0.466666 0.533334 0
0.0666593 0.233335 0.700006
0.241379 0.0689639 0.689658
9.95338e-05 0.499952 0.499949
0.443181 0.306819 0.25
0.233327 0.766673 0
0.172418 0.551714 0.275868
0.137931 0.206896 0.655173
0.310345 0.206897 0.482759
0.9999 9.99037e-05 0
0.37931 0.241379 0.37931
0.100264 0.467869 0.431867
0.103444 0.17241 0.724146
0.566663 0.433337 0
0.137925 0.517245 0.34483
0.379313 0.0344771 0.58621
0.00010329 0.310313 0.689584
0.62069 0.103448 0.275862
0.966664 0.0333358 0
0.310346 0.103444 0.58621
0.433335 0.566665 0
0.24138 0.241378 0.517242
0.206898 0.448272 0.34483
0.807694 0.192306 0
0.607139 0.392861 0
0.933333 0.0666666 0
0.192307 0.807693 0
0.357143 0.642857 0
0.275833 0.000103423 0.724064
0.0689649 0.413793 0.517242
0.448269 0.206899 0.344832
0.206897 0.206896 0.586207
0.899996 0.100004 0
0.689584 0.000103422 0.310313
0.000102166 0.749898 0.25
0.166666 0.0999989 0.733335
