0.357143 0.392857 0.25
0.310345 0.310345 0.37931
0.344825 0.172412 0.482763
9.1534e-05 9.89926e-05 0.999809
0.0689626 0.655185 0.275853
9.99685e-05 0.9999 0
0.0344828 0.413792 0.551725
0.185185 0.814815 0
0.206897 0.206897 0.586207
0.517248 0.206905 0.275846
0.310342 0.137927 0.55173
0.749898 0.000102156 0.25
0.0999996 0.0666669 0.833333
0.566665 0.433335 0
0.275862 0.206897 0.517241
0.0666674 0.933333 0
0.344825 0.24138 0.413795
0.599998 0.400002 0
0.249999 0.500001 0.25
0.477275 0.272725 0.25
0.000102236 0.749898 0.25
0.000103429 0.482709 0.517187
0.857144 0.142856 0
0.633333 0.366667 0
0.137917 0.241384 0.620699
0.344792 0.000103392 0.655105
0.068964 0.275863 0.655173
0.206891 0.448279 0.34483
0.103449 0.517238 0.379313
0.482757 0.172414 0.344829
0.206897 0.103448 0.689655
0.551726 0.103445 0.344829
0.172413 0.413794 0.413794
9.99879e-05 0.166652 0.833248
0.172419 0.55171 0.275871
0.579538 0.170462 0.25
0.379311 0.275861 0.344828
0.000103408 0.310312 0.689584
0.241354 0.000103428 0.758542
0.0666588 9.94568e-05 0.933242
0.586207 0.0344826 0.37931
0.655105 0.000103437 0.344792
9.99618e-05 0.233312 0.766588
0.933333 0.0666672 0
9.94001e-05 0.0666588 0.933242
0.103445 0.413792 0.482763
0.807695 0.192305 0
0.0999998 0.9 0
0.000100829 0.571363 0.428536
0.413793 0.310345 0.275862
0.518521 0.481479 0
0.344828 0.344828 0.310345
0.9 0.1 0
0.62069 0.0689655 0.310345
0.206894 0.344835 0.448271
0.4 0.6 0
0.730768 0.269232 0
0.413789 0.137932 0.448279
0.448277 0.0344804 0.517242
0.206897 0.275861 0.517242
0.266666 0.733334 0
0.966668 0.0333324 0
0.466669 0.533331 0
0.0333329 0.966667 0
0.9999 9.97393e-05 0
0.000103406 0.379271 0.620625
0.137925 0.34483 0.517245
0.241379 0.379311 0.379311
0.68 0.32 0
0.133319 9.66936e-05 0.866584
0.535661 0.000100347 0.464238
0.103448 0.13793 0.758622
0.137931 0.862069 0
0.000103412 0.689584 0.310313
0.344828 0.0689646 0.586207
0.03448 0.620691 0.344829
0.46787 0.100257 0.431873
0.172394 0.0344782 0.793128
0.448277 0.241379 0.310344
0.413793 0.206897 0.37931
0.275862 0.413793 0.310345
0.428528 0.0001008 0.571371
0.0666681 0.466666 0.466666
0.647731 0.102269 0.25
0.699722 0.0333639 0.266914
0.0689646 0.206894 0.724142
0.275862 0.103447 0.62069
0.433334 0.566666 0
0.103448 0.310345 0.586207
0.275862 0.275862 0.448276
0.10345 0.5862 0.31035
0.766669 0.233331 0
0.230768 0.769232 0
0.357139 0.642861 0
0.37931 0.103448 0.517241
0.0333333 0.0999999 0.866667
0.172414 0.172414 0.655172
0.136366 0.613634 0.25
0.307695 0.692305 0
0.275863 0.0344778 0.689659
