0.642854 0.357146 0
0.566616 9.99822e-05 0.433284
0.000103234 0.310311 0.689585
0.137932 0.517237 0.344831
0.482758 0.0344822 0.482759
0.00010327 0.586146 0.41375
0.241385 0.172412 0.586202
0.172405 0.44828 0.379315
0.482759 0.172414 0.344828
0.357141 0.642859 0
0.275863 0.310343 0.413794
0.413791 0.24138 0.344829
0.310338 0.344831 0.344831
0.433333 0.566667 0
0.448285 0.275858 0.275858
0.399997 0.600003 0
0.0344745 0.34483 0.620696
0.466667 0.533333 0
0.344825 0.379315 0.27586
0.3798 0.0344555 0.585745
0.517241 0.0689655 0.413793
0.100001 0.0666671 0.833332
9.98173e-05 0.06666 0.93324
0.857148 0.142852 0
0.24138 0.413792 0.344828
0.206896 0.13793 0.655174
5.33084e-05 9.78764e-05 0.999849
0.233335 0.766665 0
0.275861 0.206897 0.517242
0.6 0.4 0
0.566663 0.433337 0
0.344857 0.137925 0.517218
0.172411 0.103446 0.724143
0.655172 0.0689656 0.275862
0.00010331 0.413749 0.586148
0.620691 0.0344812 0.344828
0.31035 0.68965 0
0.142854 0.857146 0
0.13332 9.95371e-05 0.866581
0.933334 0.0666658 0
0.241379 0.482759 0.275862
0.0689637 0.413794 0.517242
0.0333315 0.966669 0
0.518518 0.481482 0
0.000103377 0.689584 0.310313
0.321428 0.428572 0.25
0.551725 0.103447 0.344828
0.192303 0.807697 0
0.0666382 9.02971e-05 0.933272
0.0344801 0.620691 0.344829
0.166666 0.0333303 0.800004
0.103444 0.344814 0.551741
0.730769 0.269231 0
0.448286 0.137911 0.413803
9.99916e-05 0.166654 0.833246
0.100001 0.899999 0
0.137931 0.172407 0.689662
0.966668 0.0333319 0
0.344792 0.000103135 0.655105
0.344828 0.275857 0.379315
0.000101839 0.749898 0.25
9.97644e-05 0.9999 0
0.613638 0.136362 0.25
0.749898 0.000102258 0.25
9.97864e-05 0.233312 0.766588
0.9999 9.98681e-05 0
0.689655 0.310345 0
0.689584 0.000103411 0.310313
9.9946e-05 0.49995 0.49995
0.551725 0.172413 0.275862
0.0689649 0.275862 0.655174
0.431729 0.100284 0.467987
0.102272 0.647728 0.25
0.807694 0.192306 0
0.100002 0.133337 0.766661
0.0689615 0.551723 0.379315
0.76668 0.23332 0
0.310345 0.103446 0.58621
0.137932 0.586205 0.275863
0.200127 0.399619 0.400253
0.275856 0.0344824 0.689662
0.379316 0.310341 0.310343
0.511332 0.238668 0.25
0.899998 0.100002 0
0.206895 0.344827 0.448278
0.0333332 0.0999999 0.866667
0.0689641 0.206893 0.724143
0.241358 0.000103401 0.758539
0.206896 0.275862 0.517241
0.310343 0.241379 0.448278
0.137913 0.379391 0.482696
0.379307 0.206898 0.413796
0.40909 0.34091 0.25
0.172414 0.206893 0.620692
0.269228 0.730772 0
0.103443 0.448279 0.448278
0.464232 0.000100289 0.535668
0.0666565 0.933344 0
0.137931 0.275862 0.586207
0.204552 0.545448 0.25
