0.448275 0.275863 0.275862
0.39286 0.60714 0
0.0666674 0.0666674 0.866665
0.275865 0.448269 0.275865
0.3 0.7 0
0.103448 0.24138 0.655172
0.137931 0.172413 0.689656
0.033332 0.966668 0
0.133333 0.0666668 0.8
0.607141 0.392859 0
0.0689584 0.655177 0.275864
0.749898 0.000102043 0.25
0.23333 0.76667 0
0.206896 0.206897 0.586207
0.379317 0.310341 0.310342
0.142854 0.857146 0
0.37931 0.206896 0.413795
0.413793 0.137931 0.448276
0.238642 0.511358 0.25
0.137928 0.275863 0.586209
0.06666 9.81168e-05 0.933242
0.862071 0.137929 0
0.0689649 0.206895 0.72414
0.344828 0.655172 0
0.000103414 0.655104 0.344792
0.0689643 0.586208 0.344828
0.206897 0.275862 0.517241
0.103448 0.517241 0.37931
0.275852 0.0689666 0.655182
0.482765 0.103437 0.413798
0.137929 0.344829 0.517243
0.0666651 0.933335 0
0.0689655 0.344828 0.586207
8.71113e-05 0.0666564 0.933256
0.344837 0.0344807 0.620682
0.647739 0.102261 0.25
0.466666 0.533334 0
9.69512e-05 0.133319 0.866584
0.103446 0.413794 0.48276
0.689656 0.0344812 0.275863
0.24138 0.137927 0.620693
0.206893 0.413795 0.379312
0.100001 0.899999 0
0.518521 0.481479 0
0.172413 0.103447 0.72414
0.428528 0.00010052 0.571371
0.310313 0.000103412 0.689584
0.48279 0.206883 0.310326
0.586212 0.0344746 0.379314
0.206872 0.000103362 0.793025
0.814818 0.185182 0
0.551714 0.103451 0.344836
0.413786 0.241382 0.344832
0.000103303 0.310313 0.689584
0.275862 0.206897 0.517242
0.433333 0.566667 0
0.379312 0.103445 0.517243
0.357143 0.392857 0.25
0.655104 0.000103435 0.344792
0.7 0.3 0
0.933334 0.0666664 0
0.566667 0.433333 0
0.0344791 0.413813 0.551708
0.172412 0.379312 0.448276
0.137927 0.448278 0.413795
0.899997 0.100003 0
0.966667 0.0333328 0
0.00010338 0.379271 0.620625
0.285715 0.357144 0.357141
0.266667 0.733333 0
9.99818e-05 0.233315 0.766585
0.0999998 0.133333 0.766667
0.000100723 0.571375 0.428525
0.535662 0.000100361 0.464238
0.310351 0.137913 0.551736
0.133317 9.55105e-05 0.866587
0.344827 0.172414 0.482759
0.000101907 0.749898 0.25
0.172415 0.482754 0.34483
0.769237 0.230763 0
0.241378 0.310348 0.448274
0.54544 0.20456 0.25
0.58621 0.137926 0.275864
9.24289e-05 9.70813e-05 0.99981
0.465411 0.0334102 0.501178
0.310347 0.241373 0.448279
0.655171 0.344829 0
0.733329 0.266671 0
0.9999 9.9869e-05 0
0.233332 0.0333301 0.733338
9.98444e-05 0.9999 0
0.172414 0.551723 0.275863
0.428572 0.321428 0.25
0.136366 0.613634 0.25
0.000103309 0.482709 0.517188
0.344833 0.27585 0.379316
0.0689541 0.482765 0.448281
0.192306 0.807694 0
0.448282 0.172402 0.379316
0.0333334 0.166667 0.8
