0.814815 0.185185 0
0.586204 0.137933 0.275863
0.399994 0.600006 0
0.433346 0.566654 0
9.97501e-05 0.0999918 0.899908
0.192306 0.807694 0
0.0999995 0.900001 0
0.0666602 9.57857e-05 0.933244
0.0344822 0.689656 0.275862
0.00010341 0.379271 0.620625
0.620694 0.0689645 0.310341
0.307687 0.692313 0
0.20455 0.54545 0.25
0.48148 0.51852 0
0.199981 9.98086e-05 0.799919
0.310338 0.379323 0.310338
0.0666678 0.166679 0.766653
0.103435 0.448282 0.448284
0.344822 0.0344836 0.620694
0.275865 0.206888 0.517247
0.933334 0.0666657 0
0.103448 0.551724 0.344828
0.102273 0.647727 0.25
0.448284 0.241376 0.31034
0.0333325 0.966667 0
0.535714 0.214286 0.25
0.068959 0.275868 0.655173
0.899999 0.100001 0
0.000102704 0.310313 0.689584
0.13793 0.241379 0.62069
0.266667 0.733333 0
0.769215 0.230785 0
0.615393 0.384607 0
0.13793 0.586209 0.275861
0.49995 9.98741e-05 0.49995
0.000103327 0.241348 0.758549
0.275858 0.34483 0.379313
0.133314 2.92894e-05 0.866656
0.13793 0.137931 0.724139
0.9999 9.99005e-05 0
0.448282 0.13792 0.413799
0.39286 0.35714 0.25
0.966666 0.0333335 0
0.000103025 0.655105 0.344792
0.379311 0.0689636 0.551725
0.0666665 0.0666668 0.866667
0.699415 0.0333956 0.26719
9.97947e-05 0.49995 0.49995
0.48276 0.172412 0.344828
0.517253 0.0689452 0.413802
0.206893 0.482761 0.310346
7.41406e-05 0.16665 0.833276
0.428583 0.285708 0.28571
0.103447 0.206897 0.689656
0.100001 0.100002 0.799997
0.233329 0.766671 0
0.749898 0.00010203 0.25
0.724138 0.275862 0
0.55173 0.10344 0.344831
0.241376 0.413797 0.344827
0.137931 0.37931 0.482759
0.551668 0.000103243 0.448229
0.533333 0.466667 0
0.0666769 0.933323 0
0.206897 0.241376 0.551726
0.206894 0.344834 0.448271
0.862075 0.137925 0
0.24138 0.0344787 0.724141
0.655105 0.000103238 0.344792
0.172415 0.413789 0.413796
0.310313 0.000102992 0.689584
0.413793 0.206897 0.37931
0.206899 0.172407 0.620694
9.8409e-05 9.84973e-05 0.999803
0.58621 0.0344778 0.379312
0.172414 0.310345 0.517241
0.310346 0.137928 0.551726
0.000102082 0.749898 0.25
0.275862 0.275863 0.448276
0.14286 0.85714 0
0.000102898 0.551667 0.44823
0.241379 0.103448 0.655173
0.357143 0.642857 0
0.34483 0.241374 0.413796
0.166676 0.0666705 0.766653
0.068957 0.517247 0.413796
9.87197e-05 0.999901 0
0.566674 0.433326 0
0.344828 0.172414 0.482759
0.0344823 0.586207 0.37931
0.647738 0.102262 0.25
0.344816 0.31035 0.344834
0.44828 0.0344732 0.517246
0.103447 0.344828 0.551725
0.137923 0.482763 0.379314
0.28571 0.46429 0.25
0.413744 0.000103391 0.586153
0.431846 0.100262 0.467892
0.0336483 0.427936 0.538415
0.666667 0.333333 0
