0.37931 0.275862 0.344828
0.517247 0.137922 0.344831
0.241381 0.06896 0.689659
0.857143 0.142857 0
0.392858 0.607142 0
0.241379 0.241379 0.517241
0.000103433 0.344792 0.655104
0.551724 0.0689655 0.37931
0.379271 0.000103429 0.620625
0.103448 0.310345 0.586207
0.000103383 0.551667 0.44823
0.137932 0.448273 0.413795
0.133321 9.99256e-05 0.866579
0.511355 0.238645 0.25
0.000103406 0.689584 0.310313
0.48276 0.103445 0.413795
0.466668 0.533332 0
0.714286 0.285714 0
0.27586 0.379312 0.344829
0.241381 0.344822 0.413796
0.172409 0.379313 0.448279
0.31035 0.172413 0.517238
0.166672 0.133332 0.699996
0.655175 0.068962 0.275863
0.766665 0.233335 0
0.807694 0.192306 0
0.586146 0.00010324 0.41375
0.185183 0.814817 0
0.344827 0.0689648 0.586208
0.0999984 0.0666669 0.833335
0.933334 0.066666 0
0.344828 0.655172 0
0.0689659 0.482756 0.448278
0.0666659 0.933334 0
0.607141 0.392859 0
0.413795 0.137927 0.448278
0.749898 0.000102248 0.25
0.448267 0.241383 0.31035
0.310345 0.0344827 0.655172
0.689584 0.000103409 0.310313
0.000102253 0.749898 0.25
0.566665 0.433335 0
0.551731 0.172405 0.275864
0.275862 0.275862 0.448276
0.102273 0.647727 0.25
0.379311 0.103446 0.517242
0.137932 0.586204 0.275864
0.214286 0.535714 0.25
0.0999992 0.900001 0
9.99605e-05 0.23331 0.76659
0.966666 0.0333337 0
0.613636 0.136364 0.25
0.13793 0.86207 0
0.199979 9.50899e-05 0.799926
0.3 0.7 0
0.0689637 0.586208 0.344828
0.448277 0.172411 0.379312
0.0344822 0.275862 0.689656
0.103431 0.517251 0.379318
0.428571 0.321429 0.25
0.172414 0.482759 0.344828
0.413791 0.0344829 0.551726
0.448288 0.0689406 0.482771
0.0333332 0.966667 0
0.517241 0.0344828 0.448276
0.000103434 0.620625 0.379271
0.518518 0.481482 0
0.275833 0.000103434 0.724063
0.433333 0.566667 0
0.620694 0.0344755 0.34483
0.103449 0.413791 0.482761
0.65517 0.34483 0
0.1 0.133333 0.766666
0.206893 0.172413 0.620694
9.98759e-05 0.9999 0
0.0666529 9.94576e-05 0.933248
0.000100374 0.464249 0.535651
0.166667 0.0666666 0.766666
0.137931 0.206897 0.655173
0.137931 0.344828 0.517241
0.23077 0.76923 0
0.206896 0.310345 0.482759
0.9 0.0999999 0
0.266667 0.733333 0
0.241379 0.448278 0.310344
0.482709 0.000103347 0.517188
9.07416e-05 9.09305e-05 0.999818
0.357148 0.214277 0.428575
0.275871 0.137929 0.5862
0.0344761 0.379429 0.586094
0.9999 9.99308e-05 0
9.27586e-05 0.0666596 0.933248
0.172412 0.275862 0.551726
0.310345 0.310345 0.37931
0.344828 0.344828 0.310345
0.321429 0.428571 0.25
9.98645e-05 0.166651 0.833249
0.0689654 0.206896 0.724138
0.0333333 0.1 0.866667
0.206897 0.413792 0.379311
