0.172414 0.172414 0.655172
0.103446 0.517243 0.379311
0.166667 0.0666666 0.766667
0.433333 0.566667 0
0.807698 0.192302 0
0.206898 0.448273 0.34483
0.689655 0.310345 0
0.518519 0.481481 0
0.103447 0.379321 0.517232
9.98684e-05 0.23331 0.76659
0.0344576 0.689673 0.275869
0.344829 0.0689607 0.58621
0.310345 0.13793 0.551725
0.42853 0.000100823 0.571369
0.000103428 0.344792 0.655105
0.310344 0.344828 0.344828
0.000100341 0.464238 0.535662
9.99318e-05 0.9999 0
0.0666677 0.933332 0
0.100005 0.899995 0
0.933334 0.0666661 0
0.344828 0.172414 0.482759
0.766667 0.233333 0
0.551725 0.0689645 0.379311
0.344842 0.241374 0.413784
0.000103244 0.655105 0.344792
0.275862 0.310345 0.413793
0.275862 0.413793 0.310345
0.448291 0.241373 0.310336
0.9999 9.9942e-05 0
0.517187 0.000103432 0.482709
0.482759 0.172413 0.344828
0.344827 0.655173 0
0.0689622 0.206886 0.724152
0.357143 0.392857 0.25
0.275862 0.0344822 0.689656
0.24135 0.000103347 0.758546
0.0999991 0.0999991 0.800002
0.206896 0.241379 0.551725
0.448276 0.0689649 0.482759
0.0666692 0.0666692 0.866662
0.0999889 9.93802e-05 0.899912
0.413793 0.13793 0.448276
0.482762 0.103443 0.413796
0.266667 0.733333 0
0.689584 0.000103429 0.310313
0.749898 0.000102252 0.25
0.275861 0.103445 0.620694
0.241375 0.379312 0.379312
0.620692 0.0344795 0.344829
0.344792 0.000103372 0.655105
0.857142 0.142858 0
0.206897 0.103448 0.689655
0.64773 0.10227 0.25
0.137931 0.241378 0.620691
0.102275 0.647725 0.25
0.142852 0.857148 0
0.170454 0.579546 0.25
0.642861 0.357139 0
0.233333 0.766667 0
0.300001 0.699999 0
0.206895 0.344828 0.448277
0.000102191 0.749898 0.25
0.477273 0.272727 0.25
0.133337 0.433335 0.433328
0.566666 0.433334 0
0.96667 0.0333302 0
0.730769 0.269231 0
9.74633e-05 9.71729e-05 0.999805
0.192302 0.807698 0
0.586146 0.000103432 0.41375
0.0689565 0.586213 0.344831
9.95017e-05 0.0999888 0.899912
0.13793 0.551725 0.310345
0.137932 0.310343 0.551725
0.413793 0.206897 0.37931
0.133336 0.133336 0.733329
0.466666 0.533334 0
0.579546 0.170454 0.25
0.000100777 0.571373 0.428526
0.0333337 0.966666 0
0.379312 0.103445 0.517243
0.392859 0.607141 0
0.241379 0.275862 0.482758
0.413793 0.310345 0.275862
0.0689586 0.310347 0.620694
0.0333299 0.0333299 0.93334
0.166654 9.98647e-05 0.833246
0.899999 0.100001 0
0.551738 0.137927 0.310335
9.99843e-05 0.166654 0.833246
0.033407 0.501171 0.465422
0.517242 0.206896 0.275862
0.275862 0.206896 0.517242
0.25 0.5 0.25
0.600008 0.399992 0
0.0344798 0.275863 0.689657
0.379311 0.27586 0.344829
0.0344827 0.37931 0.586207
0.24138 0.172411 0.586209
