0.448276 0.137931 0.413793
0.13793 0.275862 0.586207
0.192304 0.807696 0
0.206898 0.379308 0.413794
0.133318 9.9245e-05 0.866583
0.607142 0.392858 0
0.1 0.9 0
0.000103428 0.310312 0.689584
0.000103362 0.206874 0.793022
0.655105 0.000103423 0.344792
0.172414 0.448275 0.379311
0.769232 0.230768 0
0.344823 0.137932 0.517245
0.0333309 0.966669 0
0.344793 0.000103194 0.655104
0.137929 0.0689647 0.793106
0.482761 0.17241 0.344829
0.310345 0.413794 0.275862
0.566666 0.433334 0
0.206897 0.206897 0.586207
0.000103398 0.689584 0.310313
0.275861 0.172414 0.551725
0.46425 0.000100396 0.53565
0.9999 9.97997e-05 0
0.571367 0.000100808 0.428532
0.0669834 0.502397 0.430619
0.068962 0.586209 0.344829
0.000103395 0.448229 0.551667
0.0666647 0.933335 0
0.511356 0.238644 0.25
9.47565e-05 0.0999702 0.899935
0.62069 0.0689655 0.310345
0.24138 0.0344809 0.724139
0.533332 0.466668 0
0.103449 0.344825 0.551726
0.862075 0.137925 0
0.269233 0.730767 0
0.310344 0.689656 0
0.344828 0.344828 0.310345
0.392856 0.357144 0.25
0.0689655 0.413793 0.517241
0.448277 0.275861 0.275863
0.814816 0.185184 0
0.266639 9.47442e-05 0.733266
0.137924 0.379343 0.482733
0.0689601 0.310347 0.620693
0.699999 0.300001 0
0.206897 0.51724 0.275863
0.0666662 0.0666662 0.866668
0.24138 0.137929 0.620691
0.4 0.6 0
0.37931 0.275862 0.344828
0.170457 0.579543 0.25
0.310345 0.0689655 0.62069
0.379311 0.172413 0.448276
0.103444 0.448278 0.448278
0.241382 0.310344 0.448275
0.433336 0.566664 0
0.481482 0.518518 0
0.613636 0.136364 0.25
0.103448 0.62069 0.275862
0.0333286 0.133337 0.833335
0.241379 0.241379 0.517241
0.249304 0.394551 0.356145
0.19998 9.55818e-05 0.799924
0.551727 0.17241 0.275863
0.344828 0.241378 0.413794
0.310345 0.310345 0.37931
0.357144 0.642856 0
0.000103433 0.379271 0.620625
0.0666563 9.99402e-05 0.933244
0.310357 0.206889 0.482754
9.99833e-05 0.9999 0
0.285713 0.464287 0.25
9.98839e-05 0.53328 0.466621
0.655172 0.344828 0
0.551723 0.103449 0.344828
0.206897 0.103448 0.689655
0.413793 0.206897 0.37931
0.103448 0.206897 0.689656
0.413799 0.103435 0.482766
0.749898 0.000102167 0.25
0.00010225 0.749898 0.25
0.689663 0.0344715 0.275865
0.103435 0.137914 0.758652
0.733333 0.266667 0
0.000103431 0.620625 0.379271
0.933334 0.0666664 0
0.137929 0.517243 0.344829
0.0344763 0.241381 0.724143
0.9 0.1 0
0.966667 0.0333327 0
0.233331 0.766669 0
9.87203e-05 9.26601e-05 0.999809
0.0681843 0.681816 0.25
0.172414 0.310344 0.517242
0.37938 0.0344789 0.586141
0.172413 0.172413 0.655173
0.142857 0.857143 0
0.501195 0.0334114 0.465394
