0.275862 0.413793 0.310345
0.413793 0.0689655 0.517241
0.0666647 0.933335 0
0.482759 0.0344828 0.482758
0.613637 0.136363 0.25
0.310344 0.344828 0.344828
0.899999 0.100001 0
0.000100192 0.535649 0.464251
0.2 0.0333334 0.766667
0.344831 0.103444 0.551725
0.966667 0.033333 0
0.206897 0.448275 0.344828
0.310345 0.068965 0.62069
0.034478 0.448278 0.517244
0.511364 0.238636 0.25
0.000103325 0.37927 0.620626
0.269235 0.730765 0
0.730769 0.269231 0
0.275832 0.000103429 0.724064
0.379309 0.310347 0.310344
0.533332 0.466668 0
0.206881 0.344834 0.448285
0.0333328 0.966667 0
9.9948e-05 0.199986 0.799914
9.75998e-05 0.0666537 0.933249
0.379311 0.172412 0.448277
0.620688 0.0689658 0.310346
0.100001 0.899999 0
0.481479 0.518521 0
0.166648 9.63428e-05 0.833255
0.241379 0.137931 0.62069
0.448277 0.103446 0.448277
0.137931 0.55172 0.310349
0.448271 0.172415 0.379314
0.206897 0.517241 0.275862
0.285714 0.464286 0.25
0.586208 0.0344808 0.379311
0.766667 0.233333 0
0.192306 0.807694 0
0.320001 0.679999 0
0.172411 0.413787 0.413802
0.4 0.6 0
0.000103411 0.620625 0.379271
0.206897 0.103447 0.689656
0.0666534 9.79428e-05 0.933249
0.241379 0.241379 0.517241
0.068965 0.344828 0.586207
0.000103427 0.689584 0.310313
0.137931 0.206896 0.655173
0.551772 0.172395 0.275833
0.379312 0.0344792 0.586209
0.68 0.32 0
9.97592e-05 0.9999 0
0.172411 0.310346 0.517243
0.137931 0.137931 0.724138
0.103447 0.517242 0.379311
0.551667 0.000103377 0.44823
0.0689489 0.586217 0.344834
0.689655 0.0344828 0.275863
9.78431e-05 9.40702e-05 0.999808
0.633335 0.366665 0
0.517242 0.137931 0.344828
0.066667 0.1 0.833333
0.133334 0.066666 0.8
0.366666 0.633334 0
0.206897 0.206897 0.586207
0.566667 0.433333 0
0.0344775 0.241381 0.724142
0.103437 0.379376 0.517187
0.807693 0.192307 0
0.482757 0.206897 0.310346
0.344828 0.37931 0.275862
0.102274 0.647726 0.25
0.433334 0.566666 0
9.83611e-05 0.13332 0.866581
0.0999941 0.0333324 0.866673
0.142855 0.857145 0
0.655105 0.000103399 0.344792
0.357147 0.24999 0.392863
0.103449 0.275858 0.620693
0.103447 0.448277 0.448277
0.000103393 0.310311 0.689585
0.310344 0.172415 0.517241
0.241381 0.379306 0.379313
0.857143 0.142857 0
0.933333 0.0666666 0
0.600002 0.399998 0
0.517246 0.0689519 0.413802
0.275862 0.275862 0.448276
0.344791 0.000103261 0.655106
0.170449 0.579551 0.25
0.448275 0.275862 0.275862
0.9999 9.95566e-05 0
0.233331 0.766669 0
0.000100766 0.42854 0.57136
0.0666667 0.166667 0.766667
0.409091 0.340909 0.25
0.749898 0.000102149 0.25
0.44823 0.000103375 0.551667
0.000102082 0.749898 0.25
