9.95479e-05 0.43327 0.56663
0.482757 0.172414 0.344829
0.613635 0.136365 0.25
0.533332 0.466668 0
0.166651 9.98699e-05 0.833249
0.103445 0.586208 0.310346
0.172414 0.206895 0.620691
0.499944 9.91257e-05 0.499957
0.766668 0.233332 0
0.517244 0.206895 0.275861
0.733335 0.266665 0
0.066665 0.133334 0.800001
0.310345 0.206897 0.482758
0.477273 0.272727 0.25
0.620625 0.000103372 0.379271
0.310345 0.0344822 0.655173
0.000103424 0.620625 0.379271
0.857143 0.142857 0
0.344827 0.379311 0.275862
9.88192e-05 0.166652 0.833249
0.0689611 0.24138 0.689659
0.379315 0.310342 0.310343
0.0666595 9.87502e-05 0.933242
0.199997 0.0333267 0.766676
0.448277 0.13793 0.413794
0.275832 0.000103092 0.724065
0.320002 0.679998 0
0.241377 0.379311 0.379311
0.103446 0.17241 0.724144
0.689584 0.000103306 0.310313
0.517239 0.103449 0.379312
0.357146 0.25 0.392855
0.34483 0.13793 0.517239
0.230773 0.769227 0
0.749898 0.000102255 0.25
0.204547 0.545453 0.25
0.933332 0.0666678 0
0.607148 0.392852 0
0.0689607 0.551727 0.379312
0.137932 0.413791 0.448277
0.0001034 0.689584 0.310313
0.241376 0.275863 0.48276
0.185177 0.814823 0
0.310337 0.344831 0.344831
0.136356 0.613644 0.25
9.89409e-05 0.999901 0
0.166667 0.100003 0.73333
0.000102016 0.749898 0.25
0.137931 0.862069 0
0.275862 0.413794 0.310344
0.241374 0.0689651 0.689661
0.0333328 0.199991 0.766676
0.366662 0.633338 0
0.807694 0.192306 0
0.37931 0.172415 0.448275
0.133333 0.0666655 0.800002
0.413794 0.103446 0.48276
0.433332 0.566668 0
0.566669 0.433331 0
0.481482 0.518518 0
0.0333337 0.966666 0
0.55171 0.0344839 0.413807
0.0999936 0.0333291 0.866677
0.285708 0.464292 0.25
0.655173 0.0689644 0.275862
0.103447 0.379314 0.517239
0.000100305 0.535655 0.464244
9.86726e-05 9.36553e-05 0.999808
0.275863 0.17241 0.551726
0.137928 0.517243 0.344829
0.655172 0.344828 0
0.103445 0.482761 0.413794
0.206897 0.344827 0.448275
0.0666658 0.933334 0
0.409088 0.340912 0.25
0.103448 0.275861 0.620691
0.448271 0.241382 0.310347
0.310329 0.10344 0.586231
0.413794 0.0344818 0.551725
9.9113e-05 0.100001 0.899899
0.0999999 0.9 0
0.0689555 0.655182 0.275863
0.7 0.3 0
0.206896 0.137931 0.655173
0.0344827 0.310345 0.655173
0.172413 0.448276 0.37931
0.379271 0.000103356 0.620625
0.269231 0.730769 0
0.206885 0.241383 0.551732
0.966669 0.0333313 0
0.13793 0.310349 0.551721
0.9999 9.98975e-05 0
0.20689 0.482763 0.310346
0.0334049 0.46544 0.501155
0.000102552 0.275832 0.724065
0.000102989 0.379272 0.620625
0.399999 0.600001 0
0.5862 0.10345 0.31035
0.900001 0.0999986 0
0.275858 0.310347 0.413795
