0.379311 0.241378 0.379311
0.448271 0.103449 0.44828
0.344827 0.310345 0.344828
0.1 0.1 0.8
0.0666669 0.933333 0
0.586208 0.103447 0.310345
0.481476 0.518524 0
0.172402 0.551756 0.275843
0.0344825 0.413793 0.551724
0.172407 0.44828 0.379313
0.137931 0.34483 0.517239
0.464236 0.000100427 0.535663
0.448276 0.206896 0.344828
0.200007 0.100004 0.699989
0.692313 0.307687 0
9.99626e-05 0.499962 0.499938
0.172414 0.275862 0.551724
0.807692 0.192308 0
0.307693 0.692307 0
0.551667 0.000103423 0.44823
0.137931 0.51724 0.344829
0.172414 0.172414 0.655172
0.749898 0.000102237 0.25
0.241373 0.137932 0.620695
0.586209 0.0344803 0.379311
0.13332 9.99321e-05 0.86658
0.310346 0.37931 0.310344
0.166667 0.0666679 0.766665
0.613636 0.136364 0.25
0.000103418 0.275828 0.724068
0.344831 0.20689 0.44828
0.068965 0.655173 0.275862
0.000103421 0.689584 0.310313
0.379271 0.000103379 0.620625
0.413793 0.275862 0.310345
0.238635 0.511365 0.25
0.689652 0.0344831 0.275865
0.517238 0.206898 0.275864
0.433335 0.566665 0
0.100258 0.431868 0.467874
0.357142 0.642858 0
0.275861 0.0689656 0.655174
0.933332 0.0666681 0
0.0666577 9.97721e-05 0.933242
0.000103406 0.379271 0.620625
0.642857 0.357143 0
0.766667 0.233333 0
9.99438e-05 0.19998 0.79992
0.517242 0.13793 0.344828
0.275862 0.241379 0.482758
0.310344 0.172414 0.517242
0.733333 0.266667 0
0.310343 0.275863 0.413794
0.1 0.9 0
0.379541 0.10341 0.517049
0.241378 0.413794 0.344828
0.066667 0.066667 0.866666
0.533333 0.466667 0
0.464286 0.285714 0.25
0.103439 0.206898 0.689664
0.344839 0.0689643 0.586197
0.857148 0.142852 0
0.136365 0.613635 0.25
0.4 0.6 0
0.137929 0.24138 0.620691
8.88656e-05 9.59763e-05 0.999815
0.502391 0.0669848 0.430624
0.0689655 0.172414 0.75862
0.9 0.1 0
0.0333339 0.966666 0
0.413787 0.172416 0.413797
0.206894 0.379312 0.413794
0.6 0.4 0
0.566666 0.433334 0
0.000103377 0.620625 0.379271
0.19998 9.99899e-05 0.79992
0.966668 0.0333323 0
0.9999 9.99786e-05 0
0.0344828 0.310345 0.655173
9.99178e-05 0.9999 0
0.340912 0.409088 0.25
0.310312 0.000103432 0.689584
0.230769 0.769231 0
0.000102247 0.749898 0.25
0.266668 0.733332 0
9.84515e-05 0.0666591 0.933242
0.241373 0.310347 0.44828
0.0689645 0.344828 0.586207
0.0335538 0.536914 0.429533
0.206886 0.482784 0.310329
0.275865 0.34482 0.379315
0.241381 0.206892 0.551727
0.0689642 0.586208 0.344828
0.13793 0.86207 0
0.275864 0.448274 0.275861
0.185185 0.814815 0
9.98961e-05 0.13332 0.86658
0.233341 0.0333301 0.733329
0.655104 0.000103419 0.344792
0.37931 0.344828 0.275862
