0.857151 0.142849 0
0.413794 0.172412 0.413794
0.310345 0.172414 0.517241
0.551728 0.103442 0.34483
0.206897 0.310345 0.482759
0.0333329 0.1 0.866667
0.172414 0.241379 0.586208
0.34483 0.206891 0.448279
0.206896 0.0689655 0.724139
8.8266e-05 0.066659 0.933253
0.933334 0.0666655 0
0.206897 0.137931 0.655172
0.103442 0.551728 0.34483
0.275875 0.44825 0.275875
0.0666594 9.98309e-05 0.933241
0.137912 0.344919 0.517169
0.000102062 0.749898 0.25
0.344828 0.310345 0.344828
0.966667 0.0333331 0
0.192303 0.807697 0
0.310342 0.689658 0
0.0344828 0.482759 0.482759
0.172415 0.551722 0.275863
0.275861 0.034475 0.689664
0.571373 0.000100802 0.428526
0.233331 0.766669 0
0.0333288 0.966671 0
0.103448 0.275863 0.62069
0.137923 0.482763 0.379314
0.310346 0.37931 0.310344
0.0688934 0.379958 0.551148
0.100006 0.899994 0
0.269233 0.730767 0
9.97956e-05 0.233312 0.766588
0.433333 0.566667 0
0.000103384 0.620625 0.379271
0.566664 0.433336 0
0.466673 0.533327 0
0.51724 0.172414 0.310345
0.4 0.6 0
0.37931 0.137931 0.482759
9.97093e-05 0.433289 0.566611
0.137931 0.172414 0.689655
0.000103388 0.551667 0.44823
7.53564e-05 0.166653 0.833272
0.344791 0.000103361 0.655106
0.807703 0.192297 0
0.464285 0.285715 0.25
0.133332 0.1 0.766668
0.0344817 0.344828 0.62069
0.238641 0.511359 0.25
0.13332 9.7573e-05 0.866582
0.142858 0.857142 0
0.0666667 0.933333 0
0.44823 0.000103437 0.551667
0.206889 0.44828 0.344831
0.517188 0.000103417 0.482708
0.357141 0.642859 0
0.0689485 0.517251 0.413801
0.600001 0.399999 0
0.275869 0.103441 0.62069
0.0689644 0.206897 0.724139
8.58924e-05 9.60848e-05 0.999818
0.172416 0.413786 0.413798
0.379311 0.0344812 0.586208
0.166667 0.033324 0.800009
0.620688 0.0689658 0.310346
0.0999999 0.0666664 0.833334
0.466668 0.066664 0.466667
0.241383 0.241378 0.517239
0.613637 0.136363 0.25
0.000103289 0.689584 0.310313
0.249998 0.357144 0.392858
0.0689664 0.655168 0.275865
0.642857 0.357143 0
0.899999 0.100001 0
0.344831 0.103446 0.551723
0.749898 0.000102158 0.25
0.482759 0.13793 0.379311
0.103448 0.448275 0.448277
0.413794 0.275862 0.310344
0.54545 0.20455 0.25
0.340913 0.409087 0.25
0.692307 0.307693 0
0.76667 0.23333 0
0.518519 0.481481 0
0.0666664 0.133333 0.8
0.310348 0.275854 0.413798
0.136364 0.613636 0.25
0.689659 0.034477 0.275864
0.000103393 0.310313 0.689584
0.448281 0.206888 0.344831
0.379312 0.344826 0.275862
9.98974e-05 0.9999 0
0.999901 9.93877e-05 0
0.733333 0.266667 0
0.233312 9.99319e-05 0.766588
0.655105 0.000103171 0.344792
0.241379 0.172413 0.586208
0.379311 0.241378 0.379311
