0.413793 0.241379 0.344828
0.357141 0.642859 0
0.307692 0.692308 0
0.17241 0.413802 0.413788
0.0689556 0.551728 0.379316
0.899999 0.100001 0
0.0689655 0.62069 0.310345
0.586207 0.137931 0.275862
0.1 0.9 0
0.000103307 0.620626 0.379271
0.807698 0.192302 0
0.25 0.5 0.25
0.206895 0.24138 0.551725
0.000101238 0.357107 0.642791
0.481468 0.518532 0
0.137931 0.37931 0.482759
0.172414 0.172408 0.655178
0.0999986 0.0666697 0.833332
0.586209 0.0689618 0.344829
0.392901 0.178476 0.428623
0.482758 0.241379 0.275862
0.0666598 9.246e-05 0.933248
0.0689631 0.206899 0.724138
0.0333358 0.0666715 0.899993
0.000100399 0.535672 0.464227
0.241375 0.137933 0.620691
0.535715 0.464285 0
0.206896 0.344828 0.448276
0.933324 0.0666755 0
0.0344807 0.379311 0.586208
0.241379 0.275862 0.482759
0.642845 0.357155 0
0.137915 0.517251 0.344834
0.689666 0.310334 0
0.571375 0.000100606 0.428525
0.136375 0.613625 0.25
0.241378 0.379311 0.379311
9.98832e-05 0.199981 0.799919
0.000101766 0.749898 0.25
0.545449 0.204551 0.25
0.344832 0.275856 0.379312
0.172416 0.551719 0.275865
0.275862 0.413793 0.310345
0.133353 0.232834 0.633813
0.13793 0.103447 0.758623
0.266667 0.733333 0
0.344828 0.0344805 0.620691
0.066667 0.133334 0.799999
0.749898 0.000102022 0.25
0.0344822 0.31034 0.655178
0.379312 0.0689623 0.551726
0.413747 0.000103262 0.586149
0.142856 0.857144 0
0.344832 0.137927 0.517241
0.233327 0.766673 0
0.275863 0.310338 0.413799
0.0344655 0.689668 0.275867
0.766667 0.233333 0
0.137931 0.310345 0.551724
0.64773 0.10227 0.25
0.857143 0.142857 0
0.103445 0.448278 0.448277
0.443181 0.306819 0.25
0.4 0.6 0
9.95492e-05 0.9999 0
0.20001 0.100005 0.699985
6.51736e-05 9.79445e-05 0.999837
0.730768 0.269232 0
0.466609 9.96714e-05 0.533291
0.310347 0.103442 0.586211
0.166667 0.0333334 0.799999
0.192308 0.807692 0
0.0344829 0.482754 0.482763
0.433339 0.566661 0
9.98648e-05 0.13332 0.86658
0.592592 0.407408 0
0.448276 0.103448 0.448276
0.275863 0.206896 0.517241
0.9999 9.97307e-05 0
0.000103021 0.44823 0.551667
0.310346 0.241378 0.448276
0.689658 0.0344791 0.275863
0.310307 0.000103395 0.689589
0.206892 0.448281 0.344828
0.655105 0.000103102 0.344792
0.357142 0.392858 0.25
0.37931 0.310345 0.310345
0.103448 0.275861 0.620691
0.310346 0.344826 0.344829
0.517241 0.103448 0.37931
0.275864 0.0689579 0.655178
0.133292 9.87678e-05 0.866609
0.24135 0.000103121 0.758546
0.0333301 0.96667 0
0.966674 0.0333258 0
0.517242 0.0344821 0.448276
0.0666675 0.933332 0
0.482751 0.172416 0.344833
9.99898e-05 0.266648 0.733252
0.0689652 0.413794 0.517241
