0.192299 0.807701 0
0.366635 9.98933e-05 0.633266
0.133299 8.24804e-05 0.866618
0.464291 0.285709 0.25
0.566668 0.433332 0
0.241378 0.413794 0.344828
0.241379 0.0689649 0.689656
9.93842e-05 0.16665 0.833251
0.344826 0.0689648 0.586209
0.571432 0.178568 0.25
0.647724 0.102276 0.25
0.172414 0.206896 0.62069
0.233333 0.766667 0
9.984e-05 0.9999 0
0.4 0.6 0
0.103448 0.275862 0.62069
0.269235 0.730765 0
0.0344806 0.586208 0.379311
0.100005 0.0666693 0.833326
0.03447 0.689664 0.275866
0.448279 0.103441 0.448279
0.0689658 0.517239 0.413795
0.448279 0.172407 0.379313
0.37931 0.172415 0.448275
0.379309 0.34483 0.275861
0.366665 0.633335 0
0.700003 0.299997 0
0.413795 0.0344788 0.551726
0.310346 0.0344827 0.655172
0.760001 0.239999 0
0.933333 0.066667 0
0.206897 0.482758 0.310345
0.749898 0.000102074 0.25
0.0666701 0.93333 0
0.340909 0.409091 0.25
0.62069 0.0689655 0.310345
0.000103437 0.310313 0.689584
0.166676 0.033335 0.799989
0.344829 0.310343 0.344828
0.966671 0.0333289 0
0.607143 0.392857 0
0.48276 0.206894 0.310346
0.24138 0.275863 0.482757
0.137931 0.379312 0.482757
0.275863 0.206894 0.517243
0.27586 0.44828 0.27586
0.000103325 0.655105 0.344792
0.241381 0.137924 0.620694
0.137925 0.310372 0.551702
0.241351 0.000103341 0.758546
0.0666601 9.82487e-05 0.933242
9.8321e-05 0.06666 0.933242
0.0999978 0.133333 0.766669
0.000101929 0.749898 0.25
0.0333334 0.100001 0.866666
0.533333 0.466667 0
0.0689652 0.206897 0.724138
0.433329 0.566671 0
0.655168 0.344832 0
0.481477 0.518523 0
0.699985 0.0333348 0.26668
0.172412 0.448277 0.379311
0.172411 0.103447 0.724141
0.137931 0.172414 0.689655
0.275862 0.344828 0.379311
0.206895 0.24138 0.551725
9.48144e-05 8.84732e-05 0.999817
0.379311 0.103446 0.517243
0.499943 9.97984e-05 0.499958
0.857146 0.142854 0
0.000103378 0.413758 0.586139
9.98547e-05 0.23331 0.76659
0.586146 0.000103329 0.413751
0.206896 0.34483 0.448274
0.310342 0.379316 0.310342
0.310344 0.241381 0.448275
0.807693 0.192307 0
0.000103311 0.551667 0.44823
0.0689647 0.379311 0.551725
0.172399 0.551762 0.275839
0.0689663 0.448277 0.482757
0.13793 0.517242 0.344828
0.9 0.1 0
0.310346 0.137928 0.551726
0.0999997 0.9 0
0.000103411 0.482709 0.517188
0.133332 0.433333 0.433335
0.0344829 0.344825 0.620692
0.379308 0.24138 0.379312
0.32 0.68 0
0.136362 0.613638 0.25
0.551724 0.103448 0.344828
0.655105 0.000103422 0.344792
0.413795 0.275861 0.310344
0.517246 0.0689576 0.413797
0.0689653 0.62069 0.310345
0.9999 9.99434e-05 0
0.142854 0.857146 0
0.0333288 0.966671 0
0.238638 0.511362 0.25
