0.266667 0.0333298 0.700003
0.16665 9.32887e-05 0.833257
0.103448 0.413793 0.482759
0.900006 0.0999941 0
0.517245 0.137926 0.34483
0.310345 0.24138 0.448275
0.166667 0.833333 0
9.29955e-05 0.199982 0.799925
0.103448 0.517242 0.379311
0.9999 9.97918e-05 0
0.241375 0.103448 0.655177
0.0344612 0.551737 0.413802
0.509794 0.240206 0.25
0.481473 0.518527 0
0.1 0.9 0
0.749898 0.000102258 0.25
0.551724 0.172414 0.275862
0.000102254 0.749898 0.25
0.448276 0.275862 0.275862
0.000103362 0.689583 0.310314
0.137929 0.13793 0.724141
0.344792 0.000103365 0.655105
0.100007 0.0333356 0.866658
0.206889 0.206891 0.586219
0.933333 0.0666666 0
0.233315 9.97502e-05 0.766585
0.275865 0.172413 0.551722
0.344827 0.172414 0.482759
0.689662 0.0344736 0.275865
0.000103412 0.620626 0.379271
0.310343 0.0689654 0.620692
0.066652 0.933348 0
0.000103138 0.379272 0.620625
0.310339 0.344831 0.344831
0.206912 0.448235 0.344853
0.566667 0.433333 0
0.655104 0.000103402 0.344793
0.0666589 7.88226e-05 0.933262
0.862085 0.137915 0
0.137938 0.586187 0.275874
0.0689611 0.241382 0.689657
1.60012e-05 0.0999959 0.899988
0.0333331 0.966667 0
0.0666667 0.166666 0.766668
0.0689639 0.379311 0.551725
0.0689615 0.586212 0.344827
0.392852 0.357148 0.25
0.0689621 0.48276 0.448278
0.17241 0.517249 0.31034
2.25426e-05 8.72089e-05 0.99989
0.172412 0.172414 0.655174
0.344827 0.103448 0.551725
0.64286 0.35714 0
0.466609 0.100015 0.433376
0.586216 0.0344672 0.379317
0.0344825 0.310344 0.655174
0.233334 0.766666 0
0.433329 0.566671 0
0.448229 0.000103143 0.551667
0.241382 0.275859 0.482758
0.200005 0.0666683 0.733327
0.10227 0.64773 0.25
0.733328 0.266672 0
0.275858 0.310347 0.413796
0.535662 9.93613e-05 0.464239
0.379311 0.241378 0.379311
0.620693 0.0689614 0.310345
0.2 0.8 0
0.269223 0.730777 0
0.172414 0.275861 0.551725
0.133342 0.866658 0
0.613636 0.136364 0.25
0.249988 0.500012 0.25
0.137931 0.344827 0.517242
9.97883e-05 0.9999 0
0.357145 0.642855 0
0.000103259 0.275833 0.724064
0.357148 0.321427 0.321425
0.103448 0.27586 0.620692
0.448269 0.2069 0.344832
0.285715 0.428575 0.28571
0.533329 0.466671 0
0.814816 0.185184 0
0.600005 0.399995 0
0.137932 0.448274 0.413795
0.4138 0.0689583 0.517242
0.172408 0.379315 0.448278
0.482759 0.0344827 0.482759
0.133339 0.0666693 0.799992
0.000103272 0.517186 0.48271
0.0333344 0.133338 0.833328
0.966665 0.033335 0
0.692311 0.307689 0
0.769231 0.230769 0
0.241371 0.379314 0.379314
0.399998 0.600002 0
0.310346 0.689654 0
0.379316 0.034465 0.586219
0.000100299 0.464237 0.535663
0.413802 0.172402 0.413796
