9.96058e-05 0.9999 0
0.0689654 0.586207 0.344828
0.172411 0.206897 0.620692
0.42852 0.000100711 0.571379
0.0689651 0.344825 0.58621
9.71078e-05 0.0999859 0.899917
0.0689649 0.448276 0.482759
0.642857 0.357143 0
0.613637 0.136363 0.25
0.76667 0.23333 0
9.98538e-05 0.166652 0.833248
0.28572 0.321427 0.392853
0.19998 9.72423e-05 0.799923
0.068156 0.681844 0.25
0.0999911 9.74257e-05 0.899911
0.379318 0.206881 0.413801
0.0666664 0.0999999 0.833334
0.448263 0.172418 0.379319
0.857144 0.142856 0
0.310345 0.0689653 0.62069
0.55173 0.034472 0.413798
0.620625 0.000103414 0.379271
0.285695 0.464305 0.25
0.586207 0.0689649 0.344828
0.133334 0.866666 0
0.807694 0.192306 0
0.433333 0.566667 0
0.517188 0.000103354 0.482709
0.26923 0.73077 0
0.172411 0.137929 0.68966
9.96969e-05 0.466622 0.533279
0.000102217 0.749898 0.25
0.900001 0.0999987 0
0.413789 0.310348 0.275862
0.241379 0.103448 0.655173
0.170463 0.579537 0.25
0.0333325 0.966668 0
0.518517 0.481483 0
0.0666672 0.933333 0
0.275866 0.172411 0.551723
0.692312 0.307688 0
0.689584 0.000103368 0.310312
0.749898 0.000102242 0.25
0.344792 0.000103405 0.655105
0.133333 0.0333322 0.833334
0.551727 0.172412 0.275861
0.000103406 0.275833 0.724063
0.933333 0.0666675 0
0.137931 0.310345 0.551724
0.966667 0.0333325 0
0.0689631 0.206895 0.724142
0.103441 0.379315 0.517245
0.206897 0.51724 0.275863
0.310344 0.241381 0.448275
0.357144 0.642856 0
0.000103318 0.655105 0.344792
0.344897 0.103437 0.551666
0.137928 0.413795 0.448277
0.241379 0.275862 0.482759
0.275834 0.000103206 0.724063
0.4 0.6 0
0.0344823 0.517242 0.448276
0.357142 0.392858 0.25
0.172414 0.344827 0.482759
0.233333 0.766667 0
0.599999 0.400001 0
8.36966e-05 0.233312 0.766604
0.9999 9.96592e-05 0
0.000100826 0.571372 0.428527
0.448274 0.0344814 0.517244
0.206897 0.379309 0.413794
0.0332839 0.0333231 0.933393
0.310342 0.689658 0
0.566667 0.433333 0
0.379312 0.275858 0.34483
0.206896 0.241379 0.551724
0.413794 0.13793 0.448276
0.166667 0.833333 0
0.321247 0.357506 0.321247
0.482759 0.0689652 0.448276
0.103448 0.241377 0.655174
0.100002 0.133336 0.766662
0.482761 0.206896 0.310344
0.464291 0.285709 0.25
0.1 0.9 0
0.2 0.8 0
0.103445 0.48276 0.413795
0.733331 0.266669 0
0.0344828 0.310344 0.655173
9.26836e-05 9.44115e-05 0.999813
0.655173 0.0689642 0.275862
0.172408 0.448279 0.379313
0.172411 0.0689649 0.758624
0.241378 0.413794 0.344828
0.466667 0.533333 0
0.137932 0.51724 0.344829
0.103441 0.620695 0.275864
0.51723 0.103451 0.379319
0.000103432 0.379271 0.620625
0.344832 0.172404 0.482764
