0.551728 0.0344757 0.413796
0.000103411 0.379271 0.620625
0.137929 0.862071 0
0.241379 0.448276 0.310345
0.551732 0.137929 0.31034
0.344828 0.344828 0.310345
0.807692 0.192308 0
0.579546 0.170454 0.25
0.0333316 0.966668 0
0.0689635 0.241372 0.689665
0.344838 0.206893 0.448269
0.103449 0.31034 0.586211
0.4 0.6 0
0.899997 0.100003 0
0.00010338 0.586146 0.41375
0.0344787 0.448278 0.517244
0.137931 0.344828 0.517241
0.137931 0.206897 0.655172
0.166651 9.92045e-05 0.83325
0.241379 0.37931 0.37931
0.0689607 0.517244 0.413795
0.230769 0.769231 0
0.413794 0.275862 0.310344
0.206896 0.275862 0.517241
0.0344822 0.62069 0.344828
0.482762 0.172409 0.34483
0.000103381 0.275824 0.724072
0.379297 0.137928 0.482775
0.172414 0.241379 0.586207
9.05513e-05 0.0999905 0.899919
0.566666 0.433334 0
0.9999 9.97629e-05 0
0.307694 0.692306 0
0.357142 0.642858 0
0.321426 0.321426 0.357147
0.0689656 0.379309 0.551725
0.206889 0.103446 0.689665
0.03333 0.133334 0.833336
0.413789 0.206898 0.379313
0.533281 9.99286e-05 0.46662
0.517243 0.103445 0.379312
0.166666 0.166666 0.666668
0.185185 0.814815 0
0.241379 0.137931 0.620689
0.600001 0.399999 0
0.275862 0.275862 0.448276
0.766666 0.233334 0
0.466669 0.533331 0
0.275859 0.206897 0.517244
0.0999999 0.9 0
0.310346 0.137929 0.551725
0.310347 0.0689593 0.620693
0.730767 0.269233 0
0.206896 0.34483 0.448274
0.0344818 0.689656 0.275862
0.681818 0.0681821 0.25
0.58621 0.06896 0.34483
0.966666 0.033334 0
0.379312 0.068962 0.551726
0.0666667 0.933333 0
0.0999902 9.71927e-05 0.899913
0.431926 0.100248 0.467826
0.172411 0.448277 0.379312
0.214286 0.535714 0.25
0.620857 0.103403 0.27574
0.000103328 0.206873 0.793024
0.448283 0.137917 0.4138
0.00010224 0.749898 0.25
0.103448 0.13793 0.758622
0.433333 0.566667 0
0.1 0.0666664 0.833333
0.689656 0.310344 0
0.40909 0.34091 0.25
0.857143 0.142857 0
0.26667 0.0333303 0.7
0.749898 0.000102233 0.25
0.93333 0.06667 0
0.477273 0.272727 0.25
0.241354 0.00010343 0.758542
0.166669 0.0666669 0.766664
9.998e-05 0.499947 0.499953
0.413751 0.000103425 0.586145
0.448276 0.0344818 0.517242
0.0344827 0.310345 0.655172
0.137926 0.517244 0.344829
0.518525 0.481475 0
0.517242 0.206895 0.275863
0.642857 0.357143 0
0.344825 0.275863 0.379312
0.103445 0.586209 0.310346
9.28727e-05 9.22409e-05 0.999815
9.9965e-05 0.666596 0.333304
9.99888e-05 0.9999 0
0.100253 0.431898 0.467849
0.321428 0.428572 0.25
0.0333288 0.033326 0.933345
0.344792 0.000103353 0.655105
0.266665 0.733335 0
0.655105 0.000103436 0.344792
0.136364 0.613636 0.25
