0.46667 0.53333 0
0.344827 0.103448 0.551725
0.966673 0.0333268 0
0.482792 0.206883 0.310325
0.204545 0.545455 0.25
0.172413 0.344828 0.482759
0.103447 0.379311 0.517242
0.0666685 0.933332 0
0.103448 0.517242 0.379311
0.000100798 0.571371 0.428528
0.266666 0.733334 0
0.0999976 0.0333324 0.86667
0.137931 0.137931 0.724138
0.647726 0.102274 0.25
0.0666664 0.0999999 0.833334
0.511363 0.238637 0.25
0.379314 0.0344732 0.586213
0.433331 0.566669 0
0.517242 0.0344821 0.448276
0.192305 0.807695 0
0.769229 0.230771 0
0.37931 0.206896 0.413793
0.137931 0.206897 0.655173
0.133336 0.0666679 0.799996
0.000103326 0.482709 0.517187
0.0666671 0.166667 0.766666
0.620689 0.0689656 0.310346
0.357142 0.642858 0
0.517241 0.137931 0.344828
0.9 0.1 0
0.000103406 0.655105 0.344792
0.172414 0.517241 0.310345
0.724138 0.275862 0
0.666667 0.333333 0
0.206897 0.0689652 0.724138
0.482758 0.103448 0.413794
0.206897 0.13793 0.655173
0.23331 9.9911e-05 0.76659
9.94311e-05 0.16665 0.833251
0.233333 0.766667 0
0.344832 0.310336 0.344832
0.31035 0.172401 0.517249
0.41379 0.241381 0.344829
0.310345 0.275862 0.413793
0.103448 0.310345 0.586207
0.0666672 0.466664 0.466669
0.307699 0.692301 0
0.0689616 0.24138 0.689658
0.46425 0.000100372 0.53565
0.03448 0.689658 0.275862
0.0666621 6.5545e-05 0.933272
0.206895 0.379312 0.413793
0.448278 0.172409 0.379312
0.275858 0.34483 0.379313
0.571371 0.00010079 0.428528
0.61539 0.38461 0
0.0344819 0.344827 0.620692
0.13792 0.586239 0.27584
0.000100656 0.428516 0.571384
0.0689603 0.58621 0.34483
9.76167e-05 9.44068e-05 0.999808
0.241376 0.413795 0.344829
9.20839e-05 0.099987 0.899921
0.102273 0.647727 0.25
0.142856 0.857144 0
0.275865 0.241378 0.482757
9.89698e-05 0.999901 0
0.448283 0.27585 0.275866
0.137931 0.413793 0.448276
0.379302 0.137932 0.482767
0.399999 0.600001 0
0.310343 0.379315 0.310343
0.275862 0.137931 0.586207
0.285715 0.464285 0.25
0.0333326 0.966667 0
0.586212 0.0344752 0.379313
0.0999999 0.9 0
0.000103386 0.310314 0.689583
0.206895 0.275863 0.517242
0.24138 0.310342 0.448278
9.9895e-05 0.23331 0.76659
0.689584 0.000103431 0.310313
0.814814 0.185186 0
0.000102088 0.749898 0.25
0.172391 0.448288 0.379321
0.344792 0.000103422 0.655105
0.172414 0.241379 0.586207
0.933333 0.0666674 0
0.9999 9.96256e-05 0
0.432008 0.100232 0.46776
0.310344 0.0689642 0.620692
0.56667 0.43333 0
0.749898 0.000102249 0.25
0.275864 0.0344752 0.689661
0.518529 0.481471 0
0.862069 0.137931 0
0.551775 0.172394 0.275831
0.241378 0.206897 0.551725
0.166651 9.97088e-05 0.83325
0.392856 0.357144 0.25
