0.133331 0.166668 0.700001
0.172415 0.275851 0.551735
0.241382 0.172413 0.586205
0.172413 0.206897 0.62069
0.517188 0.00010343 0.482709
0.103447 0.413794 0.482759
0.566665 0.433335 0
0.172412 0.379311 0.448277
0.100002 0.133335 0.766663
0.599999 0.400001 0
0.647724 0.102276 0.25
0.749898 0.000102172 0.25
0.241379 0.344828 0.413793
0.482759 0.241379 0.275862
0.310345 0.310345 0.37931
0.413793 0.103448 0.482759
0.448275 0.137931 0.413793
0.0333333 0.0999999 0.866667
0.655175 0.0344821 0.310342
0.0666576 8.90665e-05 0.933253
0.103445 0.24138 0.655175
0.379384 0.0344786 0.586137
0.551729 0.10344 0.344831
0.206894 0.310346 0.48276
0.00010223 0.749898 0.25
0.185181 0.814819 0
0.0689593 0.586211 0.34483
0.86207 0.13793 0
0.000103436 0.41375 0.586146
0.0999988 0.900001 0
0.0344792 0.448278 0.517243
0.5862 0.137935 0.275866
0.37931 0.172414 0.448276
0.814816 0.185184 0
0.551725 0.0344815 0.413794
0.13793 0.448277 0.413794
0.275863 0.379308 0.344829
0.307694 0.692306 0
0.344792 0.000103435 0.655105
0.0666663 0.933334 0
0.137931 0.586207 0.275862
0.428577 0.321423 0.25
0.13793 0.86207 0
0.321429 0.428571 0.25
0.13332 9.9821e-05 0.86658
0.344828 0.241379 0.413794
0.413793 0.206897 0.37931
0.933333 0.0666669 0
0.241356 0.000103289 0.758541
0.266667 0.733333 0
0.172401 0.0344801 0.793119
0.0344747 0.689661 0.275864
0.464284 0.535716 0
0.518526 0.481474 0
9.99725e-05 0.9999 0
0.966668 0.0333324 0
0.000103306 0.655105 0.344792
0.642849 0.357151 0
8.64885e-05 0.0666602 0.933253
0.241376 0.482761 0.275863
0.103443 0.517244 0.379312
9.98956e-05 0.233311 0.766589
0.27586 0.0344827 0.689657
9.99284e-05 0.533288 0.466612
0.204548 0.545452 0.25
0.10227 0.64773 0.25
0.9999 9.99679e-05 0
0.206895 0.103448 0.689657
0.73333 0.26667 0
0.000103378 0.344792 0.655105
0.206893 0.413795 0.379312
0.900002 0.0999982 0
9.99626e-05 0.16665 0.83325
0.275862 0.103448 0.62069
0.241379 0.241379 0.517241
0.545455 0.204545 0.25
0.0333313 0.266667 0.700001
0.0999999 0.0666669 0.833333
0.275862 0.275862 0.448276
0.0333276 0.966672 0
0.066668 0.200004 0.733328
0.464235 0.000100355 0.535665
0.0344765 0.551728 0.413796
0.172415 0.482756 0.344829
0.137931 0.344828 0.517241
0.482759 0.172414 0.344828
0.482764 0.0689552 0.448281
0.692309 0.307691 0
0.769232 0.230768 0
0.344828 0.13793 0.517242
0.407406 0.592594 0
0.620625 0.000103421 0.379271
0.0689654 0.310345 0.62069
0.379306 0.275864 0.34483
0.357144 0.642856 0
0.0689646 0.379311 0.551725
0.230764 0.769236 0
0.344829 0.344829 0.310342
9.95384e-05 9.03461e-05 0.99981
0.310344 0.206897 0.482759
