9.91334e-05 0.19998 0.799921
0.0689591 0.586211 0.34483
0.275864 0.103447 0.62069
0.142857 0.857143 0
0.379311 0.206896 0.413793
0.620625 0.00010342 0.379271
0.0689602 0.206898 0.724142
0.482755 0.206898 0.310347
0.31035 0.241367 0.448283
0.0689657 0.344828 0.586207
0.310344 0.137931 0.551725
0.413796 0.241375 0.34483
8.12051e-05 0.0999705 0.899948
0.269237 0.730763 0
0.344831 0.379308 0.275861
0.400002 0.599998 0
0.103442 0.448279 0.448279
0.103448 0.241379 0.655172
0.551863 0.17236 0.275777
0.857144 0.142856 0
0.000102209 0.749898 0.25
0.241376 0.275863 0.482761
0.433286 9.99905e-05 0.566614
0.0999995 0.900001 0
9.99193e-05 0.9999 0
0.766666 0.233334 0
0.241378 0.379311 0.379311
0.206897 0.482759 0.310345
0.000103412 0.44823 0.551667
0.966667 0.0333334 0
0.0999916 6.01058e-05 0.899948
0.233334 0.766666 0
0.0333341 0.966666 0
0.689584 0.000103421 0.310313
0.000103418 0.689584 0.310313
0.00010342 0.620625 0.379271
0.481481 0.518519 0
0.482769 0.103429 0.413802
0.551729 0.034475 0.413796
0.566666 0.433334 0
0.192307 0.807693 0
0.206898 0.344823 0.448279
0.2 0.033333 0.766667
0.000103412 0.379271 0.620625
0.16665 9.99859e-05 0.83325
0.433335 0.566665 0
0.613635 0.136365 0.25
0.172414 0.103445 0.724141
0.428569 0.321431 0.25
0.366667 0.633333 0
0.1 0.0666667 0.833333
0.137927 0.310366 0.551707
0.275862 0.310344 0.413794
0.689655 0.310345 0
0.321428 0.428572 0.25
0.413793 0.137931 0.448276
0.807694 0.192306 0
0.172414 0.413791 0.413794
0.655173 0.068965 0.275862
0.448276 0.0689655 0.482759
0.0689655 0.413793 0.517241
0.0666665 0.933334 0
8.29927e-05 8.40248e-05 0.999833
0.206896 0.137931 0.655172
0.204556 0.545444 0.25
0.320001 0.679999 0
0.275867 0.448266 0.275867
0.172414 0.206897 0.62069
0.749898 0.000102253 0.25
0.379271 0.000103407 0.620625
0.000103434 0.275833 0.724063
0.379312 0.310344 0.310344
0.13793 0.379311 0.482759
0.310345 0.0344828 0.655172
0.275833 0.00010343 0.724063
0.517188 0.000103417 0.482709
0.0344826 0.310345 0.655173
0.933333 0.0666668 0
0.1 0.133333 0.766667
0.379312 0.103444 0.517244
0.344823 0.172415 0.482762
0.0333333 0.133333 0.833334
0.137931 0.551724 0.310345
0.103448 0.517241 0.379311
0.448271 0.172415 0.379314
0.642857 0.357143 0
0.344826 0.275863 0.379311
0.31035 0.344818 0.344833
0.000100367 0.535664 0.464235
0.511361 0.238639 0.25
0.033319 0.033298 0.933383
0.6 0.4 0
0.533328 0.466672 0
0.27586 0.206897 0.517243
0.9 0.1 0
0.730771 0.269229 0
0.102272 0.647728 0.25
0.206897 0.241379 0.551724
0.551715 0.10345 0.344835
0.9999 9.99681e-05 0
