0.502395 0.0669849 0.43062
0.379313 0.206892 0.413796
0.464283 0.285717 0.25
0.034481 0.689656 0.275863
9.97294e-05 0.9999 0
0.310345 0.310345 0.37931
0.137928 0.48276 0.379312
0.172414 0.51724 0.310346
0.857145 0.142855 0
0.100001 0.899999 0
0.464238 0.000100435 0.535662
0.142849 0.857151 0
0.103435 0.551732 0.344833
0.0333254 0.966675 0
0.379312 0.310344 0.310344
0.517241 0.206897 0.275862
0.24138 0.137929 0.620692
0.199982 9.99713e-05 0.799918
0.172414 0.206894 0.620692
0.000103428 0.344792 0.655105
0.10227 0.64773 0.25
0.241383 0.482752 0.275866
0.730769 0.269231 0
0.9999 9.99549e-05 0
0.233332 0.0333299 0.733338
0.0689584 0.517245 0.413796
0.933332 0.0666678 0
0.166667 0.0666667 0.766667
0.807694 0.192306 0
0.586203 0.103449 0.310348
0.137929 0.344829 0.517243
0.600001 0.399999 0
0.689655 0.310345 0
0.448277 0.172411 0.379311
0.320001 0.679999 0
0.27586 0.379312 0.344829
0.551667 0.000103408 0.44823
0.103445 0.24138 0.655175
0.206894 0.103447 0.689658
0.000102221 0.749898 0.25
9.99343e-05 0.23331 0.76659
0.0344767 0.586211 0.379313
0.0666657 0.199996 0.733338
0.0344732 0.379314 0.586213
0.620625 0.000103415 0.379271
0.285709 0.250002 0.464288
9.88703e-05 0.133319 0.866582
0.066667 0.100001 0.833332
0.0333304 0.166667 0.800003
0.379617 0.0344652 0.585918
0.899999 0.100001 0
0.192308 0.807692 0
0.206896 0.413793 0.37931
0.204545 0.545455 0.25
0.000103432 0.655105 0.344792
0.206893 0.31034 0.482767
0.766667 0.233333 0
0.579544 0.170456 0.25
0.241379 0.344828 0.413793
0.433336 0.566664 0
0.34483 0.275861 0.379309
0.431631 0.100301 0.468068
0.0666667 0.933333 0
0.0333333 0.266667 0.7
0.233334 0.766666 0
0.642856 0.357144 0
0.27586 0.0689651 0.655174
0.29997 9.98889e-05 0.69993
0.366665 0.633335 0
0.172413 0.379311 0.448276
0.566666 0.433334 0
7.83166e-05 9.47537e-05 0.999827
0.0689653 0.310343 0.620692
0.647728 0.102272 0.25
0.4 0.6 0
0.133333 0.166666 0.700001
0.518518 0.481482 0
9.98775e-05 0.466599 0.533301
0.0666647 5.27385e-06 0.93333
0.000103302 0.551667 0.44823
0.366667 0.366667 0.266666
0.310346 0.103446 0.586208
0.0333305 0.0666567 0.900013
0.0671403 0.429308 0.503552
0.13332 9.79726e-05 0.866582
0.966667 0.0333327 0
0.46667 0.53333 0
0.749898 0.000102191 0.25
0.413787 0.241382 0.344831
0.172409 0.275864 0.551728
0.241379 0.206898 0.551723
0.1 0.133333 0.766667
0.103447 0.448276 0.448277
0.655176 0.0344781 0.310346
0.137916 0.586252 0.275832
0.517251 0.137915 0.344834
0.321429 0.428571 0.25
0.344833 0.13793 0.517237
0.269232 0.730768 0
0.35711 0.000101472 0.642788
