0.551726 0.137929 0.310346
0.477266 0.272734 0.25
0.482758 0.0344828 0.482759
0.13793 0.24138 0.62069
0.310345 0.310345 0.37931
0.0344791 0.689658 0.275863
0.76667 0.23333 0
0.433333 0.566667 0
0.0689654 0.62069 0.310345
0.0689658 0.517239 0.413795
0.689655 0.310345 0
0.192304 0.807696 0
0.206897 0.448275 0.344828
0.807691 0.192309 0
0.357145 0.642855 0
0.241379 0.241379 0.517241
0.0999998 0.9 0
0.0689655 0.310345 0.62069
0.100111 0.432695 0.467194
0.0344784 0.379388 0.586134
0.172414 0.517241 0.310345
0.518521 0.481479 0
0.0333331 0.266681 0.699986
0.600001 0.399999 0
0.000102206 0.749898 0.25
0.310342 0.689658 0
0.000100386 0.464239 0.535661
0.482757 0.172414 0.344829
0.310345 0.413793 0.275862
0.58621 0.0689612 0.344829
0.000103293 0.241354 0.758543
0.464239 0.00010043 0.535661
0.379311 0.27586 0.344829
0.517272 0.206884 0.275845
0.13793 0.482759 0.379311
9.98366e-05 0.16665 0.83325
0.137933 0.344824 0.517242
0.467859 0.100274 0.431868
0.399999 0.600001 0
0.413794 0.206896 0.379311
0.448292 0.241372 0.310336
0.24138 0.0689621 0.689658
0.647726 0.102274 0.25
9.99832e-05 0.566625 0.433275
0.689584 0.000103354 0.310313
0.103448 0.206897 0.689655
0.0666655 0.933335 0
0.142854 0.857146 0
0.857145 0.142855 0
0.206897 0.310345 0.482758
0.136364 0.613636 0.25
0.749898 0.000102222 0.25
0.899998 0.100002 0
0.269231 0.730769 0
0.275862 0.275862 0.448276
0.344828 0.241378 0.413794
0.551666 0.000103431 0.44823
0.375 0.375 0.25
0.233332 0.766668 0
0.172414 0.275858 0.551728
0.0666675 0.166664 0.766668
0.379314 0.0689639 0.551722
0.642857 0.357143 0
9.78086e-05 9.2004e-05 0.99981
0.204546 0.545454 0.25
0.000103179 0.344792 0.655105
0.09999 9.97837e-05 0.89991
0.566668 0.433332 0
0.344828 0.344828 0.310345
0.0333279 0.966672 0
0.310345 0.0689639 0.620691
0.0333335 0.1 0.866666
0.413805 0.310338 0.275857
0.9999 9.99638e-05 0
0.275859 0.379312 0.344829
0.620625 0.000103354 0.379271
0.166667 0.0666667 0.766667
0.24138 0.344826 0.413794
0.310313 0.000103428 0.689583
0.23331 9.99746e-05 0.76659
0.275864 0.137931 0.586205
0.103443 0.551728 0.34483
0.285714 0.464286 0.25
0.579543 0.170457 0.25
0.37931 0.137932 0.482758
0.730768 0.269232 0
5.13751e-05 0.066654 0.933295
0.310345 0.172414 0.517241
0.966667 0.0333333 0
0.16665 9.99895e-05 0.83325
0.137931 0.137931 0.724139
0.172414 0.413792 0.413794
0.379271 0.00010339 0.620625
9.98767e-05 0.9999 0
0.000103396 0.655105 0.344792
0.206894 0.172414 0.620691
0.466667 0.533333 0
0.0344821 0.482759 0.482759
0.100003 0.0666688 0.833328
0.933333 0.0666669 0
