0.647725 0.102275 0.25
0.275862 0.103448 0.62069
0.0333285 0.0666596 0.900012
2.467e-05 0.133323 0.866652
0.482759 0.241379 0.275862
0.00010323 0.206834 0.793063
0.400001 0.599999 0
0.172414 0.413793 0.413793
0.206896 0.448276 0.344828
0.103445 0.172414 0.724141
0.428518 0.000100667 0.571382
0.1 0.0333334 0.866667
0.310345 0.689655 0
0.068958 0.448291 0.482751
0.206891 0.34483 0.448279
0.0344761 0.413798 0.551726
0.379309 0.34483 0.275861
0.37931 0.103448 0.517241
0.428577 0.321423 0.25
0.275863 0.413792 0.310345
0.535657 0.000100368 0.464242
0.689657 0.0344802 0.275863
0.413793 0.137931 0.448276
0.551742 0.0689356 0.379322
0.413792 0.24138 0.344828
0.103446 0.48276 0.413794
0.0333304 0.96667 0
0.749898 0.000102189 0.25
0.7 0.3 0
0.136352 0.613648 0.25
0.000103375 0.310312 0.689585
0.518521 0.481479 0
0.766667 0.233333 0
0.344828 0.275861 0.379311
0.357143 0.642857 0
0.545454 0.204546 0.25
0.238637 0.511363 0.25
0.0666707 0.133343 0.799986
0.344829 0.0344788 0.620692
0.241379 0.241381 0.51724
0.000103397 0.586146 0.41375
0.166667 9.99958e-05 0.833233
0.433331 0.566669 0
0.379311 0.206895 0.413794
0.733335 0.266665 0
0.310345 0.241379 0.448276
0.344828 0.172413 0.482759
0.310345 0.137931 0.551724
0.066664 0.933336 0
0.133334 0.0999974 0.766669
0.269232 0.730768 0
0.206904 0.206906 0.58619
0.27586 0.310346 0.413794
0.172414 0.13793 0.689656
0.0689649 0.551724 0.379311
0.482758 0.103448 0.413794
9.76958e-05 5.73364e-05 0.999845
0.00010218 0.749898 0.25
0.321429 0.428571 0.25
0.100002 0.899998 0
0.172414 0.310345 0.517242
0.233333 0.166667 0.6
0.58621 0.137927 0.275863
0.466675 0.533325 0
0.103448 0.344828 0.551724
0.000103333 0.655105 0.344792
0.000103181 0.482709 0.517188
0.933334 0.0666655 0
0.137921 0.379315 0.482763
0.0689666 0.620688 0.310345
0.233333 0.766667 0
0.899996 0.100004 0
0.192308 0.807692 0
0.857144 0.142856 0
0.310351 0.344814 0.344835
0.066664 1.0739e-05 0.933325
0.465403 0.0334113 0.501186
0.655105 0.000103377 0.344792
0.0333303 0.233334 0.733335
0.137925 0.517245 0.34483
0.655162 0.344838 0
0.607135 0.392865 0
0.137929 0.241381 0.62069
0.206895 0.0689652 0.724139
0.172417 0.551715 0.275867
0.0689635 0.275866 0.65517
0.233313 9.97421e-05 0.766587
0.966673 0.0333268 0
0.608342 0.0337967 0.357861
0.807692 0.192308 0
0.000103435 0.379271 0.620625
0.9999 9.99434e-05 0
0.0344819 0.689656 0.275862
0.241379 0.37931 0.37931
0.482753 0.172416 0.344832
0.310312 0.000103167 0.689585
9.9965e-05 0.9999 0
0.566656 0.433344 0
0.142854 0.857146 0
0.0344816 0.517242 0.448276
