0.000103399 0.310312 0.689584
0.379308 0.206897 0.413795
0.344827 0.379311 0.275862
0.379308 0.310349 0.310343
0.409089 0.340911 0.25
0.9999 9.99017e-05 0
0.0689614 0.310346 0.620692
0.0333333 0.966667 0
0.344823 0.275864 0.379313
0.0344799 0.37931 0.58621
0.551666 0.000103434 0.44823
0.62069 0.0689655 0.310345
0.266667 0.733333 0
0.103448 0.241379 0.655172
0.0344829 0.620689 0.344829
0.551724 0.172414 0.275862
0.000100811 0.571371 0.428529
0.206865 0.000103207 0.793032
0.9 0.1 0
0.448273 0.172415 0.379312
0.310343 0.344829 0.344829
0.766668 0.233332 0
0.206896 0.448276 0.344828
0.0666664 0.466668 0.466665
0.310343 0.241378 0.448278
9.99852e-05 0.43328 0.56662
0.306818 0.443182 0.25
0.3 0.7 0
0.857143 0.142857 0
0.172414 0.103447 0.724139
0.57143 0.42857 0
0.0666668 0.166669 0.766664
0.966669 0.0333307 0
0.275833 0.000103398 0.724063
0.230769 0.769231 0
0.586205 0.0344829 0.379312
0.206897 0.241376 0.551726
0.185185 0.814815 0
0.481478 0.518522 0
0.62963 0.37037 0
0.0680978 0.681006 0.250896
0.0333317 0.0333316 0.933337
0.000102238 0.749898 0.25
0.310345 0.0344828 0.655172
0.46663 9.99555e-05 0.53327
0.137927 0.862073 0
0.433334 0.566666 0
0.310442 0.103434 0.586124
0.133334 0.0333328 0.833333
0.137927 0.172415 0.689659
0.27586 0.413797 0.310343
0.0333334 0.133333 0.833333
0.933334 0.0666665 0
0.0999895 9.90455e-05 0.899911
0.1 0.1 0.8
0.206901 0.344814 0.448285
0.275861 0.310345 0.413794
0.533333 0.466667 0
9.84821e-05 0.0999901 0.899911
0.0666679 0.933332 0
0.241379 0.379311 0.379311
0.392859 0.607141 0
0.807693 0.192307 0
0.689657 0.0344808 0.275863
0.137931 0.551723 0.310345
0.172407 0.310345 0.517248
0.275862 0.206896 0.517242
0.100003 0.899997 0
0.392819 0.000101101 0.60708
0.000103432 0.689584 0.310313
0.413793 0.0689655 0.517241
0.0344824 0.241378 0.724139
0.655105 0.000103371 0.344792
0.613631 0.136369 0.25
0.241381 0.275857 0.482762
9.49537e-05 8.45667e-05 0.99982
9.99831e-05 0.9999 0
0.241379 0.482759 0.275862
0.749898 0.000102235 0.25
0.172414 0.206896 0.62069
0.103448 0.344828 0.551724
0.241379 0.137931 0.62069
0.344884 0.137919 0.517197
0.413793 0.137931 0.448276
0.10345 0.517236 0.379315
0.730766 0.269234 0
0.137931 0.37931 0.482759
0.241379 0.0689622 0.689659
0.502386 0.0669813 0.430633
0.517245 0.137925 0.34483
0.204555 0.545445 0.25
0.511362 0.238638 0.25
0.103445 0.620692 0.275863
0.413784 0.241383 0.344833
0.344835 0.655165 0
0.000103429 0.517186 0.48271
0.172412 0.413794 0.413794
0.448286 0.275857 0.275857
0.680002 0.319998 0
9.9856e-05 0.19998 0.79992
