0.310345 0.310345 0.37931
0.269232 0.730768 0
0.133321 9.98349e-05 0.86658
0.730767 0.269233 0
0.103447 0.379311 0.517242
0.20126 0.363065 0.435675
0.0689646 0.206897 0.724139
0.13793 0.310345 0.551725
0.966671 0.0333294 0
0.241375 0.137932 0.620693
0.433334 0.566666 0
0.172412 0.517243 0.310346
0.166658 0.266664 0.566678
0.586275 0.137908 0.275816
0.482756 0.241381 0.275863
0.136368 0.613632 0.25
0.749898 0.000102004 0.25
0.241374 0.379313 0.379313
0.545455 0.204545 0.25
0.39286 0.249984 0.357156
0.4 0.6 0
0.199982 9.9286e-05 0.799919
0.535726 0.464274 0
0.103446 0.551725 0.344828
0.137929 0.413794 0.448277
0.275862 0.275862 0.448276
0.448254 0.172421 0.379325
0.379312 0.0689629 0.551725
0.899996 0.100004 0
0.0344825 0.586207 0.37931
0.0666657 0.933334 0
0.517241 0.172414 0.310345
9.97425e-05 0.9999 0
0.0666581 7.81125e-05 0.933264
0.431822 0.100271 0.467907
0.689657 0.0344799 0.275863
7.71725e-05 0.066659 0.933264
0.633337 0.366663 0
0.0344828 0.310345 0.655172
0.00010341 0.655105 0.344792
0.464241 0.000100433 0.535659
0.241379 0.241379 0.517241
0.241378 0.482761 0.275861
0.199999 0.100001 0.7
0.206897 0.448275 0.344828
0.379271 0.000103404 0.620626
0.033332 0.966668 0
0.0344813 0.689656 0.275863
0.00010336 0.379271 0.620626
0.142857 0.857143 0
0.310345 0.103448 0.586207
0.344828 0.344828 0.310345
0.344825 0.206897 0.448277
0.192307 0.807693 0
9.98841e-05 0.13332 0.86658
0.172414 0.172414 0.655172
0.586209 0.0344797 0.379312
0.100001 0.100001 0.799999
0.000100392 0.535659 0.46424
0.357146 0.642854 0
0.502391 0.0669994 0.43061
0.857143 0.142857 0
0.275863 0.0689626 0.655174
0.103448 0.241379 0.655173
0.310305 0.000103431 0.689592
0.0689655 0.62069 0.310345
0.204546 0.545454 0.25
0.807693 0.192307 0
0.551727 0.103443 0.344829
0.103448 0.482761 0.413791
0.592593 0.407407 0
8.86672e-05 9.12567e-05 0.99982
0.0344814 0.172409 0.793109
0.306817 0.443183 0.25
0.275862 0.413793 0.310345
0.233333 0.766667 0
0.64773 0.10227 0.25
0.000103405 0.44823 0.551667
0.766666 0.233334 0
0.481482 0.518518 0
0.1 0.9 0
0.0689661 0.448274 0.482759
0.166673 0.0666659 0.766661
0.655105 0.000103403 0.344792
0.9999 9.96662e-05 0
0.233331 0.0333333 0.733336
0.0666666 0.0666666 0.866667
0.0689648 0.344828 0.586207
0.310342 0.172417 0.517242
0.206897 0.206897 0.586207
0.000102245 0.749898 0.25
0.680003 0.319997 0
0.933334 0.0666657 0
0.428571 0.321429 0.25
0.34483 0.379309 0.275861
0.206896 0.310345 0.482759
0.551667 0.000103416 0.44823
0.310342 0.689658 0
0.000103374 0.275833 0.724064
0.133332 0.133332 0.733336
