0.100002 0.899998 0
0.137931 0.413792 0.448277
0.899996 0.100004 0
0.933332 0.0666677 0
0.0344822 0.517242 0.448276
0.517243 0.206896 0.275861
0.655105 0.000103168 0.344792
0.766667 0.233333 0
0.000100768 0.428514 0.571386
0.966667 0.0333331 0
0.233333 0.766667 0
0.62069 0.103449 0.275862
0.413794 0.206895 0.379311
0.344837 0.241373 0.41379
0.477272 0.272728 0.25
0.172412 0.206897 0.620691
0.600004 0.399996 0
0.275852 0.172407 0.551741
0.399989 0.600011 0
0.0333232 0.0333241 0.933353
0.344828 0.13793 0.517242
0.0689633 0.172407 0.758629
0.0333297 0.133334 0.833336
0.192301 0.807699 0
0.517226 0.137935 0.344839
0.17241 0.551728 0.275862
0.579545 0.170455 0.25
0.0344753 0.620695 0.34483
0.433338 0.566662 0
0.172414 0.310345 0.517241
0.000103393 0.275842 0.724055
0.241381 0.448273 0.310346
0.448281 0.137929 0.41379
0.000102215 0.749898 0.25
0.500005 0.0666651 0.43333
0.133333 0.1 0.766667
0.0689654 0.310343 0.620691
0.310345 0.310345 0.37931
0.0666634 0.933337 0
0.999901 9.94085e-05 0
0.0333285 0.966671 0
0.275865 0.379304 0.344831
0.681817 0.0681832 0.25
0.199999 0.0666622 0.733339
0.275862 0.275862 0.448276
0.000102914 0.344791 0.655106
0.857142 0.142858 0
0.172408 0.448279 0.379313
0.0689643 0.448276 0.482759
0.102275 0.647725 0.25
0.166651 9.50301e-05 0.833254
7.90421e-05 9.29242e-05 0.999828
0.73333 0.26667 0
0.142858 0.857142 0
0.310348 0.689652 0
9.91996e-05 0.999901 0
0.413793 0.310345 0.275862
0.269232 0.730768 0
0.533329 0.466671 0
0.379312 0.172409 0.448279
0.21428 0.357135 0.428585
0.344828 0.344828 0.310345
7.65051e-05 0.199984 0.799939
0.310346 0.206894 0.48276
0.393671 0.0336846 0.572644
0.241381 0.103448 0.655171
0.099999 0.0666649 0.833336
0.357142 0.642858 0
0.103445 0.482765 0.41379
0.481482 0.518518 0
0.310343 0.413796 0.27586
0.344793 0.00010288 0.655104
0.566663 0.433337 0
0.586208 0.0344807 0.379311
0.000102719 0.689584 0.310313
0.103446 0.206899 0.689655
0.241379 0.241379 0.517241
0.749898 0.000102129 0.25
0.466571 9.9601e-05 0.533329
0.238679 0.511321 0.25
0.000103371 0.482709 0.517188
0.13793 0.517242 0.344828
0.172413 0.137932 0.689655
0.448288 0.241369 0.310343
0.413796 0.103442 0.482762
0.137927 0.275863 0.586209
0.310346 0.103442 0.586211
0.692315 0.307685 0
0.000100761 0.571371 0.428529
0.0999892 7.99899e-05 0.899931
8.32238e-05 0.099986 0.899931
0.807693 0.192307 0
0.357145 0.392855 0.25
0.642853 0.357147 0
0.379308 0.275863 0.344829
0.275864 0.0344808 0.689655
0.103443 0.58621 0.310347
0.233314 9.94332e-05 0.766586
0.103448 0.37931 0.517242
0.551663 0.000103278 0.448234
