0.448277 0.206895 0.344828
0.172414 0.344828 0.482759
0.310346 0.27586 0.413794
0.0666672 0.133334 0.799998
0.133333 0.1 0.766667
0.310313 0.000103425 0.689584
0.142857 0.857143 0
0.241379 0.0344826 0.724138
0.392854 0.357146 0.25
0.310345 0.689655 0
0.448282 0.0689648 0.482753
0.613637 0.136363 0.25
0.730769 0.269231 0
9.83651e-05 0.0999875 0.899914
0.566667 0.433333 0
0.000103427 0.482709 0.517188
0.206894 0.275863 0.517243
0.310346 0.137931 0.551723
0.310346 0.37931 0.310344
0.285717 0.464283 0.25
0.0001034 0.41375 0.586147
9.99192e-05 0.166652 0.833248
0.807694 0.192306 0
0.344827 0.310345 0.344828
0.310345 0.0689652 0.62069
0.655105 0.000103374 0.344792
0.344828 0.206896 0.448276
0.517243 0.0344805 0.448277
0.642857 0.357143 0
0.482759 0.103447 0.413794
0.0689629 0.586209 0.344829
0.137929 0.551726 0.310346
0.6 0.4 0
0.0333332 0.2 0.766667
0.413796 0.0344769 0.551727
0.433333 0.566667 0
0.0999998 0.0666665 0.833334
0.413795 0.172412 0.413793
0.0333017 8.84124e-05 0.96661
0.24138 0.310343 0.448277
0.133334 9.99566e-05 0.866566
0.241379 0.206896 0.551725
0.586208 0.0689636 0.344828
0.137929 0.275873 0.586198
0.0999996 0.9 0
0.857146 0.142854 0
0.103449 0.517239 0.379312
0.481481 0.518519 0
0.241381 0.41379 0.34483
0.206897 0.103448 0.689655
0.766672 0.233328 0
0.0666677 0.933332 0
0.482709 0.000103435 0.517188
0.379271 0.000103385 0.620625
0.275862 0.241379 0.482759
0.000100786 0.571371 0.428528
0.5 0.25 0.25
0.172405 0.448282 0.379313
0.000103425 0.275833 0.724063
0.066667 0.0333335 0.9
0.655176 0.0689605 0.275864
0.551717 0.172417 0.275866
0.269232 0.730768 0
0.4 0.6 0
0.0689634 0.24138 0.689657
0.571371 0.0001008 0.428528
0.749898 0.000102237 0.25
0.166668 0.0333331 0.799998
0.966667 0.0333333 0
0.517241 0.137931 0.344828
0.379396 0.103434 0.51717
0.9999 9.98316e-05 0
0.933337 0.066663 0
0.241378 0.137931 0.620691
0.233334 0.766666 0
0.413793 0.275862 0.310345
0.192307 0.807693 0
0.0333345 0.966666 0
0.9 0.1 0
0.000102218 0.749898 0.25
0.000103405 0.34479 0.655106
0.533333 0.466667 0
0.172412 0.206897 0.620691
0.0689599 0.482763 0.448277
0.275863 0.344826 0.379311
0.206895 0.517242 0.275863
0.0689655 0.310345 0.62069
0.357145 0.642855 0
0.136364 0.613636 0.25
9.69177e-05 8.49604e-05 0.999818
0.379306 0.241381 0.379313
0.000103437 0.655105 0.344792
9.99895e-05 0.9999 0
0.23331 9.97268e-05 0.76659
0.137931 0.413792 0.448277
0.0689621 0.655175 0.275863
0.0672688 0.394592 0.538139
0.689656 0.310344 0
0.103447 0.172414 0.724139
0.20689 0.379313 0.413796
