0.310348 0.379307 0.310344
0.613634 0.136366 0.25
0.100001 0.0666674 0.833331
0.966672 0.033328 0
0.299974 9.99832e-05 0.699926
0.310372 0.103444 0.586184
0.137931 0.37931 0.482759
0.6 0.4 0
0.206903 0.517222 0.275875
0.233336 0.766664 0
0.068965 0.413793 0.517242
0.999901 9.94638e-05 0
0.535663 0.000100358 0.464236
0.81482 0.18518 0
0.357143 0.285711 0.357145
0.482759 0.172413 0.344828
0.310334 0.241381 0.448285
0.466669 0.533331 0
0.103448 0.620691 0.275862
0.000102878 0.413751 0.586146
0.357144 0.642856 0
0.137921 0.517248 0.344831
0.0333271 0.966673 0
0.0689653 0.517242 0.413793
0.0333322 0.1 0.866668
0.0681808 0.681819 0.25
0.000102807 0.655104 0.344793
0.10343 0.448285 0.448285
0.467844 0.100254 0.431902
0.275867 0.206893 0.51724
0.86207 0.13793 0
0.206897 0.379308 0.413794
0.206861 0.000103288 0.793036
0.0666642 0.933336 0
0.0689644 0.310346 0.62069
0.55173 0.137929 0.310341
0.655104 0.000103342 0.344793
0.357144 0.392856 0.25
0.206888 0.206899 0.586213
0.680001 0.319999 0
9.82206e-05 0.999902 0
0.443177 0.306823 0.25
0.275861 0.0689651 0.655173
0.433333 0.566667 0
0.933333 0.0666668 0
0.899999 0.100001 0
0.100005 0.899995 0
0.103447 0.241379 0.655174
0.206897 0.310345 0.482759
0.172394 0.448287 0.37932
0.357101 0.000101393 0.642798
0.566665 0.433335 0
9.98971e-05 0.499948 0.499952
0.172408 0.275879 0.551712
0.749898 0.000102213 0.25
0.285709 0.464291 0.25
0.100002 0.133335 0.766664
0.266667 0.733333 0
0.172414 0.103446 0.72414
0.769228 0.230772 0
0.000103021 0.275832 0.724065
0.233377 0.0333353 0.733288
0.379315 0.0344709 0.586214
0.137929 0.172409 0.689662
0.000102205 0.749898 0.25
0.170456 0.579544 0.25
9.69367e-05 9.76484e-05 0.999805
0.133323 7.9851e-05 0.866597
0.448293 0.241372 0.310335
0.482759 0.0344827 0.482759
0.518518 0.481482 0
0.275863 0.310342 0.413795
0.275857 0.344831 0.379312
0.0344825 0.206897 0.758621
0.192298 0.807702 0
0.586147 0.000103132 0.41375
0.000103152 0.344789 0.655108
0.241372 0.413795 0.344833
0.689656 0.0344822 0.275862
0.413797 0.206889 0.379314
0.103416 0.344839 0.551745
9.89616e-05 0.16665 0.833251
0.633348 0.366652 0
0.448229 0.000103188 0.551667
0.0666501 3.48139e-05 0.933315
0.307693 0.692307 0
0.0344799 0.586205 0.379315
0.24138 0.13793 0.62069
0.413801 0.0689576 0.517242
0.620686 0.0689663 0.310347
0.535714 0.214286 0.25
0.000102713 0.551667 0.44823
0.379657 0.172317 0.448026
0.4 0.6 0
3.7206e-05 0.0666477 0.933315
0.551723 0.0689655 0.379312
0.379315 0.310342 0.310343
0.142856 0.857144 0
0.730764 0.269236 0
0.344828 0.137931 0.517241
