0.0344806 0.344828 0.620691
0.275861 0.310345 0.413794
0.103447 0.551725 0.344828
0.24138 0.379308 0.379312
0.766666 0.233334 0
0.310342 0.689658 0
0.238638 0.511362 0.25
0.655105 0.000103426 0.344792
0.241375 0.206898 0.551728
0.0689655 0.206896 0.724138
0.533283 9.99801e-05 0.466617
0.933332 0.0666675 0
0.000103424 0.551667 0.44823
0.269231 0.730769 0
0.579547 0.170453 0.25
0.103449 0.448272 0.448279
0.62069 0.0689655 0.310345
0.000103409 0.655105 0.344792
0.448274 0.24138 0.310346
0.192305 0.807695 0
0.137918 0.103436 0.758646
0.241378 0.137931 0.620691
0.551726 0.0689621 0.379312
9.99345e-05 0.499946 0.499954
0.233334 0.766666 0
0.482759 0.172414 0.344828
0.413793 0.206897 0.37931
0.586146 0.00010342 0.41375
0.000103432 0.275833 0.724063
0.275863 0.0689625 0.655175
0.357144 0.392856 0.25
0.0344818 0.448276 0.517242
9.99886e-05 0.19998 0.79992
0.642856 0.357144 0
9.99705e-05 0.399953 0.599947
0.0666655 0.933334 0
0.310344 0.172414 0.517242
0.206896 0.0689654 0.724138
0.0666671 0.133333 0.8
0.0689652 0.275862 0.655173
0.0333303 0.96667 0
0.428518 0.000100732 0.571381
0.17241 0.413795 0.413795
0.275863 0.448273 0.275863
0.857145 0.142855 0
0.34483 0.206895 0.448275
0.137931 0.241378 0.620691
0.344829 0.27586 0.379311
0.4 0.6 0
4.03095e-05 0.0666252 0.933334
0.9999 9.99032e-05 0
0.477272 0.272728 0.25
0.592594 0.407406 0
8.12661e-05 9.87605e-05 0.99982
0.310345 0.344828 0.344828
0.100001 0.0666688 0.83333
0.535722 0.464278 0
0.379312 0.103444 0.517244
0.433331 0.566669 0
0.0344785 0.689658 0.275863
0.17241 0.275863 0.551728
0.137922 0.344872 0.517207
0.206897 0.310345 0.482758
0.465398 0.033409 0.501193
0.730769 0.269231 0
0.0344809 0.586208 0.379311
0.19998 9.99089e-05 0.79992
9.99467e-05 0.9999 0
0.344831 0.0689572 0.586212
0.27586 0.241383 0.482757
0.172412 0.517243 0.310345
0.0689473 0.517252 0.413801
0.142856 0.857144 0
0.749898 0.000102236 0.25
0.102269 0.647731 0.25
0.0999986 0.900001 0
0.517247 0.206894 0.275859
0.06896 0.379312 0.551728
0.413793 0.137931 0.448276
0.206899 0.44827 0.344831
0.137931 0.586207 0.275862
0.172415 0.172409 0.655176
0.698651 0.0334676 0.267882
0.647748 0.102252 0.25
0.344792 0.000103429 0.655105
0.966668 0.0333323 0
0.481482 0.518518 0
0.35714 0.64286 0
0.551736 0.137927 0.310337
0.275833 0.000103272 0.724063
0.807693 0.192307 0
0.9 0.1 0
9.88056e-05 0.13332 0.866581
0.393056 0.321322 0.285621
0.13332 9.93416e-05 0.866581
0.000102136 0.749898 0.25
0.137928 0.48276 0.379312
0.689659 0.310341 0
0.482759 0.103448 0.413793
0.0666634 0.0333317 0.900005
