0.0689657 0.620688 0.310346
0.933331 0.0666686 0
0.310347 0.41379 0.275864
0.133332 0.1 0.766667
0.499979 0.066669 0.433352
0.310345 0.172413 0.517242
0.511361 0.238639 0.25
0.807693 0.192307 0
0.204546 0.545454 0.25
0.066729 0.46617 0.467101
0.275857 0.310347 0.413796
0.655171 0.344829 0
0.857145 0.142855 0
0.433339 0.566661 0
0.137931 0.275862 0.586207
9.99634e-05 0.19998 0.79992
0.066665 0.933335 0
0.586209 0.0344796 0.379312
0.655105 0.000103382 0.344792
0.344829 0.27586 0.379311
0.103447 0.24138 0.655174
0.137921 0.586214 0.275865
0.310343 0.344828 0.344828
0.285711 0.464289 0.25
0.566666 0.433334 0
0.413793 0.13793 0.448277
0.172414 0.310344 0.517242
0.0666667 0.133333 0.8
0.448278 0.034479 0.517243
0.137925 0.862075 0
0.200004 0.0666677 0.733328
0.379354 0.103441 0.517205
0.102272 0.647728 0.25
0.7 0.3 0
0.000103415 0.655105 0.344792
0.206897 0.206897 0.586207
0.518521 0.481479 0
0.766668 0.233332 0
0.10345 0.37931 0.517241
0.357143 0.642857 0
0.206895 0.448277 0.344828
0.448282 0.172403 0.379315
0.000102244 0.749898 0.25
0.172409 0.413796 0.413796
0.241379 0.103448 0.655173
0.9999 9.98168e-05 0
0.310342 0.24138 0.448277
0.0333336 0.699991 0.266676
0.000103427 0.448232 0.551665
0.0689651 0.206895 0.724139
0.185185 0.814815 0
0.0333334 0.966667 0
0.0666663 0.0666663 0.866667
0.000100425 0.535658 0.464241
0.579547 0.170453 0.25
0.413793 0.24138 0.344828
0.749898 0.000102258 0.25
0.607143 0.392857 0
0.517246 0.10344 0.379314
0.266668 0.733332 0
0.0344806 0.586208 0.379311
1.82574e-05 0.0666536 0.933328
0.647731 0.102269 0.25
0.344792 0.000103402 0.655105
0.172418 0.137933 0.689649
0.517242 0.172413 0.310345
0.206897 0.344825 0.448277
0.0999879 9.93106e-05 0.899913
0.399993 0.600007 0
0.586208 0.103447 0.310345
0.1 0.9 0
0.275833 0.000103437 0.724063
0.230769 0.769231 0
0.689656 0.0344825 0.275862
0.0689627 0.344854 0.586183
0.241379 0.241379 0.517241
0.000103418 0.379272 0.620625
0.392856 0.357144 0.25
0.466667 0.533333 0
0.899998 0.100002 0
0.448274 0.275864 0.275861
0.241365 0.379317 0.379317
0.133333 0.0333244 0.833342
0.103448 0.517241 0.37931
9.99883e-05 0.9999 0
0.53328 9.99741e-05 0.46662
0.379312 0.310344 0.310344
0.275864 0.137925 0.586211
0.0344828 0.310344 0.655174
0.310343 0.0689645 0.620693
9.82828e-05 0.133318 0.866584
9.93778e-05 9.66531e-05 0.999804
0.379311 0.206895 0.413794
0.428523 0.000100777 0.571377
0.966667 0.0333327 0
0.19998 9.99465e-05 0.79992
0.733333 0.266667 0
0.000103302 0.275834 0.724063
0.307695 0.692305 0
0.172414 0.517241 0.310345
