0.399999 0.600001 0
0.482761 0.103444 0.413795
0.275853 0.379315 0.344832
0.0344807 0.655174 0.310346
0.1724 0.551759 0.27584
0.100001 0.166665 0.733334
0.413793 0.13793 0.448276
0.206897 0.206897 0.586207
0.0666688 0.933331 0
0.103449 0.310344 0.586207
0.379308 0.344832 0.27586
0.655105 0.000103165 0.344792
0.241379 0.241379 0.517241
9.9915e-05 0.0999904 0.89991
0.699488 0.0333898 0.267123
0.23077 0.76923 0
0.103448 0.586207 0.310345
0.517243 0.137929 0.344828
0.233311 9.97228e-05 0.76659
9.90593e-05 8.43802e-05 0.999817
0.647726 0.102274 0.25
0.655164 0.344836 0
0.0335593 0.536914 0.429526
0.206896 0.310345 0.482759
0.178143 0.428795 0.393062
0.24138 0.344826 0.413794
0.448274 0.172414 0.379312
0.000101753 0.321394 0.678505
0.000102173 0.749898 0.25
0.533333 0.466667 0
0.566661 0.433339 0
0.86207 0.13793 0
0.310347 0.0689596 0.620694
0.448283 0.241368 0.310349
0.0689659 0.206896 0.724138
0.48148 0.51852 0
0.53566 0.000100423 0.46424
0.166664 0.033332 0.800004
0.464295 0.285705 0.25
0.7 0.3 0
0.749898 0.000102255 0.25
0.9 0.1 0
0.266667 0.733333 0
0.620689 0.0689656 0.310345
9.96602e-05 0.266637 0.733263
0.275862 0.275862 0.448276
0.344828 0.137931 0.517241
0.272725 0.477275 0.25
0.185183 0.814817 0
0.310343 0.413797 0.27586
0.133335 0.100001 0.766664
0.241382 0.448273 0.310345
0.44823 0.000103356 0.551667
0.241379 0.103448 0.655172
0.357141 0.392859 0.25
0.357153 0.285709 0.357137
0.310345 0.310345 0.37931
0.214277 0.535723 0.25
0.0333336 0.966666 0
0.13793 0.379317 0.482753
0.814814 0.185186 0
0.172411 0.137929 0.689661
0.103447 0.448276 0.448276
0.103446 0.24138 0.655174
0.275862 0.172413 0.551725
0.9999 9.97416e-05 0
0.433261 0.0666748 0.500064
0.357142 0.642858 0
0.1 0.9 0
0.517241 0.206896 0.275862
9.99888e-05 0.199982 0.799918
0.137923 0.862077 0
9.96914e-05 0.9999 0
0.0689587 0.413796 0.517245
9.99686e-05 0.49995 0.49995
0.172413 0.275862 0.551725
0.344792 0.000103311 0.655104
0.379313 0.0344773 0.58621
0.2 0.0666664 0.733334
0.102275 0.647725 0.25
0.733334 0.266666 0
0.933341 0.0666589 0
0.0666603 5.14293e-05 0.933288
0.137928 0.517243 0.344829
0.586211 0.0344752 0.379314
0.133337 9.99631e-05 0.866563
0.379309 0.206897 0.413794
0.00010343 0.620625 0.379271
0.000103374 0.41375 0.586146
0.0344806 0.344826 0.620694
0.607144 0.392856 0
0.579539 0.170461 0.25
0.100001 0.066666 0.833333
0.0333316 0.133335 0.833333
0.76923 0.23077 0
0.966672 0.0333277 0
0.310349 0.206895 0.482756
0.266669 0.0333317 0.699999
0.433334 0.566666 0
0.307695 0.692305 0
