0.407406 0.592594 0
0.310313 0.00010316 0.689584
0.166669 0.0666676 0.766663
0.9 0.1 0
0.310344 0.206898 0.482758
0.586205 0.137932 0.275863
0.1 0.1 0.799999
0.0666663 0.933334 0
0.511363 0.238637 0.25
0.172414 0.413793 0.413793
0.000103381 0.275834 0.724063
0.206894 0.344829 0.448277
0.000103434 0.689584 0.310313
0.41375 0.000103419 0.586147
0.320001 0.679999 0
0.655105 0.000103398 0.344792
0.448282 0.103438 0.44828
0.464285 0.535715 0
0.0666686 0.0666686 0.866663
0.44828 0.241378 0.310343
0.0344828 0.310345 0.655172
0.586146 0.000103403 0.41375
0.0333338 0.200003 0.766663
0.1 0.9 0
0.137929 0.551726 0.310345
0.172408 0.310351 0.517241
0.103448 0.206896 0.689656
0.241379 0.137931 0.62069
0.344827 0.379311 0.275862
0.655171 0.344829 0
0.733334 0.266666 0
0.366667 0.633333 0
0.0680983 0.681006 0.250896
0.269231 0.730769 0
0.647731 0.102269 0.25
0.0333323 0.966668 0
0.241379 0.37931 0.37931
9.999e-05 0.9999 0
0.518517 0.481483 0
0.807692 0.192308 0
0.551724 0.0689656 0.379311
0.275864 0.068958 0.655178
0.204545 0.545455 0.25
0.000102228 0.749898 0.25
0.0999868 9.02733e-05 0.899923
0.241379 0.482759 0.275862
0.133334 0.0333295 0.833337
0.344828 0.241379 0.413793
0.344828 0.0344818 0.62069
0.13793 0.13793 0.724139
0.206897 0.241377 0.551726
0.482759 0.137931 0.37931
0.379313 0.172409 0.448279
0.700001 0.299999 0
0.27586 0.413797 0.310343
0.137917 0.379371 0.482711
0.103448 0.344828 0.551724
0.749898 0.000102254 0.25
0.379311 0.275862 0.344828
0.241379 0.034482 0.724139
0.857143 0.142857 0
0.966666 0.0333342 0
0.000103426 0.44823 0.551667
0.0333315 0.0333315 0.933337
0.206897 0.448275 0.344828
0.0689634 0.586208 0.344828
0.344828 0.137931 0.517241
0.517241 0.172414 0.310345
0.275862 0.172414 0.551724
0.306812 0.443187 0.25
0.103448 0.62069 0.275862
0.0666666 0.433333 0.500001
0.699521 0.0333864 0.267093
0.00010041 0.535655 0.464244
0.241381 0.275856 0.482762
0.230769 0.769231 0
0.185187 0.814813 0
0.172414 0.172414 0.655172
0.4138 0.31034 0.27586
9.93395e-05 8.68601e-05 0.999814
0.62069 0.0689655 0.310345
0.000103427 0.620625 0.379271
0.9999 9.99262e-05 0
0.392855 0.357144 0.25
0.137931 0.275862 0.586207
0.275862 0.310344 0.413794
0.766668 0.233332 0
9.99318e-05 0.166651 0.833249
8.83336e-05 0.0999888 0.899923
0.137931 0.862069 0
0.413792 0.206897 0.379311
0.49995 9.98827e-05 0.499951
0.607142 0.392858 0
0.566665 0.433335 0
0.310344 0.344828 0.344828
0.19998 9.9698e-05 0.79992
0.000103408 0.379271 0.620625
0.100716 0.503599 0.395685
0.379315 0.068965 0.55172
0.933333 0.0666667 0
