0.413794 0.0689642 0.517242
0.214284 0.535716 0.25
0.103448 0.310345 0.586207
0.0666676 0.933332 0
0.166666 0.066667 0.766667
0.357147 0.250001 0.392853
0.0333332 0.2 0.766667
0.137932 0.448272 0.413796
0.44318 0.30682 0.25
0.192307 0.807693 0
0.310345 0.206897 0.482759
0.310344 0.689656 0
0.545447 0.204553 0.25
0.269232 0.730768 0
0.233334 0.766666 0
0.172414 0.482759 0.344828
0.275862 0.310344 0.413794
0.857145 0.142855 0
0.137931 0.137931 0.724138
0.172415 0.275856 0.551729
0.34483 0.0344754 0.620694
0.000103437 0.586146 0.41375
0.482755 0.137932 0.379314
0.647725 0.102275 0.25
0.466667 0.533333 0
0.9 0.1 0
0.03333 0.96667 0
0.0689641 0.379311 0.551725
0.357143 0.642857 0
0.689584 0.000103424 0.310313
0.137931 0.551724 0.310345
0.0689657 0.51724 0.413794
0.1 0.9 0
0.642854 0.357146 0
0.310355 0.103447 0.586198
0.206897 0.206897 0.586207
0.448276 0.10344 0.448285
0.102274 0.647726 0.25
0.966667 0.0333333 0
0.689657 0.310343 0
0.275859 0.172414 0.551726
0.206896 0.310346 0.482758
0.241375 0.0689648 0.68966
0.933333 0.0666667 0
0.241379 0.448276 0.310345
0.413793 0.275862 0.310345
0.0333326 0.0999994 0.866668
0.241378 0.379311 0.379311
0.586209 0.0689615 0.344829
0.379309 0.344828 0.275863
0.620625 0.000103437 0.379271
0.399998 0.600002 0
0.518525 0.481475 0
0.13793 0.344828 0.517242
0.551725 0.13793 0.310345
0.172412 0.379303 0.448285
0.0344825 0.448276 0.517242
0.0999985 0.200002 0.699999
0.1 0.0333318 0.866668
0.0344806 0.689657 0.275863
0.48276 0.241378 0.275863
0.766667 0.233333 0
0.100005 0.100005 0.79999
0.0689582 0.586212 0.34483
0.16665 9.8255e-05 0.833252
0.137927 0.24138 0.620692
0.9999 9.99729e-05 0
9.9985e-05 0.499951 0.499949
0.536927 0.0335579 0.429516
0.142857 0.857143 0
0.0344828 0.344827 0.620691
0.241379 0.241379 0.517241
0.6 0.4 0
9.98507e-05 0.9999 0
0.321422 0.428577 0.25
0.807695 0.192305 0
9.58236e-05 9.62857e-05 0.999808
0.0666548 9.02149e-05 0.933255
0.0689644 0.275859 0.655177
0.310345 0.344827 0.344828
0.000103408 0.655105 0.344792
0.433334 0.566666 0
0.241381 0.137926 0.620693
9.98249e-05 0.399967 0.599933
0.103448 0.413793 0.482759
0.000103409 0.275832 0.724064
0.310313 0.000103434 0.689584
0.448278 0.206894 0.344829
9.90479e-05 0.166649 0.833252
0.41375 0.000103414 0.586146
0.37931 0.137931 0.482759
0.172411 0.172411 0.655177
0.413793 0.172414 0.413793
0.499951 9.99092e-05 0.499949
0.566665 0.433335 0
0.23331 9.99804e-05 0.76659
0.000102256 0.749898 0.25
0.730769 0.269231 0
0.749898 0.000102255 0.25
8.71184e-05 0.0666579 0.933255
