0.517245 0.137925 0.34483
0.266667 0.733333 0
0.0999995 0.900001 0
0.206893 0.172416 0.620692
0.345041 0.103414 0.551545
0.0689654 0.310345 0.62069
0.0689613 0.24138 0.689659
0.966669 0.0333305 0
0.137932 0.51724 0.344829
0.379307 0.310351 0.310342
9.99897e-05 0.166652 0.833248
0.166667 0.0666657 0.766667
9.9898e-05 0.233313 0.766587
0.000100363 0.535659 0.464241
0.241382 0.379303 0.379315
0.0344837 0.586195 0.379321
0.814812 0.185188 0
0.0689648 0.172413 0.758622
0.103446 0.379311 0.517243
0.310312 0.00010333 0.689584
0.600001 0.399999 0
0.000102052 0.749898 0.25
0.481482 0.518518 0
0.170458 0.579542 0.25
0.344828 0.034477 0.620695
0.692308 0.307692 0
0.647728 0.102272 0.25
0.433338 0.566662 0
0.642858 0.357142 0
0.137852 0.414126 0.448022
0.413794 0.034474 0.551732
0.0689582 0.448279 0.482763
0.551666 0.000103342 0.44823
0.103449 0.482758 0.413793
0.448283 0.172402 0.379315
0.24138 0.448273 0.310346
0.000103346 0.482709 0.517188
0.310346 0.344826 0.344828
0.379313 0.13793 0.482757
0.24139 0.0344805 0.72413
0.275864 0.310341 0.413795
0.0344817 0.413794 0.551725
0.37931 0.206896 0.413793
0.655105 0.00010342 0.344792
0.0333325 0.966667 0
0.275862 0.172413 0.551725
0.000103405 0.655105 0.344792
0.206896 0.517243 0.275861
0.133321 9.99476e-05 0.86658
0.192305 0.807695 0
0.689683 0.0344449 0.275872
0.0999998 0.0999998 0.8
0.579543 0.170457 0.25
0.344835 0.655165 0
0.357138 0.392862 0.25
0.413795 0.241377 0.344829
0.392862 0.607138 0
0.482768 0.103432 0.4138
0.102271 0.647729 0.25
0.172414 0.137931 0.689655
9.18848e-05 7.3775e-05 0.999834
0.0666672 0.933333 0
0.300011 0.699989 0
0.9999 9.98789e-05 0
0.103442 0.586231 0.310327
0.142857 0.857143 0
0.517243 0.206894 0.275863
0.241379 0.241379 0.517241
0.769227 0.230773 0
0.206897 0.344827 0.448276
7.67364e-05 0.0999986 0.899925
0.137921 0.206893 0.655185
0.233329 0.766671 0
0.0666676 0.0666676 0.866665
0.0666591 1.71744e-07 0.933341
0.172412 0.310352 0.517236
9.99296e-05 0.9999 0
0.566665 0.433335 0
0.749898 0.000102101 0.25
0.275862 0.103448 0.62069
0.344828 0.275862 0.37931
0.466654 0.0666575 0.466689
0.586209 0.0344787 0.379312
0.137928 0.275881 0.586192
0.000103365 0.379271 0.620625
0.172414 0.448276 0.37931
0.733334 0.266666 0
0.392821 0.000101094 0.607078
0.899997 0.100003 0
0.272729 0.477271 0.25
0.0344776 0.689659 0.275863
0.310346 0.206896 0.482758
0.482709 0.000103412 0.517188
0.933332 0.0666684 0
0.19998 9.99096e-05 0.79992
0.464291 0.285709 0.25
0.58629 0.103426 0.310284
0.533326 0.466674 0
0.000103433 0.310312 0.689584
0.862078 0.137922 0
