0.000100358 0.464241 0.535659
0.655105 0.0001034 0.344792
0.899998 0.100002 0
0.448274 0.172414 0.379311
0.4 0.6 0
0.275856 0.241381 0.482762
0.103448 0.62069 0.275862
0.340909 0.409091 0.25
0.1 0.0666667 0.833333
0.233333 0.766667 0
0.000103422 0.275834 0.724063
0.103447 0.275863 0.62069
0.545455 0.204545 0.25
0.37931 0.344828 0.275862
0.647723 0.102277 0.25
0.1 0.9 0
0.103447 0.482759 0.413794
0.933332 0.0666681 0
0.379428 0.103428 0.517144
0.320002 0.679998 0
0.0689563 0.55173 0.379314
0.749898 0.000102163 0.25
0.0666662 0.933334 0
0.586205 0.0689658 0.344829
0.206901 0.51723 0.275869
0.518519 0.481481 0
0.433333 0.566667 0
0.0344788 0.517243 0.448278
0.379271 0.000103389 0.620626
0.733333 0.266667 0
9.99084e-05 0.9999 0
0.206896 0.137931 0.655173
0.6 0.4 0
0.206897 0.310345 0.482759
0.137925 0.517245 0.34483
0.464241 0.000100381 0.535659
0.0333324 0.966668 0
0.142857 0.857143 0
0.482754 0.241381 0.275864
0.0689617 0.241369 0.68967
0.566667 0.433333 0
0.642855 0.357145 0
0.310343 0.379312 0.310345
0.0333338 0.133333 0.833333
0.586195 0.137935 0.27587
0.814811 0.185189 0
0.206897 0.0689655 0.724138
0.366663 0.633337 0
0.76923 0.23077 0
0.241376 0.413795 0.344829
0.172414 0.206897 0.62069
0.443168 0.306832 0.25
0.000103326 0.206848 0.793048
0.000103376 0.379271 0.620626
0.103429 0.379427 0.517144
0.0666599 9.07634e-05 0.933249
0.137922 0.413797 0.448281
0.379314 0.241371 0.379314
0.0681776 0.681822 0.25
0.862071 0.137929 0
0.586146 0.000103409 0.41375
0.517237 0.137932 0.344831
0.466668 0.533332 0
0.206897 0.379309 0.413794
0.00010329 0.586146 0.41375
0.275862 0.103448 0.62069
0.0344827 0.310344 0.655173
0.310339 0.275865 0.413797
0.103448 0.172414 0.724138
9.91126e-05 9.95131e-05 0.999801
0.344827 0.206897 0.448276
0.0689046 0.345406 0.58569
0.310343 0.172414 0.517243
0.133319 7.17379e-05 0.866609
0.19998 9.95932e-05 0.799921
0.000102223 0.749898 0.25
0.692306 0.307694 0
0.172413 0.275862 0.551725
0.310345 0.0344821 0.655173
0.689657 0.0344803 0.275863
0.285712 0.464288 0.25
0.172407 0.448279 0.379313
0.0344813 0.620691 0.344828
0.170456 0.579544 0.25
0.275834 0.000103427 0.724063
0.966668 0.0333322 0
0.344826 0.310345 0.344828
0.413813 0.137926 0.448261
0.413793 0.275862 0.310345
9.84837e-05 0.0999898 0.899912
0.241379 0.206896 0.551725
0.133339 0.100004 0.766656
0.517188 0.000103308 0.482709
0.9999 9.98259e-05 0
0.000103418 0.689584 0.310313
0.34538 0.0689073 0.585713
0.275852 0.344834 0.379314
0.502399 0.066975 0.430626
0.192308 0.807692 0
0.269232 0.730768 0
