0.166665 0.0333335 0.800001
0.482759 0.13793 0.379311
0.448273 0.206898 0.344829
0.068965 0.586207 0.344828
0.172414 0.482759 0.344828
0.000103282 0.275833 0.724064
0.766669 0.233331 0
0.103448 0.62069 0.275862
0.4 0.6 0
0.413794 0.172412 0.413794
0.13793 0.344825 0.517245
0.142857 0.857143 0
0.170455 0.579545 0.25
0.37931 0.137931 0.482759
0.310347 0.27586 0.413793
0.899999 0.100001 0
0.392858 0.357142 0.25
0.000102258 0.749898 0.25
0.517245 0.0689583 0.413796
0.448257 0.275871 0.275871
0.51136 0.23864 0.25
0.481482 0.518518 0
0.23331 9.99637e-05 0.76659
0.233334 0.766666 0
0.933333 0.0666673 0
0.310345 0.413793 0.275862
0.206897 0.517241 0.275862
0.0666659 0.200001 0.733333
0.379317 0.241367 0.379316
0.0669752 0.430627 0.502398
0.275853 0.379315 0.344832
0.103447 0.310345 0.586208
0.000103437 0.689584 0.310313
0.000103423 0.448229 0.551667
0.137922 0.44828 0.413797
0.586215 0.103436 0.310349
0.275862 0.0689643 0.655173
0.137927 0.172415 0.689658
0.0344821 0.379311 0.586207
0.689658 0.0344792 0.275863
0.100001 0.133334 0.766665
0.807696 0.192304 0
0.0666648 0.0999973 0.833338
0.533333 0.466667 0
0.0666654 0.933335 0
0.000101459 0.357107 0.642792
0.566665 0.433335 0
0.13332 9.99411e-05 0.86658
0.607138 0.392862 0
0.37927 0.000103418 0.620626
0.586207 0.0344825 0.37931
0.699998 0.300002 0
0.206897 0.413793 0.37931
0.344829 0.206893 0.448277
0.0344823 0.310345 0.655173
0.310344 0.689656 0
0.0333293 0.966671 0
0.206896 0.0689654 0.724139
0.172413 0.275862 0.551725
0.103442 0.517246 0.379312
0.655171 0.344829 0
0.310313 0.000103407 0.689584
0.0666599 8.28764e-05 0.933257
0.206907 0.206894 0.586199
0.357143 0.642857 0
9.99381e-05 0.199981 0.799919
9.74359e-05 7.79006e-05 0.999825
9.99523e-05 0.13332 0.86658
0.310345 0.103448 0.586207
0.0333311 0.0666623 0.900007
0.344827 0.310345 0.344828
0.241376 0.344829 0.413795
0.613636 0.136364 0.25
0.272733 0.477267 0.25
0.0681813 0.681819 0.25
0.26923 0.73077 0
0.192305 0.807695 0
0.310347 0.172408 0.517245
0.551667 0.000103416 0.44823
0.206897 0.310345 0.482759
0.857145 0.142855 0
0.000103424 0.620625 0.379271
0.448277 0.103446 0.448277
0.379312 0.0689626 0.551726
0.966667 0.0333332 0
9.9885e-05 0.9999 0
0.0999988 0.900001 0
0.000100397 0.53566 0.464239
0.655105 0.000103419 0.344792
0.275862 0.24138 0.482759
0.433335 0.566665 0
0.464251 0.000100315 0.535649
0.749898 0.00010218 0.25
0.103449 0.241377 0.655175
0.172414 0.379308 0.448277
0.241379 0.448277 0.310344
0.551721 0.172415 0.275864
0.241379 0.137931 0.62069
0.733333 0.266667 0
0.9999 9.99763e-05 0
