0.206897 0.413793 0.37931
0.133328 0.100001 0.766672
0.0333328 0.966667 0
0.689584 0.000103388 0.310313
0.0333333 0.133333 0.833334
0.310346 0.413792 0.275862
0.620694 0.0344767 0.34483
0.392855 0.357145 0.25
0.103447 0.206895 0.689658
0.272727 0.477273 0.25
0.0689657 0.51724 0.413794
0.0344833 0.68965 0.275866
0.000103427 0.379271 0.620625
0.466672 0.533328 0
0.466669 0.0666611 0.46667
0.102273 0.647727 0.25
0.692311 0.307689 0
0.37931 0.137931 0.482759
0.137931 0.275862 0.586207
0.241379 0.344827 0.413793
0.204545 0.545455 0.25
0.379311 0.068964 0.551725
0.310344 0.689656 0
0.310313 0.000103328 0.689583
0.64286 0.35714 0
0.000102236 0.749898 0.25
0.413792 0.172414 0.413794
0.0669876 0.430604 0.502408
0.344836 0.24136 0.413803
0.9999 9.99438e-05 0
0.310345 0.206897 0.482759
0.571377 0.000100814 0.428522
0.233312 9.99878e-05 0.766588
0.899998 0.100002 0
0.933332 0.0666683 0
0.241377 0.137931 0.620691
0.41379 0.241381 0.344829
0.275862 0.0689655 0.655172
0.6 0.4 0
0.357143 0.642857 0
0.399999 0.600001 0
0.310345 0.310345 0.37931
0.48271 0.000103344 0.517186
9.97053e-05 0.53328 0.46662
0.000103189 0.275832 0.724065
0.275861 0.379311 0.344828
0.166651 9.99395e-05 0.833249
0.733333 0.266667 0
0.275862 0.172414 0.551725
0.766666 0.233334 0
0.206893 0.0689644 0.724143
0.103449 0.551723 0.344829
0.482755 0.172415 0.34483
0.0344822 0.586207 0.37931
0.241375 0.448287 0.310339
0.647728 0.102272 0.25
0.172403 0.379315 0.448281
0.172413 0.482759 0.344828
0.551736 0.137927 0.310337
0.433334 0.566666 0
0.137916 0.448284 0.4138
0.269236 0.730764 0
0.103437 0.344902 0.551662
0.464282 0.285718 0.25
0.192309 0.807691 0
0.000103413 0.655105 0.344792
0.379312 0.310344 0.310344
0.033332 0.033332 0.933336
0.966666 0.0333336 0
0.344828 0.0344809 0.620691
0.310345 0.103448 0.586207
0.000103345 0.44823 0.551667
0.518519 0.481481 0
9.86605e-05 9.96055e-05 0.999802
0.0666659 0.933334 0
0.579546 0.170454 0.25
9.99797e-05 0.9999 0
0.233333 0.766667 0
0.1 0.0666668 0.833333
0.0999917 9.96809e-05 0.899909
0.206896 0.310345 0.482759
0.344828 0.344828 0.310345
0.1 0.9 0
0.137927 0.58621 0.275863
0.241379 0.241379 0.517241
9.99583e-05 0.200022 0.799878
6.5074e-05 0.0999907 0.899944
0.142854 0.857146 0
0.0344828 0.310345 0.655172
0.068965 0.172413 0.758622
0.749898 0.000102249 0.25
0.517243 0.206895 0.275863
0.172414 0.137928 0.689658
0.857143 0.142857 0
0.275862 0.275862 0.448276
0.566667 0.433333 0
0.517247 0.103437 0.379316
0.172411 0.206897 0.620692
0.807691 0.192309 0
0.41375 0.000103429 0.586146
