0.172428 0.551688 0.275884
0.0333332 0.966667 0
0.275857 0.241379 0.482764
0.502386 0.0669884 0.430625
0.517241 0.206897 0.275862
0.310345 0.37931 0.310345
0.172407 0.344829 0.482764
0.407398 0.592602 0
0.000103109 0.586147 0.41375
0.166666 0.0666666 0.766667
0.899997 0.100003 0
0.586207 0.0344821 0.379311
0.566656 0.433344 0
0.000103402 0.655104 0.344792
0.275852 0.344832 0.379315
0.103441 0.379314 0.517246
0.137931 0.413793 0.448276
0.241376 0.413795 0.344828
0.0666686 0.933331 0
0.413793 0.137931 0.448276
0.172409 0.448279 0.379313
0.1 0.9 0
0.96667 0.0333295 0
0.357135 0.285719 0.357147
0.807693 0.192307 0
0.266672 0.733328 0
0.230769 0.769231 0
0.0689617 0.344829 0.586209
0.379307 0.0689664 0.551726
0.344827 0.137931 0.517242
0.000103379 0.379272 0.620625
0.241382 0.310344 0.448274
0.000103387 0.310312 0.689584
0.357144 0.642856 0
0.517242 0.13793 0.344828
0.34483 0.0344762 0.620694
0.689658 0.0344785 0.275863
0.0333309 0.133333 0.833336
0.9999 9.99436e-05 0
0.307694 0.692306 0
0.238639 0.511361 0.25
0.0666404 8.62685e-05 0.933273
8.72936e-05 0.0999882 0.899925
0.0689654 0.620689 0.310346
9.20027e-05 8.27181e-05 0.999825
0.37931 0.344828 0.275862
0.1 0.0999993 0.800001
0.275855 0.068964 0.655181
0.448277 0.172413 0.379311
0.448277 0.0344811 0.517242
0.241387 0.172412 0.586201
0.0666634 0.166669 0.766667
0.172413 0.206894 0.620693
0.206897 0.103446 0.689657
0.464295 0.285705 0.25
0.136363 0.613637 0.25
0.103442 0.482762 0.413796
0.137933 0.862067 0
0.206896 0.275862 0.517241
0.166653 9.73812e-05 0.83325
0.655104 0.000103395 0.344792
0.000103403 0.44823 0.551667
0.46428 0.53572 0
0.137929 0.310344 0.551726
0.766667 0.233333 0
0.586482 0.103364 0.310154
0.0344795 0.24138 0.72414
0.933337 0.0666628 0
0.642857 0.357143 0
0.0344828 0.689655 0.275862
0.13793 0.137929 0.72414
0.600008 0.399992 0
0.185185 0.814815 0
0.68966 0.31034 0
0.579541 0.170459 0.25
9.99783e-05 0.533281 0.466619
0.647733 0.102267 0.25
0.000102158 0.749898 0.25
0.73077 0.26923 0
9.99332e-05 0.9999 0
0.241354 0.000103359 0.758542
0.310345 0.103448 0.586207
9.83273e-05 0.199982 0.79992
0.340911 0.409089 0.25
0.275858 0.448284 0.275858
0.0999931 0.033331 0.866676
0.103444 0.241375 0.655181
0.85714 0.14286 0
0.137932 0.517237 0.344831
0.518518 0.481482 0
0.749898 0.000102208 0.25
0.325917 0.203313 0.47077
0.0689606 0.448276 0.482764
0.533281 9.99562e-05 0.466619
0.206893 0.379312 0.413795
0.310312 0.00010336 0.689584
0.0689629 0.551726 0.379311
0.41375 0.000103424 0.586146
0.379308 0.206897 0.413795
0.447689 0.241635 0.310676
