0.24138 0.0344809 0.724139
0.310313 0.000103432 0.689584
0.344827 0.206897 0.448276
0.0344712 0.551731 0.413798
0.899998 0.100002 0
9.98143e-05 0.9999 0
0.344824 0.0344824 0.620694
0.689584 0.000103402 0.310313
0.000103414 0.310313 0.689584
0.0344826 0.241379 0.724138
0.241377 0.137929 0.620694
0.9999 9.98607e-05 0
0.551732 0.0689542 0.379314
0.482708 0.000103382 0.517188
0.206896 0.413793 0.37931
0.0333316 0.966668 0
0.733334 0.266666 0
0.000103244 0.206875 0.793022
0.275858 0.379312 0.344829
0.357143 0.642857 0
0.206897 0.310346 0.482756
0.466666 0.533334 0
0.285713 0.464287 0.25
0.692309 0.307691 0
0.517244 0.137927 0.344829
0.579547 0.170453 0.25
0.586146 0.000103424 0.413751
0.518522 0.481478 0
0.266666 0.733334 0
0.76923 0.23077 0
0.103439 0.137915 0.758645
0.000103414 0.689584 0.310313
0.19998 9.99536e-05 0.79992
0.172415 0.379308 0.448278
0.511368 0.238632 0.25
0.814817 0.185183 0
0.681818 0.0681818 0.25
9.46128e-05 0.133319 0.866586
0.448278 0.0689652 0.482756
0.933333 0.0666668 0
0.172416 0.482752 0.344832
0.4 0.6 0
0.1 0.9 0
0.413787 0.137933 0.448281
0.172414 0.137929 0.689657
0.448277 0.172412 0.379311
0.241383 0.448267 0.31035
0.307693 0.692307 0
9.99305e-05 0.499954 0.499946
0.0344784 0.344828 0.620694
0.275863 0.172412 0.551725
0.517242 0.0344809 0.448277
0.241378 0.344828 0.413794
0.241379 0.241379 0.517241
0.620699 0.0344681 0.344833
0.433332 0.566668 0
0.137931 0.275862 0.586207
0.566667 0.433333 0
0.170453 0.579547 0.25
0.600002 0.399998 0
0.344833 0.379301 0.275866
0.392862 0.357138 0.25
0.620691 0.103446 0.275863
0.642857 0.357143 0
0.000103364 0.41375 0.586146
0.166668 0.0666667 0.766666
0.482758 0.103448 0.413794
0.000103211 0.620626 0.379271
0.310345 0.310345 0.37931
0.275862 0.0689652 0.655173
0.0333266 0.0666532 0.90002
0.275862 0.275862 0.448276
0.066659 8.99376e-05 0.933251
0.0689655 0.62069 0.310345
0.185183 0.814817 0
0.39286 0.249998 0.357142
0.0666651 0.933335 0
0.86207 0.13793 0
0.41375 0.000103421 0.586146
0.103448 0.551724 0.344828
0.000102254 0.749898 0.25
0.0689653 0.275862 0.655173
0.344828 0.13793 0.517242
0.749898 0.000102215 0.25
0.133318 9.59587e-05 0.866586
0.0689649 0.413792 0.517243
0.137931 0.206897 0.655173
0.966667 0.0333329 0
0.206897 0.206897 0.586207
0.482775 0.20689 0.310335
0.100256 0.467863 0.431881
0.230769 0.769231 0
9.5356e-05 9.58366e-05 0.999809
0.0666681 0.100002 0.83333
0.448273 0.275863 0.275863
0.206887 0.517263 0.27585
0.103448 0.344828 0.551724
0.137931 0.862069 0
0.379314 0.0689607 0.551725
0.10227 0.64773 0.25
