0.0344802 0.206897 0.758623
0.137931 0.862069 0
0.517254 0.0689479 0.413798
0.0666598 9.99773e-05 0.93324
0.241342 0.000103427 0.758555
0.379316 0.137917 0.482766
0.068955 0.586214 0.344832
0.204544 0.545456 0.25
0.172413 0.24138 0.586207
0.133319 9.73359e-05 0.866584
0.307692 0.692308 0
0.0333336 0.100001 0.866665
0.137933 0.448269 0.413798
0.0666693 0.133338 0.799992
0.310345 0.310345 0.37931
0.0999999 0.9 0
0.103446 0.517243 0.379311
0.586207 0.13793 0.275862
0.689662 0.310338 0
0.137931 0.586206 0.275863
0.172414 0.172414 0.655173
0.275863 0.0689636 0.655174
0.20001 0.100005 0.699985
0.000103236 0.379271 0.620626
0.103448 0.310345 0.586207
0.344827 0.206899 0.448275
0.499944 9.99804e-05 0.499956
0.0689655 0.448276 0.482759
0.899998 0.100002 0
0.241381 0.137929 0.62069
0.586196 0.0689673 0.344836
0.379274 9.58202e-05 0.62063
0.586147 0.000103189 0.41375
0.518522 0.481478 0
0.642857 0.357143 0
0.275862 0.172414 0.551724
0.857143 0.142857 0
0.275865 0.379304 0.344831
0.566665 0.433335 0
0.000101973 0.749898 0.25
0.966665 0.0333345 0
0.0333325 0.966668 0
0.103449 0.241377 0.655174
0.000103334 0.689584 0.310313
0.689656 0.0344811 0.275863
0.134614 0.360586 0.5048
0.647729 0.102271 0.25
0.730769 0.269231 0
0.102272 0.647728 0.25
0.000103409 0.448231 0.551665
0.17241 0.482761 0.344829
0.466669 0.533331 0
0.379335 0.344814 0.275851
0.933337 0.0666635 0
4.67887e-05 0.166658 0.833295
0.807693 0.192307 0
0.6 0.4 0
0.185179 0.814821 0
0.344826 0.103449 0.551725
0.000103359 0.275832 0.724064
0.172412 0.0344823 0.793106
0.1 0.0666668 0.833333
0.448266 0.2069 0.344834
0.0689644 0.379311 0.551725
0.310272 0.000103231 0.689625
0.749898 0.000102064 0.25
0.275864 0.241374 0.482762
0.413793 0.275862 0.310345
9.98059e-05 0.06666 0.93324
0.433333 0.566667 0
0.00010041 0.535655 0.464244
0.545455 0.204545 0.25
0.246339 0.287108 0.466552
0.172414 0.310346 0.51724
0.230768 0.769232 0
0.9999 9.99744e-05 0
0.429518 0.0335441 0.536938
0.482759 0.241379 0.275862
0.266669 0.733331 0
0.379309 0.24138 0.379311
0.655105 0.00010314 0.344792
0.413789 0.172415 0.413796
8.46758e-05 8.53115e-05 0.99983
0.448277 0.103445 0.448277
0.172414 0.37931 0.448276
0.321413 0.428587 0.25
0.0666653 0.933335 0
0.241406 0.4827 0.275893
0.241371 0.344832 0.413798
0.206897 0.413793 0.37931
0.517242 0.13793 0.344828
0.39998 0.60002 0
0.000103432 0.620626 0.379271
0.766667 0.233333 0
0.137931 0.137931 0.724138
0.0344827 0.310345 0.655173
9.98896e-05 0.9999 0
0.443162 0.306838 0.25
0.344828 0.344828 0.310345
0.357143 0.642857 0
