0.5 0.25 0.25
0.379312 0.103446 0.517243
0.9999 9.97969e-05 0
0.000100386 0.535662 0.464237
0.551725 0.0689636 0.379311
0.099936 0.0999952 0.800069
9.78803e-05 0.999902 0
0.034478 0.689658 0.275864
0.285714 0.714286 0
0.206895 0.275863 0.517242
0.0666651 0.933335 0
0.275863 0.344825 0.379312
0.0344697 0.586215 0.379315
0.136364 0.613636 0.25
0.000100739 0.428519 0.57138
0.392858 0.607142 0
0.0666529 8.44435e-05 0.933263
0.172413 0.172413 0.655174
0.206892 0.379307 0.413801
0.172411 0.344829 0.48276
0.166688 0.0666758 0.766636
0.535662 0.000100432 0.464237
9.31864e-05 9.0524e-05 0.999816
0.7 0.3 0
0.392863 0.214284 0.392852
0.633334 0.366666 0
0.344827 0.655173 0
0.275861 0.24138 0.482759
0.413794 0.275861 0.310345
0.275861 0.0689652 0.655174
0.42852 0.000100464 0.57138
0.000102314 0.482709 0.517189
0.192304 0.807696 0
0.482761 0.103438 0.413801
0.34483 0.0344797 0.620691
0.206897 0.517242 0.275862
0.142858 0.857142 0
0.034482 0.344828 0.62069
0.666667 0.333333 0
0.482759 0.172413 0.344828
0.100246 0.467873 0.431881
0.100003 0.0333343 0.866663
0.000103186 0.31031 0.689587
0.344828 0.172414 0.482759
0.966669 0.0333313 0
0.103445 0.586209 0.310346
0.749898 0.00010182 0.25
0.000103273 0.241346 0.758551
0.310311 0.000102648 0.689587
0.241379 0.13793 0.62069
0.285714 0.464286 0.25
0.310344 0.103448 0.586208
0.241374 0.413796 0.34483
0.241346 0.000103406 0.758551
0.600002 0.399998 0
0.68182 0.0681797 0.25
0.533332 0.466668 0
0.0689636 0.448277 0.48276
0.310348 0.379308 0.310344
9.72283e-05 0.16665 0.833253
0.0333312 0.966669 0
0.0689656 0.27586 0.655174
0.566665 0.433335 0
0.620625 0.0001027 0.379272
0.392862 0.357138 0.25
0.103442 0.517245 0.379313
0.655184 0.0344715 0.310345
8.79737e-05 0.0999886 0.899923
0.206896 0.206896 0.586208
0.579546 0.170454 0.25
0.857145 0.142855 0
0.233344 0.766656 0
0.103447 0.172411 0.724142
0.1 0.9 0
0.807697 0.192303 0
0.0689634 0.137929 0.793107
0.000101926 0.749898 0.25
0.900002 0.0999982 0
0.620692 0.103447 0.275862
0.448278 0.0689613 0.482761
0.766667 0.233333 0
0.482708 0.000103404 0.517189
0.137922 0.310347 0.551731
0.933337 0.066663 0
0.241374 0.310347 0.44828
0.481478 0.518522 0
0.137929 0.413794 0.448277
0.551724 0.137931 0.310345
0.103448 0.37931 0.517242
0.172414 0.482758 0.344828
0.275859 0.17241 0.551731
0.000103338 0.655103 0.344793
0.310334 0.275866 0.413799
0.43334 0.56666 0
0.137932 0.241376 0.620692
0.733332 0.266668 0
0.413793 0.137931 0.448276
0.16665 9.64306e-05 0.833253
0.200009 0.100004 0.699987
0.344823 0.310347 0.34483
