0.681815 0.0681853 0.25
0.413793 0.0689654 0.517241
0.749898 0.000102187 0.25
0.966666 0.0333339 0
0.241358 0.000103415 0.758538
0.344828 0.275862 0.37931
0.433334 0.566666 0
0.206897 0.241377 0.551726
0.655104 0.000103437 0.344792
0.511365 0.238635 0.25
0.100002 0.899998 0
0.448275 0.172414 0.379311
9.98981e-05 0.499944 0.499956
0.0666667 0.133333 0.8
0.238639 0.511361 0.25
0.899997 0.100003 0
0.241377 0.275859 0.482763
0.310341 0.689659 0
0.136363 0.613637 0.25
0.275862 0.206896 0.517242
0.37931 0.206896 0.413793
0.172414 0.551723 0.275863
0.642857 0.357143 0
0.000103437 0.620626 0.379271
0.103441 0.344828 0.551731
0.137931 0.275862 0.586207
0.814815 0.185185 0
0.769235 0.230765 0
0.000103428 0.310313 0.689584
0.0344819 0.655173 0.310345
0.0689654 0.275862 0.655172
0.000103313 0.379293 0.620604
0.0666665 0.933333 0
0.206896 0.103448 0.689656
0.392852 0.357148 0.25
0.310346 0.344824 0.344829
0.142854 0.857146 0
0.448292 0.275854 0.275854
0.0344825 0.551724 0.413793
0.206896 0.34483 0.448274
0.172414 0.310345 0.517241
0.275859 0.310346 0.413795
0.0333312 0.966669 0
0.533333 0.466667 0
0.0666598 0.0333294 0.900011
0.0344769 0.413797 0.551726
0.357143 0.642857 0
0.137931 0.137929 0.724139
9.24367e-05 0.0666586 0.933249
0.62069 0.103448 0.275862
0.600002 0.399998 0
0.0689652 0.206896 0.724139
0.48148 0.51852 0
0.586213 0.0344722 0.379314
0.466621 9.99496e-05 0.533279
0.566665 0.433335 0
0.233333 0.766667 0
9.99793e-05 0.19998 0.79992
0.733331 0.266669 0
9.99538e-05 0.266641 0.733259
0.413794 0.241377 0.344829
0.100262 0.431876 0.467861
0.1 0.0666663 0.833333
0.0689609 0.58621 0.344829
0.192308 0.807692 0
0.413794 0.13793 0.448276
0.137917 0.379316 0.482766
0.306821 0.443179 0.25
0.310313 0.000103436 0.689584
0.0681787 0.681821 0.25
0.344826 0.137935 0.517239
0.551667 0.000103405 0.44823
0.241379 0.172413 0.586207
0.000102201 0.749898 0.25
0.392821 0.000101058 0.607078
0.862071 0.137929 0
9.97984e-05 0.9999 0
0.275863 0.0689635 0.655174
0.172414 0.482758 0.344828
0.285201 0.393949 0.32085
0.482774 0.206891 0.310336
0.579543 0.170457 0.25
0.13793 0.206897 0.655173
0.502392 0.0669897 0.430618
0.133314 9.98717e-05 0.866586
0.172401 0.0344805 0.793119
0.37931 0.310345 0.310345
0.206897 0.413793 0.37931
0.4 0.6 0
0.310347 0.103448 0.586205
0.692311 0.307689 0
9.00857e-05 8.05131e-05 0.999829
0.9999 9.99688e-05 0
0.933334 0.0666665 0
0.310346 0.241377 0.448277
9.73069e-05 0.133317 0.866586
0.517245 0.137925 0.34483
0.103448 0.517241 0.37931
0.13793 0.448275 0.413795
0.269232 0.730768 0
