0.241374 0.0689656 0.689661
0.481482 0.518518 0
0.647726 0.102274 0.25
0.0344819 0.379311 0.586207
9.99478e-05 0.9999 0
0.53333 0.46667 0
0.275862 0.275862 0.448276
9.25074e-05 7.74352e-05 0.99983
0.357153 0.642847 0
0.344826 0.137929 0.517245
0.230767 0.769233 0
0.241379 0.241379 0.517241
0.933333 0.0666667 0
0.0344791 0.620692 0.344829
0.310345 0.310345 0.37931
0.586208 0.13793 0.275862
0.4138 0.103434 0.482766
0.133321 9.98768e-05 0.866579
0.206875 0.000103206 0.793022
0.206897 0.310345 0.482759
0.379314 0.172413 0.448273
0.133323 0.0666633 0.800014
0.862071 0.137929 0
0.379311 0.310346 0.310344
0.733331 0.266669 0
0.344838 0.241371 0.413791
0.307698 0.692302 0
0.275862 0.103448 0.62069
0.103446 0.172414 0.72414
0.966674 0.0333264 0
0.206898 0.172411 0.62069
0.206893 0.413796 0.379311
0.448277 0.0344811 0.517242
0.241376 0.344828 0.413796
6.68945e-05 0.0999923 0.899941
0.0666511 4.46024e-05 0.933304
0.172411 0.551726 0.275863
0.000100735 0.571371 0.428528
0.13793 0.206895 0.655175
0.137931 0.862069 0
0.571371 0.000100809 0.428528
0.275861 0.379311 0.344828
0.482759 0.172413 0.344828
0.000100425 0.464238 0.535661
0.172414 0.275861 0.551725
0.344829 0.034479 0.620692
0.241375 0.448282 0.310343
0.172408 0.379312 0.44828
0.266665 0.733335 0
0.0344741 0.275865 0.689661
0.4 0.6 0
0.692309 0.307691 0
0.433335 0.566665 0
0.413795 0.241376 0.344829
0.586208 0.0689633 0.344828
0.275855 0.172415 0.55173
0.566661 0.433339 0
0.136372 0.613628 0.25
0.000103287 0.689584 0.310313
0.000103341 0.241357 0.75854
0.344835 0.379297 0.275868
0.103449 0.379306 0.517245
9.97866e-05 0.166657 0.833244
0.310345 0.206897 0.482759
0.238638 0.511362 0.25
0.900005 0.0999954 0
0.0689624 0.137929 0.793109
0.9999 9.99371e-05 0
0.749898 0.000102106 0.25
0.517187 0.000103432 0.482709
0.0666648 0.933335 0
0.769235 0.230765 0
0.44828 0.137923 0.413797
0.0344801 0.517243 0.448277
0.172411 0.48276 0.344829
0.0666668 0.0666668 0.866666
0.814823 0.185177 0
0.100005 0.899995 0
0.275834 0.000103417 0.724063
0.0689634 0.655174 0.275863
0.0333295 0.966671 0
0.689662 0.0344736 0.275865
0.428573 0.321427 0.25
0.6 0.4 0
0.000103352 0.344793 0.655104
0.482758 0.24138 0.275863
0.399953 9.99317e-05 0.599947
0.103447 0.551725 0.344828
0.18518 0.81482 0
0.321423 0.428577 0.25
0.545454 0.204546 0.25
0.172414 0.103446 0.72414
0.103446 0.310346 0.586208
0.379313 0.0689599 0.551727
0.517246 0.103441 0.379314
0.642858 0.357142 0
0.482759 0.0689641 0.448277
0.100253 0.467871 0.431876
0.655105 0.000103394 0.344792
0.000102157 0.749898 0.25
