0.275858 0.310346 0.413795
0.966667 0.0333327 0
0.6 0.4 0
0.24138 0.172412 0.586208
0.379317 0.206883 0.4138
0.433285 9.98395e-05 0.566615
0.19231 0.80769 0
0.172415 0.241376 0.58621
0.357144 0.392856 0.25
0.0333204 0.433344 0.533335
0.655105 0.000103393 0.344792
0.482759 0.241379 0.275862
0.76667 0.23333 0
0.17241 0.0689631 0.758627
0.000103426 0.655105 0.344792
0.142857 0.857143 0
0.103448 0.241375 0.655176
0.172414 0.517241 0.310346
0.238642 0.511358 0.25
0.103428 0.517253 0.379319
0.730769 0.269231 0
0.206896 0.103448 0.689655
0.0344805 0.689657 0.275863
0.0333335 0.966667 0
0.608345 0.0337967 0.357858
0.233334 0.766666 0
0.269232 0.730768 0
0.344826 0.0689657 0.586208
0.9999 9.99591e-05 0
0.275863 0.448275 0.275863
9.9874e-05 0.9999 0
0.241368 0.413799 0.344833
0.0689584 0.586211 0.34483
0.000100973 0.392817 0.607082
0.310343 0.137928 0.551729
0.0689581 0.482762 0.448279
0.35714 0.64286 0
0.0666667 0.2 0.733333
0.443178 0.306822 0.25
0.000103434 0.275834 0.724063
0.689655 0.0344827 0.275862
0.642857 0.357143 0
0.344828 0.27586 0.379311
0.310345 0.689655 0
0.857144 0.142856 0
0.1 0.133333 0.766667
0.206897 0.275862 0.517241
0.137931 0.413793 0.448276
0.482759 0.0344827 0.482759
0.413793 0.0689651 0.517242
0.413794 0.241378 0.344828
0.000100814 0.571382 0.428517
0.166658 0.200001 0.633341
9.88777e-05 0.23331 0.766591
0.566665 0.433335 0
0.807692 0.192308 0
0.1 0.9 0
0.0333358 0.100007 0.866657
0.199984 9.9962e-05 0.799916
0.206894 0.37932 0.413786
9.48098e-05 0.0666535 0.933252
0.900003 0.0999974 0
0.933333 0.0666666 0
7.72861e-05 8.9106e-05 0.999834
0.448279 0.103442 0.448279
0.275834 0.000103418 0.724063
0.43333 0.56667 0
0.31034 0.241381 0.448279
0.517242 0.13793 0.344828
0.275864 0.206896 0.51724
0.448276 0.172414 0.37931
0.102278 0.647722 0.25
9.96296e-05 0.16665 0.83325
0.535664 0.000100402 0.464236
0.551725 0.0689648 0.379311
0.103448 0.379311 0.517242
0.586209 0.137928 0.275863
0.379352 0.137922 0.482726
0.0999892 9.88988e-05 0.899912
0.0666658 0.933334 0
0.103448 0.310345 0.586207
0.275862 0.0689652 0.655173
0.000103393 0.517188 0.482709
0.399999 0.600001 0
0.533329 0.466671 0
0.137929 0.586208 0.275863
0.0344828 0.310345 0.655172
0.172411 0.34484 0.48275
0.000102255 0.749898 0.25
0.689657 0.310343 0
0.379307 0.310347 0.310346
0.133342 0.166678 0.699979
0.545453 0.204547 0.25
0.647723 0.102277 0.25
0.481479 0.518521 0
0.172406 0.44828 0.379314
0.310344 0.344828 0.344828
0.133333 0.0333332 0.833334
0.749898 0.000102257 0.25
0.344792 0.0001034 0.655105
