0.0689645 0.482759 0.448276
0.807693 0.192307 0
0.9 0.1 0
0.655105 0.000103387 0.344792
0.551667 0.000103291 0.44823
0.170459 0.579541 0.25
0.966665 0.0333353 0
0.10344 0.10344 0.793121
0.0333317 0.133334 0.833334
0.34483 0.241375 0.413796
0.206891 0.0344818 0.758627
9.60962e-05 0.0999896 0.899914
0.379306 0.275864 0.34483
0.275862 0.24138 0.482758
0.413796 0.068965 0.517239
0.310345 0.0344828 0.655172
0.00010304 0.275834 0.724063
0.466669 0.533331 0
8.91005e-05 9.87065e-05 0.999812
0.103449 0.51724 0.379312
0.733336 0.266664 0
0.766669 0.233331 0
0.310335 0.172416 0.517248
0.000103367 0.517188 0.482709
0.206895 0.517245 0.27586
0.448243 0.275879 0.275878
0.0344827 0.310345 0.655172
0.9999 9.98456e-05 0
0.0689638 0.206897 0.724139
0.344825 0.655175 0
0.000103342 0.379271 0.620626
0.655169 0.344831 0
0.206895 0.172414 0.62069
0.749898 0.000102003 0.25
0.0344815 0.689656 0.275862
0.689661 0.0344814 0.275857
0.620694 0.0689648 0.310342
0.137928 0.862072 0
0.0666698 0.93333 0
0.000101064 0.60709 0.392809
0.137931 0.310343 0.551725
0.392856 0.607144 0
0.000101919 0.749898 0.25
0.17241 0.344829 0.482761
0.396699 0.134473 0.468828
0.482752 0.137933 0.379315
0.933335 0.0666652 0
0.103446 0.413806 0.482748
0.310345 0.310345 0.37931
0.392855 0.357145 0.25
0.344828 0.344828 0.310345
0.000100395 0.464239 0.535661
0.103445 0.586209 0.310346
0.272731 0.477269 0.25
0.0333334 0.966667 0
0.613633 0.136367 0.25
0.241379 0.103448 0.655172
0.482759 0.206897 0.310345
0.275863 0.379309 0.344828
0.7 0.3 0
0.241379 0.310346 0.448275
0.0999871 9.86133e-05 0.899914
0.607142 0.392858 0
0.0999999 0.9 0
0.518521 0.481479 0
0.103446 0.275864 0.62069
0.230769 0.769231 0
0.166653 9.996e-05 0.833247
0.3 0.7 0
0.551727 0.172413 0.27586
0.206897 0.37931 0.413793
9.98245e-05 0.9999 0
0.266673 0.733327 0
0.206898 0.241379 0.551723
0.137933 0.448269 0.413798
0.000103417 0.655105 0.344792
0.137931 0.206894 0.655175
0.46662 9.97311e-05 0.53328
0.102264 0.647736 0.25
0.24138 0.448275 0.310345
0.185182 0.814818 0
0.0344753 0.551729 0.413796
0.392818 0.000101093 0.607081
0.551724 0.103448 0.344828
0.344827 0.103448 0.551725
0.172415 0.482756 0.344829
0.857143 0.142857 0
0.586209 0.0344789 0.379312
0.275834 0.000103362 0.724063
0.0689655 0.37931 0.551724
0.482754 0.0689662 0.44828
0.566667 0.433333 0
0.310353 0.413788 0.275859
0.413793 0.206897 0.37931
9.98997e-05 0.199985 0.799915
0.275854 0.137927 0.586218
0.137931 0.137931 0.724138
0.033325 0.033325 0.93335
0.511363 0.238637 0.25
0.433335 0.566665 0
