0.000100403 0.53566 0.464239
0.142855 0.857145 0
0.172414 0.344828 0.482758
0.511361 0.238639 0.25
0.413801 0.241365 0.344834
0.310342 0.0344824 0.655176
0.1 0.0333325 0.866667
0.103438 0.517247 0.379315
0.206896 0.37931 0.413793
0.275862 0.137931 0.586207
0.551751 0.172403 0.275846
0.103445 0.586209 0.310346
0.233332 0.766668 0
0.933333 0.0666667 0
0.444444 0.555556 0
0.433327 0.100007 0.466666
0.16665 9.97415e-05 0.83325
0.44828 0.275859 0.275861
0.206895 0.172414 0.620691
0.0666668 0.0999999 0.833333
0.0666667 0.166667 0.766666
0.310345 0.344828 0.344828
0.692308 0.307692 0
0.285711 0.464289 0.25
0.379311 0.103448 0.517241
9.98693e-05 0.13332 0.86658
0.448277 0.172412 0.379311
0.749898 0.000102201 0.25
0.241379 0.413793 0.344828
0.206896 0.517242 0.275862
0.24138 0.275859 0.482761
9.9954e-05 0.43328 0.56662
0.166667 0.0666665 0.766666
0.9 0.1 0
0.344828 0.275862 0.379311
0.0344736 0.379314 0.586212
0.102272 0.647728 0.25
0.6 0.4 0
0.000103412 0.310313 0.689584
0.517244 0.0689616 0.413795
0.344843 0.0689639 0.586193
0.620691 0.03448 0.344829
0.10026 0.431866 0.467874
0.733331 0.266669 0
0.170455 0.579545 0.25
0.392862 0.357138 0.25
0.000102255 0.749898 0.25
0.586208 0.103446 0.310346
0.0666495 7.09623e-05 0.93328
0.379311 0.206895 0.413794
0.655178 0.0689645 0.275858
6.73075e-05 9.20726e-05 0.999841
0.9999 9.99825e-05 0
0.689584 0.000103172 0.310313
0.0344706 0.586218 0.379311
0.310345 0.689655 0
0.613636 0.136364 0.25
0.241381 0.0689618 0.689657
0.137931 0.137931 0.724138
6.96614e-05 0.0666508 0.93328
0.27586 0.31035 0.41379
0.0689639 0.310345 0.620691
0.310349 0.413786 0.275865
0.555556 0.444444 0
0.517243 0.137928 0.344829
0.269232 0.730768 0
0.0333341 0.966666 0
0.642856 0.357144 0
0.2069 0.24138 0.551721
0.0666666 0.933333 0
0.192308 0.807692 0
0.1 0.9 0
0.966668 0.0333325 0
0.344827 0.172414 0.482759
0.0344786 0.24138 0.724141
0.0344827 0.482759 0.482759
0.275866 0.206893 0.517241
0.103448 0.206897 0.689655
0.482771 0.206888 0.310341
0.103442 0.344837 0.551721
9.99708e-05 0.199997 0.799903
0.464231 0.000100307 0.535669
0.482759 0.0344828 0.482759
0.366634 9.99449e-05 0.633266
0.172408 0.482762 0.34483
0.241342 0.000103427 0.758554
0.5 0.5 0
0.766667 0.233333 0
0.000103337 0.655105 0.344792
0.137921 0.448281 0.413798
9.98052e-05 0.9999 0
0.137931 0.275862 0.586207
0.56661 9.9817e-05 0.43329
0.357142 0.642858 0
0.379312 0.310344 0.310344
0.310344 0.241389 0.448268
0.0344732 0.689662 0.275865
0.857146 0.142854 0
0.400001 0.599999 0
0.807692 0.192308 0
