0.344827 0.206897 0.448276
0.200019 0.06666 0.733321
0.344829 0.310342 0.344829
0.206894 0.379312 0.413795
0.000103428 0.44823 0.551667
0.433332 0.566668 0
0.307693 0.692307 0
0.448278 0.103443 0.448278
0.0999985 0.900002 0
0.692311 0.307689 0
0.499947 9.99859e-05 0.499953
0.27586 0.344828 0.379311
0.172414 0.310345 0.517241
0.142857 0.857143 0
0.68966 0.0344756 0.275864
0.0344765 0.586211 0.379313
0.192305 0.807695 0
0.000103414 0.275833 0.724064
0.766667 0.233333 0
0.0333339 0.200003 0.766663
0.9999 9.99746e-05 0
0.413794 0.172413 0.413794
0.310345 0.37931 0.310345
0.206888 0.482774 0.310338
0.137931 0.586207 0.275862
0.0666579 9.27785e-05 0.933249
9.79246e-05 0.0666528 0.933249
0.62069 0.0689655 0.310345
0.310346 0.137929 0.551725
0.733333 0.266667 0
0.241383 0.413785 0.344832
0.13332 9.99486e-05 0.86658
0.518529 0.481471 0
0.413793 0.275862 0.310345
0.9 0.1 0
0.275862 0.206897 0.517241
0.655105 0.0001034 0.344792
0.137928 0.413794 0.448277
0.000103399 0.655105 0.344792
0.0333322 0.0999989 0.866669
0.344792 0.00010341 0.655105
0.642854 0.357146 0
0.137931 0.241378 0.620691
0.807697 0.192303 0
0.551725 0.0689647 0.379311
0.000103409 0.379272 0.620625
0.966667 0.0333331 0
0.517242 0.13793 0.344828
0.344829 0.0689637 0.586207
0.103445 0.379312 0.517243
0.41375 0.000103409 0.586147
0.000102104 0.749898 0.25
0.206897 0.172414 0.62069
0.551724 0.172414 0.275862
0.0344791 0.689658 0.275863
0.0999997 0.0666665 0.833334
0.933333 0.066667 0
0.0666628 0.133334 0.800004
0.466667 0.533333 0
0.233329 0.766671 0
0.17241 0.448278 0.379312
0.102273 0.647727 0.25
0.413793 0.0689654 0.517241
0.233311 9.99403e-05 0.766589
0.399996 0.600004 0
0.103449 0.551723 0.344829
0.613632 0.136368 0.25
0.204548 0.545452 0.25
0.166664 0.0333319 0.800004
0.379311 0.241377 0.379311
0.241382 0.103439 0.655179
0.275861 0.0344822 0.689656
0.0333328 0.966667 0
0.0666669 0.933333 0
0.103437 0.482765 0.413798
0.586146 0.000103329 0.41375
0.517244 0.0344777 0.448278
0.0689657 0.448277 0.482758
0.266666 0.733334 0
0.206896 0.241379 0.551724
0.379311 0.137931 0.482758
0.0344822 0.310345 0.655173
0.24138 0.310342 0.448278
0.0689527 0.34495 0.586098
0.500001 0.249999 0.25
9.98398e-05 0.9999 0
0.285718 0.464282 0.25
0.749898 0.000102208 0.25
0.857143 0.142857 0
0.392858 0.357142 0.25
0.566664 0.433336 0
0.310345 0.275862 0.413793
0.448276 0.206896 0.344828
0.357143 0.642857 0
9.17736e-05 9.45353e-05 0.999814
9.98762e-05 0.16665 0.83325
0.0001004 0.535646 0.464254
0.103443 0.206898 0.689659
0.6 0.4 0
0.137928 0.137928 0.724143
