0.142857 0.857143 0
0.448278 0.172409 0.379312
0.633335 0.366665 0
0.137929 0.413791 0.44828
0.0333214 0.966679 0
0.482759 0.103448 0.413793
0.10345 0.482744 0.413806
0.0689643 0.27586 0.655176
0.344825 0.0689657 0.586209
0.000103431 0.344793 0.655104
0.655105 0.00010329 0.344792
0.392857 0.607143 0
0.413793 0.0344821 0.551725
0.41379 0.13793 0.44828
0.0689631 0.448277 0.48276
8.31652e-05 9.52589e-05 0.999822
0.285714 0.464286 0.25
0.100011 0.899989 0
0.0681823 0.681818 0.25
0.310346 0.413792 0.275863
0.555556 0.444444 0
0.766671 0.233329 0
0.310339 0.34483 0.34483
0.933335 0.0666648 0
0.344828 0.275862 0.37931
0.103448 0.62069 0.275862
0.137931 0.241379 0.62069
0.0999981 0.200001 0.700001
0.586193 0.103451 0.310357
0.192307 0.807693 0
0.233333 0.766667 0
0.0344821 0.379311 0.586207
0.300002 0.699998 0
0.000100294 0.535663 0.464236
0.275863 0.379309 0.344829
0.464287 0.285713 0.25
0.24138 0.0344806 0.72414
0.172414 0.137931 0.689656
0.440003 0.559997 0
0.680002 0.319998 0
0.379312 0.103446 0.517242
0.482709 0.000103393 0.517188
0.133368 9.99547e-05 0.866532
0.275865 0.241378 0.482757
0.000102197 0.749898 0.25
0.68966 0.0344758 0.275864
0.166667 0.0666666 0.766667
0.000103384 0.448229 0.551667
0.206896 0.172414 0.62069
0.103448 0.310345 0.586207
0.344828 0.655172 0
0.749898 0.000102241 0.25
0.613636 0.136364 0.25
7.35338e-05 0.099991 0.899936
0.199984 9.99128e-05 0.799916
0.517241 0.137931 0.344828
0.857145 0.142855 0
0.1 0.133333 0.766667
0.807702 0.192298 0
0.482762 0.206892 0.310346
0.966668 0.0333322 0
0.206897 0.517241 0.275862
0.0333333 0.2 0.766667
0.137929 0.517243 0.344828
0.275862 0.103448 0.62069
0.275863 0.310342 0.413795
0.0666592 5.95155e-05 0.933281
9.95334e-05 0.16665 0.833251
0.535663 0.000100385 0.464236
0.000103404 0.275833 0.724064
0.379311 0.206895 0.413794
0.0344727 0.586211 0.379316
0.103446 0.379312 0.517242
0.586207 0.0344818 0.379311
0.730767 0.269233 0
0.9999 9.99812e-05 0
0.310345 0.13793 0.551725
0.266666 0.733334 0
0.206897 0.310345 0.482759
0.379313 0.310342 0.310346
0.241381 0.206896 0.551723
0.379271 0.000103408 0.620625
0.448276 0.0689646 0.482759
0.599999 0.400001 0
0.0333326 0.0666667 0.900001
0.9 0.0999997 0
0.545456 0.204544 0.25
0.0666665 0.0999998 0.833334
0.0666672 0.933333 0
0.344827 0.172414 0.482759
0.413791 0.24138 0.344829
0.5 0.5 0
0.206894 0.448277 0.344829
0.392853 0.357147 0.25
0.000103206 0.655105 0.344792
0.310313 0.000103401 0.689584
0.206897 0.37931 0.413793
0.170454 0.579546 0.25
9.97357e-05 0.9999 0
0.172413 0.275862 0.551725
