0.344828 0.344828 0.310345
0.966668 0.0333316 0
0.0334137 0.501181 0.465406
0.500006 0.249994 0.25
0.13793 0.551727 0.310343
0.275862 0.275862 0.448276
0.103448 0.206897 0.689655
0.241378 0.344828 0.413794
0.206897 0.172413 0.62069
0.310344 0.172413 0.517243
0.172413 0.379311 0.448276
0.379308 0.137932 0.48276
0.482759 0.0344827 0.482759
0.310345 0.310345 0.37931
0.344828 0.0344818 0.62069
0.0689602 0.58621 0.34483
0.172414 0.241379 0.586207
0.535657 0.000100407 0.464242
0.137928 0.862072 0
0.000103431 0.689584 0.310313
0.13793 0.344827 0.517243
9.99509e-05 0.19998 0.79992
0.0999874 8.66298e-05 0.899926
0.307692 0.692308 0
0.000103253 0.275833 0.724063
0.6 0.4 0
0.37931 0.241379 0.37931
0.206897 0.310345 0.482759
0.46667 0.53333 0
0.448274 0.103449 0.448277
0.100001 0.100001 0.799998
0.655105 0.000103424 0.344792
0.766666 0.233334 0
0.51852 0.48148 0
0.0689633 0.17241 0.758627
0.0666666 0.0666666 0.866667
0.4 0.6 0
0.204545 0.545455 0.25
0.730768 0.269232 0
0.900001 0.0999995 0
0.0680972 0.681007 0.250896
0.0689649 0.379309 0.551726
0.206869 0.000103434 0.793028
0.5862 0.0689666 0.344833
0.807692 0.192308 0
0.172414 0.103448 0.724138
0.0333323 0.966668 0
0.103435 0.620699 0.275866
0.933334 0.0666665 0
0.540533 0.135133 0.324333
0.310314 0.000103302 0.689583
0.000100396 0.464247 0.535653
0.321428 0.428572 0.25
0.413793 0.275862 0.310345
0.409092 0.340908 0.25
0.433335 0.566665 0
0.133349 0.0333373 0.833313
0.0666672 0.933333 0
0.413797 0.172408 0.413795
0.433286 9.99896e-05 0.566614
0.689656 0.0344818 0.275862
0.230767 0.769233 0
0.0344822 0.310339 0.655178
0.647726 0.102274 0.25
0.56666 0.43334 0
0.172413 0.482759 0.344828
0.689658 0.310342 0
0.241379 0.482759 0.275862
0.185183 0.814817 0
0.1 0.9 0
0.642857 0.357143 0
9.05804e-05 0.0666557 0.933254
0.448276 0.206896 0.344828
0.551745 0.172406 0.275849
0.103444 0.517244 0.379312
0.241381 0.206895 0.551725
0.310391 0.103441 0.586168
0.000103391 0.379271 0.620626
0.241379 0.0344827 0.724138
0.482763 0.137925 0.379313
0.206897 0.413793 0.37931
0.000103436 0.620626 0.379271
9.9716e-05 0.9999 0
0.749898 0.000102224 0.25
0.137931 0.448276 0.413793
0.000102213 0.749898 0.25
0.103448 0.275862 0.62069
0.241376 0.103446 0.655178
0.103447 0.413794 0.482759
0.266667 0.733333 0
9.99875e-05 0.566613 0.433287
0.857144 0.142856 0
0.357145 0.642855 0
0.413792 0.0689649 0.517243
0.344828 0.206896 0.448276
0.9999 9.99681e-05 0
9.76173e-05 8.16185e-05 0.999821
0.551725 0.0344814 0.413794
9.97771e-05 0.13332 0.86658
0.275864 0.379306 0.34483
