0.266666 0.733334 0
0.379311 0.310345 0.310345
0.230763 0.769237 0
0.448279 0.137925 0.413796
0.0689577 0.413797 0.517246
0.58621 0.0344783 0.379312
0.899997 0.100003 0
0.20455 0.54545 0.25
0.24138 0.413792 0.344828
0.428575 0.321425 0.25
0.344827 0.275863 0.379311
0.769232 0.230768 0
0.275859 0.310353 0.413788
0.13793 0.482759 0.379311
0.321428 0.428572 0.25
0.566664 0.433336 0
0.13793 0.379311 0.482759
0.482759 0.241379 0.275862
0.0344828 0.379308 0.586209
0.433334 0.566666 0
0.137926 0.862074 0
0.172413 0.310345 0.517242
0.103449 0.551723 0.344828
0.655105 0.000103404 0.344792
0.206897 0.344827 0.448275
0.000103438 0.551667 0.448229
0.533332 0.466668 0
0.00010341 0.620625 0.379271
0.749898 0.000102206 0.25
9.99821e-05 0.233311 0.766589
0.275833 0.000103383 0.724064
9.99852e-05 0.166653 0.833247
0.185186 0.814814 0
0.137931 0.172413 0.689656
0.344828 0.172414 0.482759
0.933334 0.0666658 0
0.172414 0.517241 0.310345
0.0999998 0.133334 0.766667
0.586213 0.103442 0.310345
0.172414 0.413793 0.413793
0.481478 0.518522 0
0.206894 0.172412 0.620694
0.344827 0.379311 0.275862
0.0999991 0.900001 0
0.448277 0.0344813 0.517242
0.0344826 0.482759 0.482759
0.137935 0.586204 0.275861
0.0344827 0.655172 0.310345
0.27587 0.0689607 0.655169
0.344792 0.000103435 0.655105
0.428513 0.000100779 0.571387
0.103448 0.310343 0.586209
0.344828 0.655172 0
0.413789 0.241381 0.34483
0.310345 0.13793 0.551724
8.23157e-05 9.84589e-05 0.999819
0.000103381 0.344792 0.655105
0.43107 0.1004 0.46853
0.310341 0.241381 0.448278
0.392859 0.607141 0
0.24138 0.482758 0.275862
0.300001 0.699999 0
0.862071 0.137929 0
0.103447 0.448276 0.448276
0.310345 0.344828 0.344828
0.692309 0.307691 0
0.206886 0.241383 0.551732
0.137927 0.241379 0.620694
0.172405 0.068963 0.758632
0.000103395 0.448229 0.551667
0.344826 0.068965 0.586209
0.0689653 0.206896 0.724139
0.48276 0.172412 0.344828
0.0666669 0.0999991 0.833334
0.733332 0.266668 0
9.98123e-05 0.099989 0.899911
0.275863 0.206893 0.517244
0.613636 0.136364 0.25
0.19998 9.98232e-05 0.79992
0.9999 9.99291e-05 0
0.379308 0.206897 0.413795
9.96637e-05 0.9999 0
0.0689613 0.517244 0.413795
0.517242 0.103448 0.37931
0.642856 0.357144 0
0.535656 0.000100435 0.464244
0.966669 0.0333312 0
0.206897 0.103448 0.689655
0.10227 0.64773 0.25
0.0344783 0.275863 0.689658
0.133326 9.99277e-05 0.866574
0.241376 0.275863 0.482761
0.545451 0.204549 0.25
0.0666663 0.933334 0
0.0666667 0.0333334 0.9
0.6 0.4 0
0.0333343 0.966666 0
0.000102204 0.749898 0.25
0.68966 0.0344766 0.275864
0.814814 0.185186 0
