0.2069 0.448267 0.344833
0.620729 0.0689584 0.310313
0.586213 0.0344728 0.379314
0.566668 0.433332 0
0.0689622 0.448277 0.48276
0.206896 0.241379 0.551725
0.310371 0.103444 0.586185
0.0344791 0.413794 0.551726
0.172409 0.413796 0.413796
0.241377 0.068965 0.689658
0.344828 0.172414 0.482759
0.0689627 0.137925 0.793112
0.241379 0.275862 0.482759
0.517241 0.172414 0.310345
0.100001 0.0666679 0.833331
0.10072 0.503601 0.395679
0.814815 0.185185 0
0.482759 0.137931 0.37931
0.1 0.9 0
0.238638 0.511362 0.25
0.9999 9.99212e-05 0
0.172414 0.310345 0.517241
0.0689639 0.344843 0.586193
0.103446 0.172411 0.724143
0.428537 0.000100804 0.571363
0.34091 0.40909 0.25
0.9 0.1 0
0.379312 0.206894 0.413794
0.466663 0.0333336 0.500004
0.185186 0.814814 0
0.749898 0.000102255 0.25
0.689657 0.0344801 0.275863
0.466667 0.533333 0
0.655105 0.000103431 0.344792
0.428571 0.321429 0.25
0.0666657 0.0333329 0.900001
0.137932 0.862068 0
0.517234 0.0689666 0.4138
0.344828 0.0344826 0.62069
0.233321 9.99845e-05 0.766579
0.0689661 0.65517 0.275864
0.230769 0.769231 0
0.000103396 0.379271 0.620625
0.482759 0.241379 0.275862
0.35714 0.285719 0.357141
0.413793 0.137931 0.448276
0.0666676 0.933332 0
0.518517 0.481483 0
0.000102201 0.749898 0.25
0.000100418 0.535674 0.464226
9.97812e-05 0.9999 0
0.307695 0.692305 0
0.0333277 0.966672 0
0.166669 0.0333339 0.799997
0.172411 0.551726 0.275863
0.27586 0.448279 0.27586
0.862069 0.137931 0
0.137931 0.37931 0.482759
0.266667 0.733333 0
0.275863 0.310344 0.413792
0.241379 0.137932 0.62069
0.448273 0.206898 0.344829
0.000103427 0.310313 0.689584
0.133316 9.87133e-05 0.866586
0.206897 0.344827 0.448276
0.613637 0.136363 0.25
0.679999 0.320001 0
0.0333275 2.4321e-05 0.966648
0.399999 0.600001 0
0.76923 0.23077 0
9.99287e-05 0.19998 0.79992
0.0689659 0.586205 0.34483
0.103444 0.241381 0.655175
0.137931 0.275862 0.586207
0.000103412 0.620625 0.379271
0.310341 0.241381 0.448278
0.933333 0.0666667 0
0.0344798 0.241377 0.724143
0.545449 0.204551 0.25
0.241377 0.379312 0.379312
0.136364 0.613636 0.25
0.633334 0.366666 0
0.433334 0.566666 0
0.172413 0.172413 0.655173
0.310347 0.379309 0.310344
0.000103377 0.482709 0.517188
0.275862 0.206897 0.517241
0.000103435 0.689584 0.310313
0.966667 0.0333331 0
0.551725 0.103448 0.344828
9.24066e-05 9.82785e-05 0.999809
0.172411 0.103446 0.724143
0.37931 0.344829 0.275862
0.357143 0.642857 0
0.551667 0.000103433 0.44823
0.310313 0.000103323 0.689584
0.599998 0.400002 0
0.730757 0.269243 0
0.379311 0.103446 0.517243
9.98037e-05 0.0999902 0.89991
