0.241379 0.275861 0.482759
0.0666677 0.933332 0
0.379308 0.24138 0.379312
0.137932 0.517239 0.344829
0.192276 0.807724 0
0.0689591 0.551728 0.379313
0.34483 0.172413 0.482757
0.102269 0.647731 0.25
0.0689656 0.241381 0.689654
0.482758 0.137931 0.379311
0.137924 0.0689613 0.793115
0.170456 0.579544 0.25
0.172413 0.379311 0.448276
0.517244 0.0689602 0.413795
0.966668 0.0333315 0
0.28571 0.46429 0.25
0.866667 0.133333 0
0.655177 0.0344764 0.310347
0.49995 9.97528e-05 0.49995
0.034482 0.41379 0.551728
0.000103253 0.482708 0.517188
0.9999 9.99097e-05 0
0.0333334 0.200004 0.766663
0.551724 0.103447 0.344829
0.103441 0.482763 0.413796
0.275864 0.206893 0.517243
0.0344813 0.655173 0.310345
0.448278 0.206893 0.344829
0.310344 0.0344827 0.655173
0.680002 0.319998 0
0.518522 0.481478 0
0.275833 0.000103304 0.724063
0.233332 0.0666664 0.700001
0.285714 0.714286 0
0.344822 0.310348 0.344831
0.068964 0.448276 0.48276
0.000103304 0.620625 0.379271
0.133335 0.433331 0.433334
0.466667 0.533333 0
0.000103308 0.379272 0.620625
0.103445 0.172409 0.724146
0.0689628 0.344829 0.586209
0.0333329 0.0332744 0.933393
0.413794 0.172411 0.413795
9.97407e-05 0.9999 0
0.172413 0.206892 0.620695
0.310341 0.379317 0.310341
0.551665 0.000103129 0.448231
0.448266 0.275867 0.275867
0.206896 0.517241 0.275863
0.633343 0.366657 0
0.00010342 0.275833 0.724063
0.0333315 0.966669 0
0.241378 0.172413 0.586209
0.517237 0.17242 0.310342
0.249988 0.35715 0.392862
0.833333 0.166667 0
0.730761 0.269239 0
0.233336 0.766664 0
0.511358 0.238642 0.25
0.9 0.1 0
0.413793 0.0689653 0.517241
0.379271 0.000102051 0.620626
0.103448 0.37931 0.517241
0.933336 0.0666638 0
0.392853 0.357147 0.25
0.275865 0.103445 0.620691
0.0666616 0.100001 0.833338
0.393691 0.0336833 0.572626
0.448284 0.103431 0.448284
0.800003 0.199997 0
0.172414 0.137932 0.689654
0.749898 0.000102043 0.25
0.0344816 0.310345 0.655173
0.344828 0.655172 0
0.433332 0.566668 0
0.0999976 0.900002 0
0.172415 0.310342 0.517243
0.20689 0.241381 0.551729
0.600001 0.399999 0
0.647727 0.102273 0.25
9.96772e-05 0.166652 0.833248
0.137921 0.275865 0.586214
0.166649 9.9179e-05 0.833251
0.620625 0.00010339 0.379271
9.65928e-05 0.0999871 0.899916
9.96495e-05 9.15648e-05 0.999809
0.103446 0.586216 0.310338
0.000100143 0.535674 0.464226
0.31035 0.137921 0.551729
0.586209 0.137924 0.275866
0.142857 0.857143 0
0.566665 0.433335 0
0.392865 0.607135 0
0.766667 0.233333 0
0.206894 0.448277 0.344829
0.310343 0.275862 0.413795
0.000102058 0.749898 0.25
0.0999899 9.37965e-05 0.899916
0.200004 0.0333336 0.766663
