0.899996 0.100004 0
0.551729 0.10344 0.344831
0.206897 0.413793 0.37931
0.0344814 0.551725 0.413794
0.620702 0.0344642 0.344834
0.0999993 0.0999992 0.800002
0.566664 0.433336 0
0.40909 0.34091 0.25
0.241376 0.448283 0.310341
0.999901 9.90845e-05 0
0.310346 0.172413 0.517241
0.066982 0.430631 0.502387
0.448277 0.275861 0.275862
0.400001 0.599999 0
0.241379 0.344828 0.413793
0.766664 0.233336 0
0.321429 0.428571 0.25
9.93426e-05 0.999901 0
0.214292 0.535708 0.25
0.206897 0.172414 0.62069
0.966666 0.0333337 0
0.241379 0.275861 0.48276
0.1 0.9 0
0.448229 0.000103339 0.551667
0.275833 0.00010319 0.724064
0.0666662 0.933334 0
0.310341 0.275864 0.413795
0.536908 0.0335435 0.429548
0.000102096 0.749898 0.25
0.600005 0.399995 0
0.142856 0.857144 0
0.518534 0.481466 0
0.357143 0.32143 0.321428
0.579546 0.170454 0.25
0.133336 0.0333295 0.833334
0.000102925 0.44823 0.551667
0.000103325 0.379277 0.62062
0.172414 0.379309 0.448277
0.166668 0.0666694 0.766662
0.0333337 0.200004 0.766662
0.357135 0.642865 0
9.61654e-05 9.26624e-05 0.999811
0.206896 0.24138 0.551725
0.269229 0.730771 0
0.310332 0.689668 0
9.99831e-05 0.533291 0.466609
9.92933e-05 0.16665 0.833251
0.448272 0.206898 0.34483
0.103446 0.206893 0.689661
0.137931 0.448275 0.413794
0.633333 0.366667 0
0.000103392 0.275831 0.724066
0.192306 0.807694 0
0.103449 0.344825 0.551726
0.433344 0.566656 0
0.0689562 0.586213 0.344831
0.499964 9.99848e-05 0.499936
0.233331 0.766669 0
0.344828 0.206896 0.448276
0.344793 0.000103333 0.655103
0.310345 0.0689631 0.620691
0.13793 0.13793 0.72414
0.275864 0.13793 0.586206
0.857144 0.142856 0
9.99853e-05 0.0999908 0.899909
0.607053 0.00010086 0.392846
0.730768 0.269232 0
0.137926 0.586211 0.275864
0.413794 0.0689652 0.517241
0.137929 0.24138 0.620691
0.680002 0.319998 0
0.000101716 0.655105 0.344793
0.102269 0.647731 0.25
0.37931 0.0344822 0.586208
0.681817 0.0681828 0.25
0.0666658 0.0666656 0.866669
0.172414 0.482759 0.344828
0.379315 0.241371 0.379314
0.448276 0.103447 0.448276
0.0333251 0.966675 0
0.933334 0.0666665 0
0.199987 9.96289e-05 0.799913
0.0333289 0.0333145 0.933357
0.511344 0.238656 0.25
0.0344803 0.689658 0.275862
0.275864 0.379307 0.344829
0.517286 0.17239 0.310324
0.807693 0.192307 0
0.206893 0.103445 0.689661
0.749898 0.000101547 0.25
0.482761 0.137927 0.379312
0.413798 0.172405 0.413798
0.17241 0.310349 0.517241
0.103441 0.517247 0.379313
0.62069 0.103448 0.275862
0.379311 0.137929 0.48276
0.466667 0.533333 0
0.0344828 0.310346 0.655172
0.0999909 9.98456e-05 0.899909
0.699907 9.91625e-05 0.299994
