0.275863 0.206894 0.517243
0.24138 0.379308 0.379312
0.448277 0.275862 0.275862
0.142857 0.857143 0
0.310339 0.689661 0
0.966668 0.0333318 0
0.28571 0.46429 0.25
0.53333 0.46667 0
0.642857 0.357143 0
0.275861 0.103448 0.62069
0.399999 0.600001 0
0.170456 0.579544 0.25
0.269232 0.730768 0
0.6 0.4 0
0.275863 0.0344811 0.689656
0.344793 0.000103432 0.655104
0.344833 0.379307 0.27586
0.103447 0.482759 0.413794
0.344831 0.0689578 0.586212
0.0689651 0.241379 0.689655
0.43197 0.10024 0.467789
0.172413 0.206897 0.62069
0.0666674 0.933333 0
0.310345 0.137928 0.551728
0.545454 0.204546 0.25
0.428525 0.000100821 0.571374
0.000103395 0.379271 0.620625
0.749898 0.000102257 0.25
0.566666 0.433334 0
0.689666 0.0344677 0.275866
0.000103432 0.689584 0.310313
9.99382e-05 0.9999 0
0.137928 0.0689642 0.793108
0.206899 0.344821 0.448281
0.379311 0.206895 0.413794
0.13793 0.413796 0.448274
0.0689609 0.310346 0.620693
0.233331 0.766669 0
0.344827 0.275862 0.37931
0.137932 0.551722 0.310346
0.24138 0.275859 0.482761
0.409087 0.340913 0.25
0.379317 0.310341 0.310342
0.241378 0.17241 0.586212
0.730762 0.269238 0
0.0344737 0.413797 0.551729
0.206897 0.241375 0.551728
0.100002 0.899998 0
0.689657 0.310343 0
0.357143 0.642857 0
0.448277 0.172412 0.379311
0.64773 0.10227 0.25
0.000103394 0.310312 0.689584
9.95328e-05 0.0999899 0.899911
0.655105 0.000103435 0.344792
0.0666668 0.100001 0.833333
0.586208 0.0689645 0.344828
0.310345 0.344828 0.344828
9.98697e-05 0.16665 0.83325
9.86944e-05 9.02927e-05 0.999811
0.933331 0.0666689 0
0.586207 0.137931 0.275862
0.103432 0.379407 0.517161
0.433335 0.566665 0
0.0333291 0.966671 0
0.275862 0.310345 0.413793
0.178184 0.464505 0.357311
0.310344 0.241377 0.448279
0.000103436 0.620626 0.379271
0.551725 0.0344805 0.413794
0.13793 0.13793 0.72414
0.172414 0.310345 0.517241
0.000102224 0.749898 0.25
0.857144 0.142856 0
9.99749e-05 0.23331 0.76659
0.48148 0.51852 0
0.413794 0.241378 0.344828
0.517235 0.137933 0.344832
0.766667 0.233333 0
0.53328 9.99814e-05 0.46662
0.137929 0.275859 0.586212
0.206896 0.517242 0.275862
0.192306 0.807694 0
0.9999 9.99832e-05 0
0.0689635 0.586208 0.344828
0.10227 0.64773 0.25
0.09999 9.95371e-05 0.89991
0.807691 0.192309 0
0.16665 9.99467e-05 0.83325
0.482815 0.206874 0.310311
0.275862 0.413794 0.310344
0.0333327 0.0333327 0.933335
9.98635e-05 0.499947 0.499953
0.899999 0.100001 0
0.0666664 0.166667 0.766667
0.241339 0.000103341 0.758558
0.448278 0.0344779 0.517244
0.344826 0.172413 0.482761
0.206896 0.103448 0.689656
0.0344827 0.551724 0.413793
