0.379312 0.137927 0.482761
0.200015 0.0333359 0.766649
0.482709 0.000103108 0.517188
0.13793 0.172414 0.689656
0.310348 0.0344826 0.655169
0.214189 0.464527 0.321284
0.172429 0.413768 0.413802
0.0333329 0.966667 0
9.921e-05 0.999901 0
0.000102828 0.310312 0.689585
0.73076 0.26924 0
0.321428 0.428572 0.25
0.172414 0.344828 0.482757
0.103447 0.551725 0.344828
0.238641 0.511359 0.25
9.42629e-05 0.13332 0.866586
0.379272 0.000103207 0.620625
0.620624 0.000103377 0.379272
0.586212 0.137923 0.275865
0.000103226 0.482709 0.517188
0.275871 0.241377 0.482752
0.100002 0.899998 0
0.433331 0.566669 0
0.17241 0.24138 0.58621
0.275833 0.000103384 0.724064
0.103447 0.379312 0.517241
0.600007 0.399993 0
0.551723 0.103449 0.344828
0.0344766 0.58621 0.379313
0.400002 0.599998 0
9.95273e-05 0.199982 0.799918
0.172414 0.103445 0.72414
0.64773 0.10227 0.25
0.551666 0.000103329 0.44823
0.199998 0.199997 0.600005
0.807701 0.192299 0
0.344828 0.344827 0.310345
0.366666 0.633334 0
0.448277 0.0689644 0.482759
0.000103162 0.379271 0.620626
0.517244 0.0689621 0.413793
0.448275 0.172414 0.379311
0.766664 0.233336 0
0.518524 0.481476 0
0.333333 0.666667 0
0.0689505 0.620773 0.310277
0.137928 0.48276 0.379312
0.000102302 0.655105 0.344793
0.413798 0.0344756 0.551727
0.300002 0.699998 0
0.000102097 0.749898 0.25
0.0666687 0.933331 0
0.185184 0.814816 0
0.46667 0.53333 0
0.428555 0.321445 0.25
0.448281 0.27586 0.27586
0.275861 0.172414 0.551725
0.620694 0.0689647 0.310341
0.9 0.1 0
0.633337 0.366663 0
0.136364 0.613636 0.25
0.03448 0.24138 0.72414
0.103447 0.275862 0.620692
0.344835 0.206895 0.448269
0.0344788 0.413795 0.551726
0.749898 0.000102119 0.25
0.100001 0.0333241 0.866675
0.172416 0.551718 0.275866
0.0344825 0.689656 0.275862
0.566661 0.433339 0
0.241379 0.13793 0.620691
0.310345 0.310344 0.379311
0.000103208 0.551663 0.448233
0.24138 0.0689617 0.689658
0.545454 0.204546 0.25
0.166651 9.96939e-05 0.833249
0.345008 0.103419 0.551572
0.9999 9.97746e-05 0
0.0666608 0.466664 0.466676
0.266663 0.733337 0
0.679996 0.320004 0
0.39288 0.249993 0.357128
0.966672 0.0333276 0
0.689584 0.000103271 0.310313
0.133333 0.0666649 0.800002
0.857143 0.142857 0
0.0666601 4.48516e-05 0.933295
0.137928 0.862072 0
6.03497e-05 9.0613e-05 0.999849
0.241374 0.34483 0.413796
0.0689641 0.137928 0.793108
0.933336 0.0666642 0
0.43333 0.133338 0.433331
0.068963 0.344827 0.58621
0.0333346 0.0666693 0.899996
0.13793 0.310345 0.551725
0.206897 0.275862 0.517241
0.275854 0.379317 0.344828
0.230769 0.769231 0
0.482758 0.206898 0.310345
