0.102274 0.647726 0.25
0.448272 0.275868 0.27586
0.466667 0.533333 0
0.103447 0.517242 0.379311
0.61364 0.13636 0.25
0.689656 0.0344821 0.275862
0.000100827 0.571372 0.428527
0.172411 0.241378 0.586211
0.137928 0.586209 0.275863
0.266667 0.733333 0
0.344828 0.655172 0
0.206897 0.103447 0.689656
0.448277 0.0344793 0.517243
0.344828 0.103448 0.551724
0.379313 0.241374 0.379313
0.966667 0.0333325 0
0.000103353 0.655105 0.344792
0.000103427 0.310312 0.689584
0.428535 0.000100827 0.571364
0.0333325 0.966668 0
0.413793 0.275862 0.310345
0.166668 0.0666657 0.766667
0.241376 0.413795 0.344829
0.344828 0.310344 0.344828
0.172413 0.310344 0.517243
0.000102232 0.749898 0.25
0.9 0.1 0
0.566668 0.433332 0
0.9999 9.99467e-05 0
0.517232 0.137934 0.344834
0.204545 0.545454 0.25
0.310345 0.275862 0.413793
9.98801e-05 0.166652 0.833248
0.1 0.9 0
0.206897 0.172411 0.620692
0.00010077 0.428535 0.571364
0.0344828 0.344827 0.62069
0.137931 0.862069 0
0.551724 0.172414 0.275862
0.310338 0.034482 0.65518
0.137929 0.172414 0.689657
0.275834 0.000103287 0.724063
0.137931 0.37931 0.482759
0.511345 0.238655 0.25
0.27586 0.137929 0.586211
0.0666677 0.933332 0
0.275858 0.344829 0.379312
0.310348 0.379309 0.310343
0.241379 0.275862 0.482759
0.862073 0.137927 0
0.0344805 0.689657 0.275863
0.642857 0.357143 0
0.43333 0.56667 0
0.392858 0.607142 0
0.172413 0.413794 0.413794
0.814815 0.185185 0
0.199983 9.99749e-05 0.799917
0.100001 0.0666676 0.833331
0.13332 9.7805e-05 0.866582
0.392859 0.357141 0.25
0.103448 0.344828 0.551724
0.0689655 0.586207 0.344828
0.306829 0.443171 0.25
0.310345 0.172414 0.517241
0.448281 0.206888 0.344831
0.379311 0.137931 0.482759
0.448274 0.103449 0.448278
0.53328 9.98637e-05 0.46662
0.000103401 0.206867 0.793029
0.733334 0.266666 0
0.24138 0.206894 0.551726
0.655105 0.000103208 0.344792
0.933333 0.0666669 0
0.344827 0.206897 0.448276
0.230769 0.769231 0
0.00010337 0.517187 0.48271
0.413793 0.172414 0.413793
0.379271 0.000103432 0.620625
0.0666623 5.9463e-05 0.933278
0.103442 0.137925 0.758632
0.3 0.7 0
0.0344823 0.24138 0.724138
0.103448 0.275862 0.62069
0.518519 0.481481 0
0.502409 0.0669767 0.430614
0.692307 0.307693 0
0.206891 0.344846 0.448263
5.99989e-05 0.0666618 0.933278
0.0666658 0.466667 0.466667
0.62069 0.0689655 0.310345
0.749898 0.000102255 0.25
0.185179 0.814821 0
9.70623e-05 9.65619e-05 0.999806
9.96715e-05 0.9999 0
0.6 0.4 0
0.586207 0.0344824 0.37931
0.0333344 0.1 0.866666
0.769231 0.230769 0
0.241385 0.482746 0.275869
0.172414 0.482757 0.344829
