0.241377 0.0689658 0.689658
0.0344826 0.275861 0.689657
0.233333 0.766667 0
0.966669 0.0333314 0
0.13793 0.448276 0.413794
0.399959 9.98519e-05 0.599941
0.344828 0.137931 0.517241
0.344832 0.0344708 0.620697
0.448278 0.0344806 0.517242
0.730767 0.269233 0
0.172411 0.379321 0.448268
0.466678 0.533322 0
0.413798 0.206887 0.379315
0.136362 0.613638 0.25
0.749898 0.000102241 0.25
0.172411 0.48276 0.344829
0.482759 0.172413 0.344828
0.103445 0.517243 0.379312
0.000103416 0.655105 0.344792
0.0344356 0.380152 0.585413
0.0666674 0.933333 0
0.647728 0.102272 0.25
0.310345 0.310345 0.37931
0.137922 0.103445 0.758634
0.85715 0.14285 0
0.0689616 0.586209 0.344829
0.379308 0.172414 0.448278
0.482758 0.0689656 0.448277
0.655105 0.000103364 0.344792
0.310347 0.379309 0.310344
0.433332 0.566668 0
0.241381 0.379307 0.379312
0.0333262 0.0333294 0.933344
0.0333328 0.966667 0
0.00010343 0.344792 0.655104
0.0999925 5.71696e-05 0.89995
0.517241 0.206897 0.275862
0.172412 0.137932 0.689657
0.344829 0.241377 0.413795
0.068966 0.655171 0.275863
0.166651 9.93758e-05 0.83325
0.310345 0.206897 0.482758
0.27586 0.172414 0.551726
0.275863 0.103447 0.620691
0.137931 0.344827 0.517242
9.99517e-05 0.233311 0.766589
0.586213 0.103438 0.310348
0.306818 0.443182 0.25
9.993e-05 0.16665 0.83325
0.64286 0.35714 0
0.0999998 0.0666666 0.833334
0.807692 0.192308 0
0.448276 0.241379 0.310345
9.98096e-05 0.9999 0
0.103449 0.413789 0.482762
0.689656 0.310344 0
0.000100401 0.464233 0.535666
0.518516 0.481484 0
0.933333 0.066667 0
0.477272 0.272728 0.25
0.000102201 0.749898 0.25
0.9999 9.98423e-05 0
0.137926 0.241381 0.620693
0.241381 0.448273 0.310346
0.6 0.4 0
0.241379 0.241379 0.517241
0.56667 0.43333 0
0.200003 0.0333319 0.766665
0.551726 0.0689621 0.379312
0.310343 0.689657 0
0.766669 0.233331 0
0.172414 0.551723 0.275863
0.206897 0.172412 0.620691
0.379315 0.0689597 0.551726
0.172414 0.275861 0.551725
0.399997 0.600003 0
0.192304 0.807696 0
0.238635 0.511365 0.25
0.0666658 0.133334 0.8
9.00434e-05 9.74419e-05 0.999813
0.275834 0.000103428 0.724063
0.0999986 0.900001 0
0.579542 0.170458 0.25
0.517187 0.000103427 0.48271
0.142858 0.857142 0
0.689659 0.0344777 0.275863
0.000100808 0.571373 0.428526
0.413786 0.103449 0.482764
9.94534e-05 0.0999835 0.899917
0.35714 0.64286 0
0.241377 0.310351 0.448272
0.269234 0.730766 0
0.379305 0.275864 0.34483
0.9 0.1 0
0.0334128 0.501186 0.465402
0.44828 0.137925 0.413795
0.103447 0.310344 0.586209
0.586146 0.000103433 0.41375
0.392858 0.357142 0.25
0.0689652 0.206897 0.724137
