0.37931 0.137931 0.482759
0.137931 0.137931 0.724138
0.137917 0.344893 0.51719
0.0344799 0.24138 0.72414
0.0001034 0.689584 0.310313
0.100001 0.899999 0
0.551728 0.103442 0.34483
0.933333 0.0666668 0
0.692308 0.307692 0
0.172415 0.448272 0.379313
0.275861 0.344828 0.379311
0.241379 0.413794 0.344828
0.241379 0.310345 0.448276
0.23077 0.76923 0
0.000103431 0.620625 0.379271
0.310345 0.137931 0.551724
0.266667 0.733333 0
0.0344805 0.379311 0.586209
0.000102243 0.749898 0.25
0.340909 0.409091 0.25
0.482759 0.13793 0.379311
0.310342 0.379315 0.310343
0.642858 0.357142 0
0.0689656 0.310344 0.62069
0.966667 0.033333 0
0.769232 0.230768 0
0.551725 0.0344817 0.413794
0.448276 0.206897 0.344828
0.0689616 0.655175 0.275863
0.733333 0.266667 0
0.749898 0.000102255 0.25
9.99086e-05 0.19998 0.79992
0.1 0.1 0.8
0.655105 0.000103383 0.344792
0.433288 9.98762e-05 0.566612
0.103448 0.551724 0.344828
0.185183 0.814817 0
0.379311 0.0689636 0.551725
0.137929 0.24138 0.620691
0.607073 0.000101122 0.392826
0.443176 0.306824 0.25
0.206898 0.379306 0.413796
0.814819 0.185181 0
0.413794 0.172411 0.413794
0.275862 0.103448 0.62069
0.19998 9.99588e-05 0.79992
0.206888 0.137925 0.655187
0.344828 0.206896 0.448276
0.310313 0.000103409 0.689584
0.307694 0.692306 0
0.566669 0.433331 0
0.0333333 0.966667 0
0.533329 0.466671 0
0.482761 0.241378 0.275861
0.68966 0.0344765 0.275864
0.000103406 0.551667 0.44823
0.100244 0.431949 0.467807
0.172414 0.275862 0.551724
9.99729e-05 0.9999 0
0.344825 0.310346 0.344829
0.545455 0.204545 0.25
9.98968e-05 0.133323 0.866577
0.433336 0.566664 0
0.0333109 0.0666658 0.900023
0.64773 0.10227 0.25
0.6 0.4 0
0.133323 9.99459e-05 0.866577
0.481483 0.518517 0
0.34483 0.0344752 0.620695
0.172416 0.551719 0.275865
0.166669 0.0666655 0.766666
0.103448 0.206897 0.689655
0.9999 9.98783e-05 0
0.0666669 0.166667 0.766666
0.379312 0.344827 0.275861
0.310345 0.27586 0.413794
0.900002 0.0999983 0
0.0344827 0.482759 0.482759
0.862068 0.137932 0
0.586207 0.137931 0.275862
0.0689602 0.517244 0.413795
0.517188 0.000103405 0.482709
0.413793 0.275862 0.310345
0.241379 0.0344826 0.724138
0.0666666 0.933333 0
0.000103414 0.310313 0.689584
0.275857 0.448286 0.275857
0.241379 0.206896 0.551724
0.137931 0.862069 0
0.206893 0.482767 0.31034
0.357143 0.642857 0
0.0666439 8.98432e-05 0.933266
9.99184e-05 0.433288 0.566612
0.238637 0.511363 0.25
0.136364 0.613636 0.25
9.42688e-05 9.71273e-05 0.999809
0.275859 0.24138 0.482761
0.466673 0.0666673 0.46666
0.379309 0.24138 0.379311
0.4 0.6 0
