0.0344813 0.551725 0.413794
0.448282 0.241377 0.310342
0.551719 0.172416 0.275865
0.600009 0.399991 0
0.272727 0.477272 0.250001
0.068958 0.24136 0.689682
0.814812 0.185188 0
0.413793 0.0689655 0.517241
0.200003 0.100001 0.699996
0.0999997 0.9 0
0.37931 0.275862 0.344828
0.655105 0.000103395 0.344792
0.0333299 0.96667 0
0.206896 0.517242 0.275862
0.392857 0.357143 0.250001
0.518513 0.481487 0
0.310345 0.310345 0.37931
0.749897 0.000102191 0.250001
0.0689653 0.62069 0.310345
0.103439 0.55173 0.344831
0.233334 0.0333309 0.733335
0.499949 9.99483e-05 0.499951
9.99742e-05 0.23331 0.76659
0.566666 0.433334 0
0.172414 0.310345 0.517241
0.000103423 0.620624 0.379273
0.586203 0.103449 0.310348
0.206897 0.206897 0.586207
0.241379 0.241379 0.517241
0.199981 9.99778e-05 0.799919
0.13793 0.379316 0.482754
0.933333 0.0666668 0
0.9999 9.99789e-05 0
0.482757 0.172414 0.344829
0.586146 0.000103421 0.41375
0.966668 0.0333319 0
0.233333 0.766667 0
0.399996 0.600004 0
0.310312 0.000103392 0.689584
0.46667 0.53333 0
0.269232 0.730768 0
0.1 0.1 0.8
0.172406 0.482763 0.344831
8.49948e-05 0.166649 0.833266
0.275867 0.172398 0.551735
0.000102237 0.749897 0.250001
0.241374 0.310359 0.448267
0.192291 0.807709 0
0.538131 0.0672661 0.394603
0.0333324 0.100005 0.866663
0.357143 0.642857 0
0.142849 0.857151 0
0.344828 0.344828 0.310345
0.900006 0.0999936 0
0.000103136 0.310313 0.689584
0.0666689 0.0333345 0.899997
0.100261 0.467864 0.431876
9.94183e-05 9.85516e-05 0.999802
0.241339 0.137933 0.620729
0.172414 0.172414 0.655173
3.97615e-05 0.0666636 0.933297
0.0335524 0.429523 0.536924
0.692308 0.307692 0
0.241381 0.448275 0.310345
0.642861 0.357139 0
0.413791 0.310348 0.275861
0.466668 0.100001 0.433331
9.98333e-05 0.9999 0
0.275862 0.0689648 0.655173
0.433335 0.566665 0
0.689657 0.0344813 0.275862
0.137915 0.137915 0.72417
0.733326 0.266674 0
0.103447 0.275863 0.62069
0.0666666 0.166667 0.766667
0.166667 0.0666666 0.766667
0.310352 0.206894 0.482754
0.0666724 0.933328 0
0.448228 0.000103391 0.551668
0.511352 0.238648 0.250001
0.206895 0.379311 0.413794
0.170462 0.579537 0.250001
0.379317 0.1724 0.448283
0.310344 0.103448 0.586207
0.000103429 0.379271 0.620625
0.413793 0.206897 0.37931
0.102268 0.647732 0.250001
0.613637 0.136362 0.250001
0.000103281 0.689584 0.310313
0.344828 0.137931 0.517241
0.31034 0.68966 0
0.13332 9.92564e-05 0.866581
0.06897 0.344826 0.586204
0.769231 0.230769 0
0.379271 0.000103377 0.620625
0.275865 0.379304 0.344831
0.310346 0.413792 0.275862
9.98255e-05 0.49995 0.499951
0.344828 0.241377 0.413794
0.86207 0.13793 0
