0.533002 0.0333565 0.433642
0.000103395 0.655105 0.344792
0.749898 0.000102222 0.25
0.48276 0.206896 0.310344
0.344827 0.275862 0.379311
0.966667 0.033333 0
0.172417 0.241384 0.586199
0.230769 0.769231 0
0.9 0.0999999 0
0.000103431 0.586146 0.41375
0.206896 0.172414 0.62069
0.392857 0.357143 0.25
0.206897 0.275862 0.517241
0.379314 0.206889 0.413797
0.692308 0.307692 0
0.166668 0.0666674 0.766664
0.448276 0.0689642 0.482759
0.0666673 0.933333 0
0.307691 0.692309 0
0.413794 0.241378 0.344828
0.555555 0.444445 0
0.000102236 0.749898 0.25
9.98467e-05 0.9999 0
0.185181 0.814819 0
0.266668 0.0333315 0.7
0.310345 0.241378 0.448277
0.9999 9.99677e-05 0
0.5 0.5 0
0.413795 0.137928 0.448277
0.310345 0.137931 0.551724
0.170455 0.579545 0.25
0.642858 0.357142 0
0.344792 0.000103417 0.655105
0.137934 0.862066 0
0.933333 0.0666671 0
0.137932 0.517238 0.34483
0.0999898 9.99724e-05 0.89991
0.103446 0.34484 0.551714
0.000103433 0.517188 0.482709
0.357144 0.642856 0
0.310347 0.0689597 0.620694
0.76923 0.23077 0
0.448276 0.275862 0.275862
0.137931 0.413793 0.448277
0.344822 0.172415 0.482763
0.206897 0.517241 0.275862
0.733333 0.266667 0
0.206894 0.379312 0.413795
0.65518 0.0344721 0.310348
0.0333334 0.133334 0.833333
0.275862 0.206896 0.517242
0.033314 0.0333339 0.933352
0.0001008 0.428528 0.571371
0.0333332 0.966667 0
9.9757e-05 0.09999 0.89991
0.551779 0.172393 0.275829
0.285714 0.464286 0.25
0.102273 0.647727 0.25
0.600002 0.399998 0
0.444447 0.555553 0
0.310345 0.344826 0.344828
0.241379 0.103448 0.655173
0.0666654 0.0666654 0.866669
0.448279 0.172408 0.379313
0.137931 0.206896 0.655173
0.310345 0.413793 0.275862
0.0333399 0.699932 0.266728
0.1 0.9 0
0.814814 0.185186 0
0.607086 0.000101059 0.392813
0.379314 0.310343 0.310343
0.482709 0.000103423 0.517188
0.166666 0.133333 0.7
0.16665 9.99676e-05 0.83325
0.172409 0.344847 0.482744
0.100005 0.100005 0.799989
0.172404 0.448282 0.379314
0.0344813 0.241376 0.724143
0.511366 0.238634 0.25
0.0689655 0.62069 0.310345
0.241347 0.000103398 0.758549
0.103444 0.275863 0.620692
0.000103424 0.206868 0.793029
0.1 0.166665 0.733335
0.647723 0.102277 0.25
0.241377 0.413794 0.344829
0.4 0.6 0
0.586208 0.103447 0.310345
8.37212e-05 9.12644e-05 0.999825
0.275861 0.310349 0.413791
0.862071 0.137929 0
0.0689651 0.551723 0.379312
0.428528 0.000100804 0.571371
0.0344821 0.344828 0.62069
0.0666651 0.466668 0.466667
0.517242 0.137931 0.344828
0.000103427 0.310313 0.689584
0.379311 0.103448 0.517242
0.266666 0.733334 0
0.482759 0.103448 0.413793
