0.172413 0.551725 0.275862
0.0999997 0.0666657 0.833335
0.310344 0.0344826 0.655174
0.482761 0.137927 0.379312
0.233334 0.766666 0
0.100001 0.899999 0
0.51852 0.48148 0
0.137929 0.48276 0.379311
0.42623 0.0337511 0.540019
0.566667 0.433333 0
0.310345 0.172414 0.517241
0.137931 0.275864 0.586205
0.517244 0.0689612 0.413795
0.448206 0.275897 0.275897
0.344829 0.655171 0
0.241378 0.310345 0.448276
0.466667 0.533333 0
0.275859 0.448281 0.275859
0.241379 0.172414 0.586208
0.379307 0.137933 0.48276
0.749898 0.000102254 0.25
0.206892 0.379313 0.413796
0.966666 0.0333342 0
0.551711 0.172419 0.27587
0.000100763 0.571369 0.42853
0.000103393 0.482709 0.517187
0.16665 9.87651e-05 0.833251
0.766667 0.233333 0
0.103446 0.551725 0.344828
0.275834 0.000103143 0.724063
0.586146 0.0001033 0.41375
0.379272 0.000103366 0.620625
0.0344785 0.241377 0.724144
0.62069 0.0689655 0.310345
0.511344 0.238656 0.25
0.448276 0.206896 0.344828
0.310355 0.379302 0.310343
0.0689618 0.655175 0.275863
0.689656 0.310344 0
9.93379e-05 0.16665 0.833251
0.799999 0.200001 0
0.0333266 0.033309 0.933364
0.136359 0.613641 0.25
0.103422 0.344993 0.551585
0.103448 0.241379 0.655174
0.275861 0.24138 0.482759
0.392854 0.607146 0
0.000102243 0.749898 0.25
0.310442 0.103433 0.586125
0.17241 0.137932 0.689658
0.600003 0.399997 0
0.192304 0.807696 0
0.266667 0.733333 0
0.689656 0.0344815 0.275862
0.103446 0.172409 0.724145
0.933334 0.0666659 0
0.44828 0.103438 0.448282
0.0666671 0.933333 0
0.133335 0.0999972 0.766668
9.99759e-05 0.9999 0
0.3 0.7 0
0.206895 0.0344812 0.758624
0.066668 0.466652 0.46668
0.238643 0.511357 0.25
0.499964 9.98262e-05 0.499936
0.137931 0.37931 0.482759
0.000103302 0.689592 0.310304
0.000103196 0.310312 0.689584
0.730772 0.269228 0
0.392859 0.357141 0.25
0.172414 0.206897 0.62069
0.000100756 0.42852 0.571379
0.833333 0.166667 0
0.613628 0.136372 0.25
9.29833e-05 0.233311 0.766596
0.206899 0.448269 0.344832
0.24138 0.103446 0.655174
0.9 0.1 0
0.0333252 0.966675 0
9.58693e-05 0.0999884 0.899916
0.0344817 0.62069 0.344828
0.655105 0.00010333 0.344792
0.0999866 9.7749e-05 0.899916
0.0666744 0.13335 0.799976
0.37931 0.24138 0.379311
0.433345 0.566655 0
0.310345 0.275862 0.413793
0.413798 0.172405 0.413798
0.206897 0.27586 0.517242
0.275861 0.344829 0.379311
0.344829 0.310342 0.344829
0.866662 0.133338 0
0.344828 0.206895 0.448277
0.9999 9.97609e-05 0
0.0344793 0.344829 0.620692
0.340909 0.409091 0.25
0.551727 0.103444 0.344829
9.98244e-05 9.5518e-05 0.999805
0.642857 0.357143 0
0.142856 0.857144 0
