0.310346 0.241379 0.448275
0.206884 0.413801 0.379315
0.35714 0.64286 0
0.16665 9.9963e-05 0.83325
0.766669 0.233331 0
0.681001 0.0681025 0.250897
0.1 0.9 0
0.413789 0.206898 0.379313
0.142857 0.857143 0
0.433333 0.566667 0
0.533324 0.466676 0
0.379311 0.172413 0.448276
0.000103371 0.379271 0.620625
0.103444 0.517244 0.379312
0.481482 0.518518 0
0.545455 0.204545 0.25
0.13793 0.344828 0.517242
0.448261 0.241386 0.310353
0.241376 0.448285 0.31034
0.448275 0.137933 0.413792
0.206895 0.517244 0.275861
0.517246 0.10344 0.379314
0.137928 0.44828 0.413792
0.600001 0.399999 0
0.379311 0.0344808 0.586208
0.551724 0.137931 0.310345
0.501194 0.03341 0.465396
0.17241 0.137932 0.689659
0.966671 0.033329 0
0.0333333 0.133333 0.833333
0.655105 0.000103267 0.344792
0.1 0.0666665 0.833333
0.000100278 0.464237 0.535663
0.379301 0.275866 0.344833
0.9999 9.99882e-05 0
0.172411 0.482761 0.344829
0.136368 0.613632 0.25
0.000102215 0.749898 0.25
0.62069 0.103448 0.275862
9.74312e-05 0.0999897 0.899913
0.275852 0.379316 0.344833
0.206896 0.206896 0.586208
0.464238 0.000100324 0.535662
0.0689586 0.655179 0.275862
0.00010276 0.206884 0.793013
0.0344829 0.310345 0.655172
0.241379 0.241379 0.517242
0.172414 0.275862 0.551724
0.392851 0.357149 0.25
0.172414 0.37931 0.448276
0.241374 0.310362 0.448265
0.413793 0.103448 0.482759
0.23331 9.9979e-05 0.76659
0.103447 0.241379 0.655173
0.24138 0.13793 0.62069
0.0344787 0.620692 0.344829
0.0334131 0.501192 0.465395
0.900001 0.099999 0
0.275861 0.0344806 0.689658
0.30769 0.69231 0
0.310344 0.172414 0.517242
0.000100815 0.57137 0.428529
0.133332 0.1 0.766668
0.100001 9.57225e-05 0.899904
0.399997 0.600003 0
0.344792 0.000103414 0.655105
0.00010329 0.275833 0.724063
0.103447 0.310345 0.586208
0.137929 0.55173 0.31034
0.0333331 0.966667 0
0.206896 0.0689651 0.724139
0.733333 0.266667 0
0.807698 0.192302 0
0.233334 0.766666 0
0.310345 0.310345 0.37931
0.266669 0.733331 0
0.0333246 0.0332911 0.933384
0.642856 0.357144 0
0.857143 0.142857 0
0.749898 0.000102234 0.25
0.692317 0.307683 0
0.477274 0.272726 0.25
0.103448 0.413793 0.482759
0.310345 0.413794 0.275862
0.933334 0.0666662 0
0.566666 0.433334 0
0.0689605 0.379312 0.551727
0.344828 0.103447 0.551725
9.58057e-05 7.98817e-05 0.999824
9.98267e-05 0.9999 0
0.192303 0.807697 0
0.571371 0.000100636 0.428529
0.272728 0.477272 0.25
0.482761 0.172409 0.34483
0.344828 0.344828 0.310345
0.000103228 0.689584 0.310312
0.0666675 0.933332 0
0.58621 0.0689603 0.344829
0.310345 0.0689654 0.62069
0.103448 0.172411 0.724141
