0.600002 0.399998 0
0.137933 0.48275 0.379316
0.000103421 0.379271 0.620625
0.233334 0.766666 0
0.137926 0.58621 0.275864
0.233311 9.99817e-05 0.766589
0.551667 0.000103412 0.44823
0.0689505 0.620772 0.310277
0.068952 0.448384 0.482664
0.0689655 0.344828 0.586207
0.344828 0.206895 0.448277
0.517241 0.103448 0.37931
0.275866 0.448269 0.275864
0.413794 0.0689645 0.517242
0.172414 0.137929 0.689657
0.10001 0.0666728 0.833317
0.204548 0.545452 0.25
0.0333296 0.96667 0
0.379318 0.241365 0.379318
0.206892 0.482762 0.310347
0.466661 0.0666678 0.466672
0.13793 0.413794 0.448276
0.340909 0.409091 0.25
0.206897 0.413793 0.37931
0.206889 0.0689629 0.724148
0.103436 0.379315 0.517248
0.379315 0.344825 0.27586
0.103444 0.172407 0.724148
0.518519 0.481481 0
0.103444 0.551727 0.344829
0.206896 0.172414 0.62069
0.76923 0.23077 0
0.413795 0.275861 0.310344
0.379335 0.137925 0.48274
0.689584 0.000103408 0.310313
9.98798e-05 0.13332 0.86658
0.000103408 0.482709 0.517188
0.633332 0.366668 0
0.102273 0.647727 0.25
0.13793 0.206897 0.655173
0.0333333 0.166667 0.8
0.344828 0.310344 0.344828
0.000103424 0.310313 0.689584
0.206897 0.344828 0.448276
9.16778e-05 0.0666448 0.933264
0.464282 0.285718 0.25
0.9999 9.99353e-05 0
0.448275 0.172414 0.379311
0.399999 0.600001 0
0.275861 0.241382 0.482757
0.310344 0.275854 0.413802
0.310344 0.689656 0
0.000103291 0.241353 0.758544
0.0666653 0.0333329 0.900002
0.310346 0.172411 0.517243
0.730766 0.269234 0
0.379271 0.00010342 0.620625
0.966669 0.0333311 0
0.749898 0.000102213 0.25
0.814826 0.185174 0
0.166667 0.0333333 0.8
0.133334 0.1 0.766666
0.142855 0.857145 0
0.344828 0.0689655 0.586207
9.9947e-05 0.9999 0
0.000103432 0.689584 0.310313
0.0344792 0.413794 0.551727
0.357142 0.642858 0
0.24138 0.206894 0.551727
0.0333324 0.533339 0.433329
0.86207 0.13793 0
0.310344 0.379313 0.310344
0.433332 0.566668 0
0.680001 0.319999 0
9.9842e-05 9.63215e-05 0.999804
0.933333 0.0666671 0
0.192307 0.807693 0
0.681822 0.0681781 0.25
0.275862 0.103448 0.62069
0.275864 0.344823 0.379313
0.137931 0.275862 0.586207
0.566666 0.433334 0
0.0666656 0.933334 0
0.620625 0.000103425 0.379271
0.482757 0.24138 0.275863
0.466676 0.533324 0
0.900001 0.0999989 0
0.466618 9.99844e-05 0.533282
0.586207 0.0689656 0.344828
0.620691 0.103447 0.275863
0.000101166 0.60709 0.392808
0.269235 0.730765 0
0.517241 0.172414 0.310345
0.1 0.9 0
0.310313 0.00010342 0.689584
0.13332 9.9677e-05 0.86658
0.0689648 0.275862 0.655173
0.579546 0.170454 0.25
0.000102236 0.749898 0.25
0.172414 0.310346 0.517241
