0.448271 0.206898 0.344831
0.379306 0.34483 0.275864
0.448716 0.06891 0.482374
0.766668 0.233332 0
0.899999 0.100001 0
0.137936 0.586192 0.275872
0.655105 0.0001034 0.344792
0.137925 0.448279 0.413796
0.000103323 0.482709 0.517188
0.133335 0.0333338 0.833331
0.233331 0.766669 0
0.310345 0.689655 0
0.103445 0.310346 0.586209
0.103448 0.413793 0.482759
0.103445 0.517243 0.379312
0.482709 0.000103246 0.517188
9.96575e-05 0.9999 0
0.241381 0.344822 0.413797
0.566664 0.433336 0
0.0689576 0.586212 0.34483
0.137928 0.103447 0.758625
0.206896 0.413792 0.379312
0.206874 0.000103295 0.793023
0.518524 0.481476 0
0.099997 0.900003 0
0.68966 0.0344763 0.275864
0.241379 0.482759 0.275862
0.000103281 0.413751 0.586146
0.100001 0.200003 0.699996
0.607143 0.392857 0
0.192307 0.807693 0
0.310344 0.275865 0.413791
0.379312 0.068962 0.551726
0.545453 0.204546 0.250001
0.321427 0.428572 0.250001
0.413792 0.172414 0.413794
0.206896 0.275863 0.517241
9.93201e-05 0.0999888 0.899912
0.503593 0.100719 0.395688
0.0666668 0.933333 0
0.379309 0.241379 0.379312
0.807694 0.192306 0
0.357143 0.642857 0
0.0001008 0.571378 0.428521
0.310312 0.000103394 0.689584
0.000103373 0.344793 0.655104
0.000103315 0.241352 0.758545
0.4 0.6 0
0.37931 0.137931 0.482759
0.142859 0.857141 0
0.586212 0.0689581 0.34483
0.241381 0.206892 0.551727
0.344828 0.0344818 0.62069
0.655163 0.344837 0
0.206897 0.103446 0.689657
0.172414 0.37931 0.448276
0.413751 0.000103412 0.586146
0.966667 0.0333334 0
0.44318 0.306819 0.250001
0.0689654 0.482759 0.448276
0.9999 9.99326e-05 0
0.0689629 0.379311 0.551726
0.269231 0.730769 0
0.0333336 0.966666 0
0.275861 0.103448 0.62069
0.0689648 0.13793 0.793106
0.749897 0.000102219 0.250001
8.10902e-05 8.13133e-05 0.999838
0.344827 0.310345 0.344828
0.413804 0.275854 0.310342
0.172414 0.172414 0.655172
0.482764 0.241377 0.275859
0.571378 0.000100568 0.428521
0.857144 0.142856 0
0.433335 0.566665 0
0.0333334 0.0333335 0.933333
0.13793 0.344828 0.517242
0.0344796 0.275863 0.689657
0.066678 0.0666783 0.866644
0.275865 0.241378 0.482756
0.699999 0.300001 0
0.310352 0.13793 0.551718
0.0344684 0.689665 0.275866
0.517242 0.0344825 0.448276
0.137928 0.24138 0.620692
0.466665 0.533335 0
0.000102147 0.749897 0.250001
0.241349 0.0344768 0.724174
0.000103282 0.655105 0.344792
0.733333 0.266667 0
0.344829 0.206893 0.448278
9.97289e-05 0.166651 0.833249
0.20455 0.545449 0.250001
0.647724 0.102275 0.250001
0.0999893 9.87822e-05 0.899912
0.275863 0.379309 0.344828
0.933334 0.066666 0
0.551725 0.137932 0.310344
0.172417 0.482749 0.344834
0.102263 0.647736 0.250001
