0.9 0.1 0
0.413793 0.0689655 0.517241
0.321429 0.428571 0.25
0.137926 0.172415 0.68966
0.172413 0.310347 0.51724
0.310349 0.103448 0.586203
0.518519 0.481481 0
0.206899 0.24138 0.551721
0.275862 0.206897 0.517241
0.241379 0.103448 0.655173
6.30127e-05 0.0666607 0.933276
0.0689385 0.379548 0.551514
0.41375 0.000103223 0.586146
0.433334 0.566666 0
0.586249 0.137906 0.275845
0.00010343 0.689584 0.310313
0.32529 0.168679 0.506031
0.100258 0.467862 0.43188
0.0689646 0.655173 0.275862
0.133334 0.0666668 0.799999
0.310313 0.00010332 0.689584
0.206894 0.0689646 0.724141
0.172409 0.482761 0.344829
0.448276 0.103448 0.448277
0.206897 0.413793 0.37931
0.137925 0.862075 0
0.185178 0.814822 0
0.482761 0.137926 0.379312
0.0999997 0.0333332 0.866667
0.857143 0.142857 0
0.545461 0.204539 0.25
9.99874e-05 0.499951 0.499949
9.99268e-05 0.233311 0.766589
0.0344826 0.551724 0.413793
0.0666672 0.933333 0
0.310345 0.310345 0.37931
0.766669 0.233331 0
0.0333331 0.166668 0.799999
9.04406e-05 9.91996e-05 0.99981
0.379311 0.27586 0.344828
0.23077 0.76923 0
0.933333 0.0666672 0
0.7 0.3 0
0.136367 0.613633 0.25
0.00010336 0.310313 0.689584
0.379402 0.13791 0.482689
0.689675 0.0344555 0.27587
0.65517 0.34483 0
0.9999 9.98307e-05 0
0.233311 9.98894e-05 0.766589
0.482759 0.241379 0.275862
0.807692 0.192308 0
0.275862 0.275862 0.448277
0.499951 9.9962e-05 0.499949
0.551719 0.103449 0.344831
0.566661 0.433339 0
0.344828 0.0344818 0.62069
0.0999976 0.900002 0
0.000102239 0.749898 0.25
0.275862 0.37931 0.344828
0.413793 0.172414 0.413793
0.16665 9.90217e-05 0.833251
0.30769 0.69231 0
0.46667 0.53333 0
0.103449 0.241379 0.655173
0.000103343 0.620625 0.379271
0.586211 0.0344764 0.379313
0.551667 0.000103394 0.448229
0.137928 0.379325 0.482747
0.517251 0.0689487 0.413801
0.966666 0.0333335 0
0.0344794 0.344829 0.620692
0.241376 0.448282 0.310341
0.344825 0.24138 0.413795
0.344828 0.344828 0.310345
0.0333293 0.966671 0
0.655105 0.000103186 0.344792
0.357141 0.642859 0
0.137931 0.275862 0.586207
0.103446 0.551725 0.344828
0.0666666 0.0999999 0.833333
0.647727 0.102273 0.25
0.0689614 0.206897 0.724141
0.238638 0.511362 0.25
0.206897 0.17241 0.620692
0.172415 0.55172 0.275865
9.55347e-05 0.133319 0.866586
0.733333 0.266667 0
0.428571 0.321429 0.25
0.4 0.6 0
0.266667 0.733333 0
0.241379 0.344828 0.413793
0.607136 0.392864 0
0.517242 0.172414 0.310345
0.749898 0.000102205 0.25
0.1 0.133333 0.766667
0.000103425 0.41375 0.586146
9.98547e-05 0.9999 0
0.448277 0.206894 0.344829
0.0666624 6.12906e-05 0.933276
