0.0344765 0.379313 0.586211
0.482762 0.0344814 0.482757
0.482761 0.206896 0.310344
0.0335515 0.536918 0.429531
0.379311 0.0344815 0.586208
0.689584 0.000103247 0.310313
0.310342 0.689658 0
0.137931 0.482759 0.37931
0.275866 0.448271 0.275863
0.103447 0.551726 0.344827
0.241347 0.000103428 0.75855
0.172409 0.413797 0.413794
0.413792 0.172414 0.413794
0.000102156 0.749898 0.25
0.166682 0.0333348 0.799983
0.000103142 0.689584 0.310313
0.0666639 0.933336 0
0.103442 0.448279 0.448279
0.517242 0.0689645 0.413794
0.172404 0.103443 0.724153
0.749898 0.000101956 0.25
0.44823 0.000102752 0.551667
0.413796 0.0689575 0.517246
0.100003 0.899997 0
0.899994 0.100006 0
0.310344 0.172414 0.517242
0.100005 0.133336 0.766659
0.0689653 0.655172 0.275862
0.555562 0.444438 0
0.428571 0.321429 0.25
0.275862 0.275862 0.448276
0.814828 0.185172 0
0.0689658 0.41379 0.517244
0.0333338 0.23333 0.733336
0.733333 0.266667 0
0.647726 0.102274 0.25
0.310345 0.310345 0.37931
0.233336 0.766664 0
0.033334 0.133338 0.833328
0.13793 0.379308 0.482762
0.269233 0.730767 0
0.357143 0.642857 0
0.444447 0.555553 0
9.98591e-05 0.499955 0.499945
0.344828 0.344828 0.310345
0.0333337 0.966666 0
0.482752 0.137933 0.379315
0.0666596 9.32743e-05 0.933247
0.999901 9.94421e-05 0
0.206887 0.482782 0.310331
0.586208 0.13793 0.275863
0.000103253 0.620623 0.379274
0.100003 0.0666688 0.833328
0.0689648 0.275863 0.655172
0.37931 0.137931 0.482759
0.103448 0.344825 0.551727
0.344827 0.206897 0.448276
0.000100863 0.357112 0.642787
0.62069 0.0344778 0.344833
0.172358 0.551867 0.275775
0.448277 0.103447 0.448277
0.206897 0.206897 0.586207
0.241379 0.241379 0.517241
0.6 0.4 0
0.137921 0.241384 0.620696
0.344794 0.000102254 0.655103
0.172414 0.172414 0.655172
0.000103414 0.206863 0.793034
0.5 0.5 0
0.142859 0.857141 0
0.448277 0.27586 0.275863
0.172414 0.310345 0.517241
0.136368 0.613632 0.25
4.31273e-05 0.0999943 0.899963
0.275866 0.0344809 0.689653
0.642857 0.357143 0
0.392879 0.249977 0.357143
0.933336 0.0666637 0
0.566613 9.98382e-05 0.433287
0.862077 0.137923 0
0.340911 0.409089 0.25
0.769231 0.230769 0
0.206892 0.344829 0.448278
0.545451 0.204549 0.25
0.27587 0.137896 0.586234
0.24138 0.103448 0.655173
0.966666 0.033334 0
0.692309 0.307691 0
9.9988e-05 0.29997 0.69993
0.133292 8.51928e-05 0.866623
0.0999959 0.2 0.700004
0.551729 0.10344 0.344831
9.75193e-05 8.14324e-05 0.999821
0.249991 0.392864 0.357145
9.90112e-05 0.999901 0
0.000103411 0.448229 0.551667
0.400002 0.599998 0
0.238635 0.511365 0.25
0.192307 0.807693 0
0.344827 0.103448 0.551725
