0.0344824 0.241377 0.724141
0.310307 0.00010337 0.689589
0.000103433 0.586146 0.41375
0.0333326 0.966667 0
0.241368 0.413799 0.344833
0.399999 0.600001 0
0.000103421 0.379271 0.620626
0.689656 0.0344819 0.275862
0.275863 0.103445 0.620692
0.000103234 0.206862 0.793034
0.51135 0.23865 0.25
0.310346 0.275861 0.413793
0.233311 9.99826e-05 0.766589
0.172405 0.44828 0.379314
0.933333 0.0666671 0
0.206897 0.0689623 0.724141
0.103448 0.241378 0.655174
0.655105 0.000103415 0.344792
0.344829 0.137927 0.517244
0.266666 0.733334 0
0.103448 0.379311 0.517241
0.0999978 0.900002 0
0.0666575 8.81533e-05 0.933254
0.448264 0.206901 0.344835
0.0344802 0.620691 0.344828
0.000103393 0.689584 0.310313
0.103446 0.620691 0.275863
0.0666665 0.133333 0.800001
0.068961 0.34483 0.586209
0.749898 0.000102242 0.25
0.344827 0.206896 0.448277
0.0666662 0.933334 0
0.357142 0.642858 0
0.344827 0.310345 0.344828
0.310346 0.37931 0.310345
0.0666667 0.0666667 0.866667
0.344828 0.0344814 0.620691
8.71185e-05 9.42599e-05 0.999819
0.13332 9.59973e-05 0.866584
0.466717 0.0666733 0.46661
0.517253 0.17241 0.310337
0.241377 0.310346 0.448277
0.27586 0.172414 0.551725
0.206899 0.517234 0.275867
0.9 0.0999996 0
0.566664 0.433336 0
0.647725 0.102275 0.25
0.206896 0.37931 0.413793
0.275868 0.344814 0.379318
0.000102234 0.749898 0.25
9.21462e-05 0.0666535 0.933254
0.206893 0.241391 0.551715
0.172413 0.206897 0.62069
0.103445 0.172414 0.724141
0.642859 0.357141 0
9.99794e-05 0.499952 0.499948
0.766663 0.233337 0
0.571369 0.000100657 0.428531
0.000103432 0.310307 0.689589
0.137931 0.517241 0.344828
0.185184 0.814816 0
0.137931 0.310344 0.551725
9.98427e-05 0.13332 0.86658
0.166667 0.0333327 0.800001
0.48271 0.000103422 0.517187
0.6 0.4 0
0.730766 0.269234 0
0.37931 0.24138 0.379311
0.275861 0.241379 0.48276
0.9999 9.97794e-05 0
0.807694 0.192306 0
0.58621 0.0689603 0.34483
0.39286 0.35714 0.25
0.966667 0.0333329 0
0.10344 0.482763 0.413797
0.413793 0.103448 0.48276
0.137925 0.413796 0.448279
9.98314e-05 0.9999 0
0.586209 0.137928 0.275863
0.230769 0.769231 0
0.0681743 0.681826 0.25
0.0689626 0.551726 0.379312
0.413753 0.000103408 0.586144
0.533332 0.466668 0
0.379312 0.0689616 0.551727
0.172413 0.344827 0.48276
0.517242 0.103447 0.379311
0.206896 0.13793 0.655174
0.307693 0.692307 0
0.857148 0.142852 0
0.481481 0.518519 0
0.285713 0.464287 0.25
0.133335 0.100001 0.766664
0.170455 0.579545 0.25
0.413802 0.172396 0.413802
0.0344815 0.413794 0.551725
0.433335 0.566665 0
0.448277 0.275861 0.275863
0.689661 0.310339 0
0.137931 0.862069 0
