0.344825 0.24138 0.413795
0.233333 0.766667 0
0.172409 0.275864 0.551727
0.000103159 0.344792 0.655105
0.0333437 0.699893 0.266763
0.48276 0.0689604 0.44828
0.499951 9.98601e-05 0.49995
0.0666649 0.133333 0.800002
0.0689654 0.62069 0.310345
0.379333 0.0689629 0.551704
9.97942e-05 0.999808 9.49672e-05
0.213882 0.465293 0.320825
0.0344744 0.379314 0.586212
0.310345 0.103448 0.586207
0.24138 0.13793 0.62069
0.433335 0.566665 0
0.275862 0.37931 0.344828
0.310344 0.310345 0.379311
0.24138 0.206896 0.551724
0.172414 0.206896 0.62069
0.000102163 0.749898 0.25
0.172414 0.413791 0.413794
0.633334 0.366666 0
0.13332 9.98502e-05 0.86658
0.471499 0.202071 0.326429
0.102265 0.647735 0.25
0.0333276 0.966672 0
0.100001 0.899999 0
0.137933 0.55172 0.310347
0.448277 0.137929 0.413794
0.310355 0.17242 0.517224
0.517241 0.137931 0.344828
0.166676 0.0666676 0.766657
0.68182 0.0681795 0.25
0.0666652 0.933335 0
0.137932 0.379309 0.48276
0.275831 0.000103403 0.724065
0.310345 0.689655 0
0.428569 0.321431 0.25
0.966673 0.0333274 0
0.68 0.32 0
0.321429 0.428571 0.25
0.241377 0.344834 0.413789
9.99432e-05 0.166652 0.833248
0.0666579 9.86951e-05 0.933243
0.0344829 0.206898 0.758619
0.379313 0.275858 0.344829
0.238636 0.511364 0.25
0.599999 0.400001 0
0.933333 0.0666666 0
0.344827 0.344828 0.310345
0.000103353 0.517188 0.482709
0.13793 0.482759 0.379311
0.620693 0.103445 0.275862
0.551725 0.0689635 0.379311
0.620692 0.034479 0.344829
0.000103364 0.275832 0.724065
0.142857 0.857143 0
0.192307 0.807693 0
0.0666702 0.466649 0.466681
0.27586 0.275861 0.44828
0.357141 0.642859 0
0.0333321 0.0999977 0.86667
0.399999 0.600001 0
0.518521 0.481479 0
0.413793 0.206896 0.379311
0.137931 0.137931 0.724138
0.766666 0.233334 0
0.566669 0.433331 0
0.730763 0.269237 0
0.206893 0.103446 0.689661
0.749898 0.000102135 0.25
0.689584 0.000103106 0.310313
0.41375 0.000103388 0.586146
0.103449 0.241377 0.655175
0.000103416 0.655105 0.344792
0.48276 0.241379 0.275862
0.17045 0.57955 0.25
0.807691 0.192309 0
0.9999 9.99449e-05 0
0.100001 0.0666674 0.833332
9.67965e-05 0.0666598 0.933243
0.000103365 0.448231 0.551666
9.93084e-05 9.95233e-05 0.999801
0.199981 9.99685e-05 0.799919
0.0689651 0.310345 0.62069
0.413798 0.103439 0.482764
0.206897 0.310344 0.482759
0.000103396 0.586146 0.41375
0.379309 0.172412 0.44828
0.275863 0.0689589 0.655178
0.344792 0.00010339 0.655105
0.571438 0.178562 0.25
0.857147 0.142853 0
0.0689657 0.551723 0.379311
0.586146 0.000103436 0.41375
0.466672 0.533328 0
0.269236 0.730764 0
0.103448 0.344831 0.551721
0.899998 0.100002 0
