0.241376 0.0689619 0.689662
0.000102174 0.749898 0.25
0.380613 0.0688218 0.550565
0.899993 0.100007 0
0.310345 0.344828 0.344828
0.344827 0.172413 0.48276
0.275861 0.310345 0.413794
0.482758 0.241379 0.275862
0.613637 0.136363 0.25
9.93357e-05 0.999901 0
0.566667 0.433333 0
0.413794 0.13793 0.448277
0.692308 0.307692 0
0.000103369 0.586146 0.41375
0.238641 0.511359 0.25
0.137933 0.172414 0.689654
0.413802 0.241364 0.344833
0.344831 0.379307 0.275861
0.172415 0.551723 0.275863
0.136362 0.613638 0.25
0.0689583 0.379373 0.551669
0.000103414 0.413752 0.586145
0.23331 9.96877e-05 0.76659
0.448271 0.0689661 0.482763
0.17241 0.241381 0.586209
0.535661 0.000100435 0.464239
0.172412 0.344828 0.48276
0.733334 0.266666 0
0.545454 0.204546 0.25
0.269231 0.730769 0
0.379312 0.206893 0.413795
0.0689635 0.517242 0.413794
0.0333286 0.200008 0.766663
0.0666524 6.60327e-05 0.933282
0.379309 0.310348 0.310343
0.241379 0.172412 0.586209
0.103449 0.551724 0.344828
0.366665 0.633335 0
0.749898 0.000102184 0.25
0.172396 0.482771 0.344834
0.481486 0.518514 0
0.814817 0.185183 0
0.0344733 0.620696 0.344831
0.137933 0.31034 0.551727
0.321429 0.428571 0.25
0.600002 0.399998 0
0.0666667 0.1 0.833333
0.230768 0.769232 0
0.319999 0.680001 0
0.433332 0.566668 0
0.862069 0.137931 0
0.0344827 0.344827 0.62069
0.517242 0.137931 0.344828
9.76264e-05 0.16665 0.833252
0.44823 0.000103267 0.551667
0.100271 0.43187 0.467858
0.620626 0.000103093 0.379271
0.137933 0.862067 0
0.310346 0.241378 0.448277
0.933332 0.0666675 0
0.206896 0.13793 0.655174
0.100001 0.899999 0
0.769233 0.230767 0
0.689584 0.000103233 0.310313
0.103448 0.275862 0.62069
9.63461e-05 8.59229e-05 0.999818
3.98199e-05 0.0999927 0.899967
0.0333243 0.966676 0
9.97265e-05 0.499943 0.499958
0.448273 0.172416 0.379312
0.166671 0.0666679 0.766662
0.241367 0.448283 0.31035
0.000103403 0.689584 0.310313
0.000100991 0.321395 0.678504
0.9999 9.987e-05 0
0.310345 0.137931 0.551724
0.0689654 0.655173 0.275862
0.310313 0.000103281 0.689584
0.655181 0.0689563 0.275863
0.344829 0.275859 0.379312
0.482758 0.103448 0.413794
0.185185 0.814815 0
0.166649 9.88039e-05 0.833252
0.066667 0.933333 0
0.275854 0.206891 0.517255
0.4 0.6 0
0.310345 0.0689652 0.62069
0.100002 0.0333336 0.866664
0.53333 0.46667 0
0.214277 0.392859 0.392865
0.0666606 0.233347 0.699992
0.428571 0.321429 0.25
0.966677 0.0333225 0
0.586204 0.103449 0.310347
9.53217e-05 0.266641 0.733264
0.24138 0.275861 0.482759
0.551726 0.0689624 0.379312
0.103448 0.137931 0.758622
0.379271 0.000103352 0.620626
0.642856 0.357144 0
