0.241376 0.413795 0.344829
0.206895 0.517241 0.275864
0.0689637 0.206895 0.724141
0.730768 0.269232 0
0.9 0.0999995 0
0.000103211 0.620625 0.379272
0.103443 0.517245 0.379312
0.275872 0.172411 0.551717
0.275863 0.0344808 0.689656
0.310344 0.310345 0.379311
0.4 0.6 0
0.300008 0.699992 0
0.206897 0.172409 0.620694
0.482756 0.172415 0.344829
0.0666685 0.133338 0.799993
0.466668 0.533332 0
0.689657 0.310343 0
0.0344836 0.448269 0.517247
0.13785 0.551986 0.310164
0.000102917 0.379271 0.620626
0.579543 0.170457 0.25
0.310345 0.206896 0.482759
0.647733 0.102267 0.25
0.344829 0.241376 0.413795
0.241357 0.000102953 0.75854
9.73838e-05 0.19998 0.799922
0.0344828 0.55172 0.413797
0.807696 0.192304 0
9.98879e-05 0.9999 0
0.0689615 0.655174 0.275864
0.465404 0.0334099 0.501186
0.000103289 0.275835 0.724062
0.586207 0.0344824 0.37931
0.0666591 7.54277e-05 0.933265
0.172417 0.241375 0.586208
0.34479 0.000102979 0.655107
0.172412 0.344828 0.482759
9.99097e-05 0.49995 0.499951
0.172401 0.0344797 0.793119
0.766666 0.233334 0
0.172411 0.48276 0.344829
0.241367 0.344834 0.413799
0.0689654 0.37931 0.551724
0.0689573 0.586212 0.344831
0.966667 0.0333326 0
0.13793 0.137929 0.724141
0.933337 0.0666626 0
0.20689 0.275865 0.517245
0.13793 0.206895 0.655175
0.13793 0.310347 0.551723
0.655105 0.000103386 0.344792
0.0333338 0.966666 0
0.230768 0.769232 0
0.551708 0.137936 0.310356
0.413794 0.13793 0.448277
0.310346 0.379309 0.310345
0.13793 0.448276 0.413794
0.413793 0.206896 0.37931
0.0666663 0.933334 0
0.535659 0.000100431 0.46424
0.566667 0.433333 0
0.699957 0.033338 0.266705
0.642857 0.357143 0
0.482761 0.103445 0.413794
0.428525 0.000100643 0.571374
0.136364 0.613636 0.25
0.100336 0.431448 0.468216
0.0333334 0.100002 0.866665
0.392857 0.357143 0.25
0.266668 0.733332 0
0.185181 0.814819 0
0.620689 0.0689655 0.310345
0.379311 0.103442 0.517247
0.433332 0.566668 0
0.6 0.4 0
0.344828 0.0689646 0.586207
0.366667 0.633333 0
0.379306 0.275863 0.344831
0.749898 0.00010216 0.25
0.28571 0.46429 0.25
0.103441 0.275864 0.620695
0.137928 0.862072 0
0.100008 0.0666718 0.83332
0.206896 0.103448 0.689656
0.511363 0.238637 0.25
9.4474e-05 8.44977e-05 0.999821
0.000103435 0.689584 0.310313
0.333336 0.666664 0
0.200205 0.399902 0.399893
0.857148 0.142852 0
0.0999999 0.9 0
0.448272 0.275864 0.275864
0.9999 9.9673e-05 0
0.518517 0.481483 0
0.0344825 0.310343 0.655175
0.275862 0.275862 0.448277
9.89576e-05 0.0666593 0.933242
0.00010163 0.749898 0.25
0.133324 6.71908e-05 0.866609
0.275865 0.103442 0.620693
