0.206897 0.241377 0.551726
0.586212 0.0689569 0.344831
9.99457e-05 0.499951 0.499949
0.13636 0.61364 0.25
0.275862 0.241379 0.482759
0.19998 9.998e-05 0.79992
0.586292 0.137903 0.275806
0.172412 0.206897 0.620691
0.600002 0.399998 0
0.13793 0.310345 0.551725
0.433341 0.566659 0
0.41379 0.310346 0.275863
0.230768 0.769232 0
0.000103418 0.310313 0.689584
9.96324e-05 0.0999903 0.89991
0.275877 0.0689635 0.65516
0.517239 0.172415 0.310346
0.133333 0.0333309 0.833336
0.0689596 0.655177 0.275864
0.357142 0.642858 0
0.000103322 0.206863 0.793034
0.206898 0.103444 0.689658
0.172398 0.448289 0.379313
0.000103325 0.551668 0.448228
0.344827 0.206886 0.448288
0.4 0.6 0
0.35714 0.39286 0.25
0.966667 0.0333325 0
0.0344783 0.344829 0.620693
0.448277 0.206895 0.344828
0.807693 0.192307 0
0.100004 0.433314 0.466682
0.310344 0.137934 0.551722
0.344828 0.310344 0.344828
0.466666 0.533334 0
0.000103252 0.41375 0.586147
0.413795 0.172411 0.413795
0.137931 0.37931 0.482759
0.642856 0.357144 0
0.899997 0.100003 0
0.566669 0.433331 0
0.137923 0.862077 0
0.0689647 0.379311 0.551725
0.379361 0.10344 0.517199
0.545461 0.204539 0.25
0.0344821 0.241379 0.724138
0.64772 0.10228 0.25
0.464287 0.285713 0.25
0.518518 0.481482 0
0.31034 0.275864 0.413796
0.0344818 0.586208 0.379311
0.275865 0.448274 0.275861
0.000103387 0.655105 0.344792
0.310345 0.37931 0.310345
0.766662 0.233338 0
0.185186 0.814814 0
0.206897 0.310345 0.482759
0.266667 0.733333 0
0.103446 0.206897 0.689657
0.689667 0.0344668 0.275867
0.1 0.100001 0.799998
0.551727 0.0344779 0.413795
0.448314 0.0689607 0.482725
0.206897 0.482758 0.310345
0.241379 0.172414 0.586207
0.307691 0.692309 0
0.100001 0.899999 0
0.857145 0.142855 0
0.0999901 9.98013e-05 0.89991
0.503595 0.100719 0.395686
0.172413 0.551725 0.275862
0.238639 0.511361 0.25
0.933333 0.0666669 0
0.24138 0.413792 0.344828
0.310313 0.000103327 0.689584
0.275859 0.344829 0.379312
0.379271 0.00010334 0.620626
8.89607e-05 9.63821e-05 0.999815
0.166673 0.0666622 0.766664
0.53328 9.99113e-05 0.46662
0.0333282 0.133335 0.833337
0.0689651 0.517242 0.413793
0.655105 0.000103288 0.344792
0.233346 0.0333271 0.733327
0.033333 0.966667 0
0.206897 0.379309 0.413794
0.344828 0.0689655 0.586207
0.689657 0.310343 0
0.0333327 0.0333331 0.933334
0.13793 0.137931 0.724139
0.103452 0.551709 0.344839
0.44823 0.000103405 0.551667
0.37931 0.241379 0.37931
0.0666654 0.933335 0
0.000102222 0.749898 0.25
0.730764 0.269236 0
0.103447 0.275862 0.620691
0.9999 9.99818e-05 0
9.987e-05 0.9999 0
0.749898 0.000102242 0.25
