0.307695 0.692305 0
0.899991 0.100009 0
0.814817 0.185183 0
9.98382e-05 0.199981 0.799919
0.1 0.1 0.799999
0.275862 0.275862 0.448276
8.72169e-05 9.67784e-05 0.999816
0.749898 0.000102155 0.25
0.206896 0.103448 0.689656
0.266665 0.733335 0
0.137931 0.206897 0.655172
0.310345 0.310345 0.37931
0.49995 9.97663e-05 0.49995
0.310341 0.206894 0.482765
0.482759 0.241379 0.275862
0.344829 0.137928 0.517243
0.0689648 0.62069 0.310345
0.6 0.4 0
0.51852 0.48148 0
0.241374 0.448287 0.310339
0.586146 0.000103334 0.41375
0.0666659 0.0666659 0.866668
0.103429 0.413806 0.482765
0.344828 0.344828 0.310345
0.137931 0.137931 0.724139
0.000103395 0.344792 0.655105
0.0344699 0.689664 0.275866
0.692306 0.307694 0
0.0344826 0.586207 0.37931
0.655105 0.000103382 0.344792
0.96667 0.0333303 0
0.545448 0.204552 0.25
0.136373 0.613627 0.25
0.344828 0.0344812 0.620691
0.413788 0.103447 0.482765
0.0001034 0.551667 0.448229
0.0999911 8.54023e-05 0.899924
0.275862 0.0689655 0.655172
0.275859 0.379312 0.344829
0.172408 0.275864 0.551728
0.769231 0.230769 0
0.379312 0.172409 0.448279
0.413793 0.206897 0.37931
0.206896 0.172414 0.62069
0.566665 0.433335 0
0.185183 0.814817 0
0.24138 0.344826 0.413794
0.32142 0.42858 0.25
7.55776e-05 0.133322 0.866603
0.4 0.6 0
0.000103409 0.275833 0.724063
0.137931 0.51724 0.344829
0.586208 0.0689639 0.344828
0.647733 0.102267 0.25
0.862069 0.137931 0
9.99633e-05 0.49995 0.49995
0.206891 0.413796 0.379313
0.275862 0.137931 0.586207
0.933345 0.0666551 0
0.51723 0.137934 0.344836
0.379309 0.275863 0.344828
0.586216 0.137918 0.275866
0.0666672 0.933333 0
0.41375 0.000103428 0.586146
9.97204e-05 0.9999 0
0.344825 0.24138 0.413795
0.068966 0.241378 0.689656
0.733339 0.266661 0
0.137931 0.344827 0.517242
0.137931 0.862069 0
0.466667 0.533333 0
0.100284 0.467871 0.431846
0.0333308 0.966669 0
0.433334 0.566666 0
0.0666678 0.166669 0.766663
0.238644 0.511356 0.25
0.206894 0.310341 0.482765
0.103448 0.310344 0.586207
0.172413 0.379311 0.448277
0.230767 0.769233 0
0.206808 0.000103289 0.793089
0.233358 0.0333356 0.733307
0.689659 0.0344774 0.275864
0.00010325 0.41375 0.586146
0.0999989 0.900001 0
0.310312 0.000103336 0.689584
0.379311 0.0689644 0.551725
0.448276 0.13793 0.413794
0.0689645 0.37931 0.551725
0.642857 0.357143 0
0.241379 0.241379 0.517241
0.428573 0.321427 0.25
0.000103188 0.655105 0.344792
0.13333 0.0333324 0.833338
0.517236 0.0689663 0.413798
9.41089e-05 0.0666348 0.933271
0.9999 9.9778e-05 0
0.172393 0.551739 0.275869
0.357144 0.642856 0
0.000102026 0.749898 0.25
