0.133388 0.4331 0.433512
0.310345 0.206896 0.482759
0.137931 0.206897 0.655173
0.48276 0.172412 0.344828
0.620625 0.000103392 0.379271
0.000103402 0.620625 0.379271
0.0689655 0.310345 0.62069
0.275861 0.379311 0.344828
0.344829 0.241377 0.413794
0.4 0.6 0
0.566666 0.433334 0
0.0666673 0.0666673 0.866665
0.172412 0.241378 0.58621
0.413795 0.206894 0.379312
0.27586 0.448277 0.275863
0.477273 0.272727 0.25
0.0333302 0.0333302 0.93334
0.344828 0.344828 0.310345
0.53333 0.46667 0
0.586209 0.103445 0.310346
0.275862 0.0689652 0.655173
0.51724 0.0344829 0.448278
0.137932 0.310341 0.551727
0.6 0.4 0
0.379273 0.000103354 0.620624
0.0344735 0.44828 0.517246
0.172414 0.344835 0.482751
0.357143 0.642857 0
9.98949e-05 0.19998 0.79992
0.136364 0.613636 0.25
4.42651e-05 0.0999957 0.89996
0.481482 0.518518 0
0.655172 0.0689655 0.275862
0.206898 0.448273 0.344829
0.0333324 0.966668 0
0.433332 0.566668 0
0.642856 0.357144 0
0.238638 0.511362 0.25
0.0669885 0.502387 0.430625
0.4138 0.310341 0.275859
0.310346 0.103444 0.58621
0.76923 0.23077 0
0.379311 0.172412 0.448277
0.310313 0.000103331 0.689584
0.692306 0.307694 0
0.310342 0.689658 0
0.275863 0.172412 0.551726
0.551724 0.0689651 0.379311
0.86207 0.13793 0
0.275862 0.275862 0.448276
0.16665 9.52151e-05 0.833255
0.241379 0.137931 0.62069
0.344827 0.137931 0.517242
0.733335 0.266665 0
0.379311 0.27586 0.344828
0.689584 0.0001034 0.310313
0.000100814 0.428523 0.571376
0.517241 0.206897 0.275862
0.000103408 0.344791 0.655105
0.233334 0.766666 0
0.241381 0.344823 0.413796
9.98946e-05 0.53328 0.466621
0.9999 9.97691e-05 0
0.166664 0.0666657 0.76667
0.000103293 0.689584 0.310313
0.137928 0.517243 0.344829
0.142853 0.857147 0
0.613635 0.136365 0.25
0.100002 0.899998 0
0.192309 0.807691 0
0.44827 0.137932 0.413797
9.99696e-05 0.9999 0
0.0333274 0.133334 0.833339
0.413793 0.103448 0.482759
0.241344 0.000103274 0.758553
0.499939 9.98626e-05 0.499961
0.413794 0.0344807 0.551726
8.91259e-05 8.87052e-05 0.999822
0.35714 0.39286 0.25
0.448282 0.241376 0.310342
0.100001 0.100001 0.799999
0.000103149 0.275834 0.724063
0.206896 0.103446 0.689657
0.0999932 4.55685e-05 0.899961
0.269232 0.730768 0
0.137931 0.137931 0.724138
0.814817 0.185183 0
0.966667 0.0333325 0
0.206896 0.275862 0.517242
0.0689573 0.655178 0.275865
0.172413 0.551724 0.275862
0.0689507 0.2069 0.724149
0.000102089 0.749898 0.25
0.103446 0.379312 0.517243
0.749898 0.000102238 0.25
0.310345 0.310345 0.37931
0.0666664 0.933334 0
0.93333 0.06667 0
0.0689638 0.586208 0.344828
0.899998 0.100002 0
