0.000103313 0.344792 0.655105
0.689584 0.000103374 0.310313
0.518522 0.481478 0
0.0333334 0.966667 0
0.0689649 0.172413 0.758622
0.000100417 0.535658 0.464242
9.96069e-05 0.19998 0.79992
0.0669861 0.43062 0.502394
0.413792 0.137931 0.448277
0.172414 0.379309 0.448277
0.9999 9.98508e-05 0
0.344827 0.379312 0.275862
0.344821 0.137935 0.517244
0.137915 0.551777 0.310308
0.857143 0.142857 0
0.642856 0.357144 0
0.357145 0.642855 0
0.206896 0.275863 0.517241
0.206896 0.413793 0.37931
0.749898 0.000102255 0.25
0.655171 0.0689658 0.275863
0.379313 0.034479 0.586208
0.275862 0.275862 0.448276
0.000102987 0.655105 0.344792
0.41379 0.241381 0.344829
0.0344806 0.379311 0.586208
0.133335 0.100002 0.766664
0.899993 0.100007 0
0.0344818 0.586207 0.379311
9.97484e-05 0.9999 0
0.807696 0.192304 0
0.266666 0.0333327 0.700001
9.50602e-05 0.13332 0.866585
0.137927 0.24138 0.620693
0.24137 0.448296 0.310334
9.45123e-05 8.45923e-05 0.999821
0.000103303 0.44823 0.551667
0.172401 0.482766 0.344833
0.137915 0.310424 0.551661
0.613635 0.136365 0.25
0.192313 0.807687 0
0.142849 0.857151 0
0.214285 0.535715 0.25
0.103447 0.517242 0.379311
0.0666691 0.933331 0
0.0689656 0.620689 0.310345
0.000102953 0.275833 0.724064
0.233313 9.95908e-05 0.766588
0.133329 3.25389e-05 0.866639
0.0344766 0.68966 0.275864
0.310345 0.310345 0.37931
0.6 0.4 0
0.321428 0.428572 0.25
0.241381 0.206893 0.551727
0.275861 0.379311 0.344828
0.379318 0.310341 0.310341
0.44823 0.0001033 0.551667
0.933339 0.0666606 0
0.310344 0.0689645 0.620691
0.275862 0.137931 0.586207
0.46428 0.53572 0
0.199998 0.0666665 0.733335
0.241377 0.103446 0.655177
0.241379 0.344826 0.413795
0.53328 9.99671e-05 0.46662
0.431144 0.0669242 0.501932
0.00010225 0.749898 0.25
0.206894 0.172414 0.620691
0.407403 0.592597 0
0.482758 0.103447 0.413795
0.0689655 0.310345 0.62069
0.586146 0.000103398 0.41375
0.310345 0.689655 0
0.51724 0.172414 0.310346
0.620694 0.0344758 0.34483
0.137928 0.448277 0.413795
0.269233 0.730767 0
0.551725 0.103446 0.344828
0.692308 0.307692 0
0.448271 0.172415 0.379314
0.103446 0.20689 0.689664
0.1 0.9 0
0.966667 0.0333335 0
0.379312 0.206893 0.413795
0.344792 0.000103361 0.655105
0.0999992 0.0666661 0.833335
0.310346 0.206897 0.482757
0.166667 0.0333292 0.800004
0.566667 0.433333 0
0.733333 0.266667 0
0.365572 0.26713 0.367299
0.166667 0.133331 0.700001
0.233334 0.766666 0
0.545453 0.204547 0.25
0.136364 0.613636 0.25
0.482759 0.241379 0.275862
5.8618e-05 0.0665782 0.933363
0.0666688 0.0333344 0.899997
0.42857 0.32143 0.25
0.766672 0.233328 0
