0.448275 0.24138 0.310344
0.413795 0.310344 0.275861
0.344822 0.241381 0.413796
0.206897 0.206897 0.586207
8.01028e-05 0.0999884 0.899931
0.0333338 0.966666 0
0.392853 0.357147 0.25
0.413793 0.206896 0.379311
0.275864 0.172413 0.551723
0.034483 0.344821 0.620696
0.0689645 0.448276 0.482759
0.51852 0.48148 0
9.99669e-05 0.9999 0
0.344828 0.103448 0.551724
0.137929 0.862071 0
0.000103332 0.310313 0.689584
0.551722 0.0689658 0.379312
0.000103362 0.655105 0.344792
0.137931 0.551724 0.310345
0.099997 0.900003 0
0.241379 0.275862 0.482759
0.633337 0.366663 0
0.167146 0.434551 0.398303
8.47155e-05 9.76963e-05 0.999818
0.0344675 0.689666 0.275866
0.357142 0.642858 0
0.137929 0.206897 0.655174
0.0333334 0.133333 0.833333
0.379304 0.172416 0.448281
0.0689629 0.586209 0.344829
0.241349 0.000103395 0.758548
0.586207 0.103448 0.310345
0.102275 0.647725 0.25
0.17241 0.103449 0.72414
0.266667 0.733333 0
0.166651 9.98012e-05 0.83325
0.172414 0.275863 0.551723
0.399996 0.600004 0
0.0333292 0.233332 0.733339
0.448278 0.137925 0.413796
0.814816 0.185184 0
0.933333 0.0666674 0
0.466621 9.99463e-05 0.533279
0.613637 0.136363 0.25
0.966667 0.0333331 0
0.344828 0.344828 0.310345
0.230768 0.769232 0
0.103451 0.482746 0.413803
0.749898 0.000102232 0.25
0.730769 0.269231 0
0.655174 0.0689634 0.275863
0.310345 0.206897 0.482759
0.000103397 0.206868 0.793028
0.000103422 0.41375 0.586146
0.620626 0.000103413 0.379271
0.000102087 0.749898 0.25
0.241375 0.137929 0.620696
0.20455 0.54545 0.25
0.0344818 0.517242 0.448276
0.206896 0.448276 0.344828
0.689584 0.000103425 0.310313
0.0689608 0.379312 0.551727
0.275863 0.379309 0.344828
0.482759 0.172414 0.344828
0.68 0.32 0
0.0666536 8.58784e-05 0.933261
0.241382 0.482752 0.275865
0.0666665 0.933333 0
0.566664 0.433336 0
0.137931 0.37931 0.482759
0.310313 0.000103151 0.689584
0.55173 0.172404 0.275865
0.0689655 0.275862 0.655173
0.275861 0.0689656 0.655173
0.103448 0.172414 0.724138
0.769231 0.230769 0
0.86207 0.13793 0
0.344822 0.0344818 0.620696
0.466667 0.533333 0
0.899996 0.100004 0
0.214284 0.35714 0.428575
0.51136 0.23864 0.25
0.100002 0.0333342 0.866664
0.103445 0.310347 0.586209
0.32142 0.42858 0.25
0.2 0.133333 0.666667
0.9999 9.99677e-05 0
0.41375 0.000103308 0.586146
0.307693 0.692307 0
0.310345 0.310345 0.37931
0.413792 0.103448 0.482759
0.13793 0.0689648 0.793105
0.000100781 0.571372 0.428527
0.000103389 0.482715 0.517181
0.482761 0.0689606 0.448278
0.6 0.4 0
0.379311 0.27586 0.344829
0.185185 0.814815 0
0.433338 0.566662 0
0.551667 0.000103376 0.44823
