0.241382 0.448274 0.310344
0.0666661 0.933334 0
0.233324 9.99943e-05 0.766576
0.172413 0.482759 0.344828
0.600002 0.399998 0
0.310345 0.137931 0.551724
0.137932 0.551722 0.310347
0.814816 0.185184 0
0.206896 0.517242 0.275862
0.0689556 0.448355 0.48269
0.642859 0.357141 0
0.26923 0.73077 0
0.433333 0.566667 0
0.310342 0.689658 0
0.166667 0.0333333 0.8
0.749898 0.000102243 0.25
0.681003 0.0680998 0.250897
0.0344826 0.689655 0.275862
0.769232 0.230768 0
0.20689 0.413796 0.379313
0.172406 0.275865 0.551729
0.000100814 0.428526 0.571373
0.511359 0.238641 0.25
0.272728 0.477272 0.25
0.10227 0.64773 0.25
9.98564e-05 0.19998 0.79992
0.103449 0.482756 0.413795
0.137929 0.17241 0.689661
0.275861 0.379311 0.344828
0.17045 0.57955 0.25
0.62069 0.0344824 0.344828
9.99487e-05 0.9999 0
9.47326e-05 0.0666592 0.933246
0.0689655 0.172415 0.75862
0.733334 0.266666 0
0.41375 0.000103433 0.586146
0.482763 0.0689567 0.44828
0.166671 0.100002 0.733327
0.103446 0.344839 0.551715
0.310345 0.310345 0.37931
0.00010342 0.655105 0.344792
0.31035 0.41379 0.27586
0.899997 0.100003 0
0.579543 0.170457 0.25
0.233332 0.766668 0
0.310313 0.00010342 0.689584
0.206897 0.310345 0.482759
0.862072 0.137928 0
0.566667 0.433333 0
0.448275 0.137931 0.413793
0.392861 0.357139 0.25
0.192307 0.807693 0
0.275855 0.103449 0.620696
0.241379 0.241379 0.517241
0.13332 9.96378e-05 0.86658
0.0689636 0.310345 0.620691
0.481483 0.518517 0
0.4 0.6 0
0.344828 0.0344825 0.62069
0.0333292 0.966671 0
0.344828 0.344828 0.310345
0.413794 0.103447 0.482759
9.98144e-05 0.13332 0.86658
0.000103366 0.344792 0.655105
0.0999995 0.9 0
0.344835 0.172412 0.482753
0.0689616 0.586209 0.344829
0.379311 0.206895 0.413794
0.571371 0.000100812 0.428528
9.48891e-05 9.91795e-05 0.999806
0.0666557 9.82514e-05 0.933246
0.275862 0.275862 0.448276
0.000103356 0.482709 0.517188
0.134022 0.396903 0.469075
0.379333 0.068963 0.551704
0.448266 0.275868 0.275866
0.233381 0.0666801 0.699939
0.9999 9.99009e-05 0
0.103437 0.241382 0.655181
0.206897 0.206897 0.586207
0.000100822 0.571371 0.428528
0.533331 0.466669 0
0.0666667 0.0666667 0.866667
0.933334 0.0666664 0
0.1 0.1 0.8
0.142857 0.857143 0
0.206897 0.13793 0.655173
0.00010223 0.749898 0.25
0.000103229 0.27583 0.724067
0.517241 0.103448 0.37931
0.482709 0.000103432 0.517188
0.692308 0.307692 0
0.379311 0.275861 0.344828
0.586208 0.103446 0.310346
0.966669 0.0333308 0
0.357145 0.642855 0
0.689584 0.000103434 0.310313
0.24138 0.344827 0.413794
0.517284 0.172399 0.310317
0.448277 0.206894 0.344829
