0.517188 0.000103415 0.482709
9.98796e-05 0.9999 0
0.172414 0.413791 0.413795
0.433137 0.0666905 0.500173
0.0333326 0.966667 0
0.428571 0.214286 0.357143
0.481476 0.518524 0
0.900002 0.0999981 0
0.428572 0.321428 0.25
0.172414 0.51724 0.310346
0.966669 0.0333314 0
0.0333345 0.166688 0.799978
0.379311 0.103447 0.517242
0.44823 0.000103417 0.551667
0.241379 0.137931 0.62069
0.545454 0.204546 0.25
0.0681015 0.681003 0.250896
0.275862 0.206896 0.517242
0.517243 0.0689623 0.413795
0.185185 0.814815 0
0.586212 0.068957 0.344831
0.5862 0.137933 0.275866
0.000103306 0.655105 0.344792
0.310345 0.137931 0.551724
0.170449 0.579551 0.25
0.689661 0.0344749 0.275864
0.103448 0.137931 0.758621
0.0689635 0.413794 0.517243
0.137929 0.310356 0.551715
0.241374 0.275864 0.482762
0.137931 0.482759 0.379311
0.103448 0.586207 0.310345
0.9999 9.99726e-05 0
9.99677e-05 0.233315 0.766585
0.0344827 0.275859 0.689658
0.241354 0.000103342 0.758543
0.344827 0.275862 0.37931
0.000103421 0.44823 0.551667
0.0689632 0.206889 0.724148
0.000102197 0.749898 0.25
9.95067e-05 8.01192e-05 0.99982
0.0689623 0.310346 0.620692
0.068965 0.517242 0.413793
0.0666638 0.0999864 0.83335
0.533332 0.466668 0
0.379329 0.172408 0.448262
0.206897 0.344827 0.448276
0.100001 0.899999 0
0.814824 0.185176 0
0.230769 0.769231 0
9.98204e-05 0.533285 0.466615
0.300002 0.699998 0
0.0344765 0.379313 0.58621
0.137927 0.862073 0
0.241378 0.379311 0.379311
0.321429 0.428571 0.25
0.0344726 0.586213 0.379314
0.137927 0.0689634 0.79311
0.166652 9.99867e-05 0.833248
0.692308 0.307692 0
0.379309 0.310346 0.310345
0.206897 0.241377 0.551726
0.275861 0.0344812 0.689658
0.733332 0.266668 0
0.769231 0.230769 0
0.266667 0.733333 0
0.275859 0.310346 0.413795
0.310343 0.344829 0.344829
0.0666696 0.93333 0
0.241377 0.448277 0.310346
0.482759 0.241379 0.275862
0.344824 0.379318 0.275859
0.586146 0.000103405 0.41375
0.933333 0.0666671 0
0.344828 0.655172 0
0.647727 0.102273 0.25
8.0594e-05 0.066656 0.933263
0.379308 0.0344811 0.58621
0.172414 0.172413 0.655172
9.99833e-05 0.133324 0.866576
0.137931 0.37931 0.482759
0.13793 0.24138 0.62069
0.392857 0.607143 0
0.433334 0.566666 0
0.749898 0.000102248 0.25
0.862069 0.137931 0
0.566663 0.433337 0
0.103449 0.448273 0.448278
0.448277 0.137928 0.413795
0.6 0.4 0
0.09999 9.67772e-05 0.899913
0.238639 0.511361 0.25
0.310345 0.241378 0.448276
0.51724 0.137932 0.344829
0.310347 0.0689587 0.620694
0.642858 0.357142 0
0.344792 0.000103342 0.655105
0.000103372 0.344792 0.655105
0.200014 0.100007 0.699979
0.655105 0.000103363 0.344792
