0.1 0.0333334 0.866666
0.137929 0.517241 0.344829
0.566667 0.433333 0
0.137929 0.310344 0.551727
0.17857 0.57143 0.25
0.100002 0.899998 0
0.399998 0.600002 0
0.241378 0.310345 0.448276
0.642865 0.357135 0
0.0666649 0.166667 0.766668
8.77179e-05 0.233313 0.7666
0.933337 0.066663 0
0.379271 0.000103088 0.620626
0.137931 0.137932 0.724137
0.344745 0.379463 0.275793
0.275863 0.206894 0.517244
0.0689592 0.551728 0.379313
0.133335 0.266676 0.59999
0.448276 0.275861 0.275862
0.172411 0.344832 0.482757
0.413793 0.137931 0.448277
0.613636 0.136364 0.25
0.379312 0.206894 0.413794
0.310344 0.103448 0.586208
0.233334 0.766666 0
0.000101918 0.749898 0.25
0.172411 0.206897 0.620692
0.000103177 0.275833 0.724064
0.0344794 0.655175 0.310346
0.137932 0.41379 0.448278
0.357143 0.285717 0.35714
0.0666278 6.43745e-05 0.933308
0.000100804 0.428536 0.571363
0.206895 0.482759 0.310345
0.76667 0.23333 0
0.192308 0.807692 0
0.310351 0.241377 0.448272
0.103448 0.482758 0.413794
9.98308e-05 0.9999 0
0.899998 0.100002 0
0.733333 0.266667 0
0.241316 0.000102815 0.758581
0.429511 0.0335579 0.536932
0.310344 0.379311 0.310345
0.692308 0.307692 0
0.857142 0.142858 0
0.241381 0.413788 0.34483
0.172407 0.44828 0.379313
0.600003 0.399997 0
0.551711 0.172419 0.27587
0.966669 0.0333313 0
0.48144 0.000102983 0.518457
0.481483 0.518517 0
0.000100383 0.535665 0.464235
0.0689594 0.310347 0.620693
0.100008 0.100008 0.799985
0.586209 0.0344787 0.379312
0.0334014 0.465401 0.501198
8.01996e-05 9.94661e-05 0.99982
0.642793 0.000101459 0.357106
0.551667 0.000103395 0.44823
0.699928 9.95372e-05 0.299973
0.807692 0.192308 0
0.48276 0.137929 0.379312
9.97693e-05 0.16665 0.83325
0.206894 0.275863 0.517243
0.433335 0.566665 0
0.9999 9.96513e-05 0
0.344871 0.137922 0.517207
0.000103334 0.344794 0.655102
0.000102524 0.620626 0.379272
0.275811 0.0689492 0.65524
0.482758 0.0689651 0.448277
0.0689614 0.241381 0.689658
0.166666 0.0666577 0.766677
0.206892 0.379313 0.413795
0.448276 0.206889 0.344834
0.39286 0.35714 0.25
0.241385 0.172409 0.586206
0.357144 0.642856 0
0.16665 9.94881e-05 0.83325
0.275862 0.344827 0.379311
0.206895 0.103449 0.689656
0.285716 0.464284 0.25
0.533328 0.466672 0
0.310345 0.689655 0
0.0333337 0.0999999 0.866666
0.103448 0.62069 0.275862
0.551728 0.103442 0.34483
9.99721e-05 0.0666606 0.933239
0.511358 0.238642 0.25
0.269239 0.730761 0
0.142856 0.857144 0
0.749898 0.00010225 0.25
0.310289 0.000103246 0.689607
0.655176 0.0689615 0.275863
0.0681812 0.681819 0.25
0.0666669 0.933333 0
0.0333249 0.966675 0
0.10343 0.379318 0.517252
