0.642857 0.357143 0
0.192307 0.807693 0
0.0666637 0.933336 0
0.769233 0.230767 0
0.13792 0.448282 0.413798
0.310345 0.0344827 0.655173
0.86207 0.13793 0
0.379271 0.000103116 0.620626
0.692304 0.307696 0
0.310344 0.689656 0
0.464233 0.000100435 0.535666
0.24138 0.344826 0.413794
0.166641 9.93708e-05 0.833259
0.269229 0.730771 0
0.566663 0.433337 0
0.413793 0.172413 0.413793
0.586211 0.0344757 0.379313
0.000103407 0.655105 0.344792
0.133334 0.0666649 0.800001
0.344827 0.206897 0.448276
0.0344805 0.551726 0.413793
0.966668 0.0333318 0
0.172414 0.482757 0.344829
9.97724e-05 0.9999 0
0.103445 0.586209 0.310346
0.357142 0.392858 0.25
0.613634 0.136366 0.25
0.172414 0.37931 0.448276
0.620696 0.0689643 0.310339
0.55172 0.103449 0.344831
0.518518 0.481482 0
0.000103417 0.379271 0.620626
0.206897 0.241377 0.551726
0.344828 0.310344 0.344828
0.142854 0.857146 0
0.00010116 0.60708 0.392819
0.27586 0.379311 0.344828
9.99586e-05 0.499948 0.499952
0.103448 0.24138 0.655173
0.413787 0.103449 0.482764
9.99133e-05 0.199981 0.79992
0.103443 0.379312 0.517244
0.413792 0.24138 0.344828
0.241379 0.275863 0.482758
0.241368 0.137933 0.620699
0.482762 0.0689596 0.448279
0.551667 0.000103396 0.44823
0.0666374 4.33762e-05 0.933319
0.0333305 0.966669 0
0.9 0.1 0
0.464285 0.285715 0.25
0.233334 0.766666 0
0.13793 0.137931 0.724139
0.321428 0.285712 0.39286
0.0666683 0.466652 0.46668
0.13793 0.275862 0.586208
0.482767 0.241375 0.275857
0.517241 0.172414 0.310345
0.749898 0.00010221 0.25
0.0344818 0.413792 0.551726
9.979e-05 0.0999909 0.899909
0.379312 0.0689621 0.551726
0.600004 0.399996 0
0.275833 0.000103337 0.724064
0.0666665 0.166667 0.766667
0.000103362 0.310314 0.689583
0.0689636 0.344828 0.586208
0.000101944 0.749898 0.25
0.17241 0.551727 0.275863
0.399995 0.600005 0
0.814816 0.185184 0
0.172414 0.310345 0.517241
0.206898 0.103446 0.689656
0.103446 0.517243 0.379311
0.344826 0.137931 0.517243
0.655105 0.000103346 0.344792
0.206895 0.413794 0.379311
0.136364 0.613636 0.25
0.172414 0.206896 0.620691
0.545455 0.204545 0.25
0.100003 0.899997 0
0.0344822 0.241379 0.724139
0.238637 0.511363 0.25
0.413791 0.310346 0.275863
0.100003 0.0333343 0.866663
0.2 0.0333329 0.766667
0.0344595 0.689672 0.275869
0.0333336 0.133336 0.83333
0.9999 9.9961e-05 0
0.310345 0.103448 0.586207
0.689658 0.0344793 0.275863
0.275865 0.44827 0.275865
0.466665 0.533335 0
0.357143 0.642857 0
0.733333 0.266667 0
9.80578e-05 9.32538e-05 0.999809
0.933334 0.0666659 0
0.275861 0.206897 0.517242
0.433338 0.566662 0
0.482759 0.137931 0.37931
