0.448276 0.13793 0.413793
0.655105 0.000103376 0.344792
0.269231 0.730769 0
0.241378 0.13793 0.620692
0.000103374 0.275833 0.724063
0.749898 0.000102113 0.25
0.27586 0.413798 0.310342
0.814815 0.185185 0
0.172413 0.413794 0.413794
0.481483 0.518517 0
0.35714 0.64286 0
0.0666646 0.466663 0.466673
0.0999984 0.0333233 0.866678
0.511355 0.238645 0.25
0.501195 0.033411 0.465393
0.200003 0.0333297 0.766667
0.172408 0.517258 0.310334
0.733333 0.266667 0
0.137931 0.482758 0.379311
0.233331 0.766669 0
0.310343 0.344829 0.344829
0.241379 0.37931 0.37931
0.103446 0.31036 0.586194
0.000103436 0.344792 0.655104
0.100001 0.100001 0.799998
0.310345 0.689655 0
0.16665 9.98223e-05 0.83325
0.275863 0.310343 0.413794
0.100001 0.899999 0
0.399995 0.600005 0
0.172414 0.344829 0.482758
0.56667 0.43333 0
0.000103425 0.655105 0.344792
0.344828 0.275861 0.379311
0.310349 0.241367 0.448283
0.517242 0.103447 0.379311
0.689658 0.0344786 0.275863
0.579549 0.170451 0.25
0.379312 0.310344 0.310344
0.206897 0.206897 0.586207
0.172413 0.172413 0.655173
9.98474e-05 0.19998 0.79992
0.0666661 0.166667 0.766667
0.862069 0.137931 0
0.066667 0.933333 0
0.966674 0.0333256 0
0.551724 0.137931 0.310345
0.0344807 0.379311 0.586208
0.142853 0.857147 0
0.413799 0.241368 0.344833
0.647728 0.102272 0.25
0.13793 0.13793 0.724139
0.413794 0.103448 0.482758
0.13793 0.241377 0.620692
0.000100379 0.535659 0.464241
0.241379 0.48276 0.275862
0.344827 0.379312 0.275861
0.0344765 0.586211 0.379312
0.571375 0.00010083 0.428524
0.310343 0.0689649 0.620692
0.0666606 8.82543e-05 0.933251
0.464241 0.000100262 0.535659
0.642859 0.357141 0
0.692307 0.307693 0
0.192303 0.807697 0
0.275863 0.172413 0.551723
0.482755 0.172415 0.34483
0.103447 0.551725 0.344828
0.103446 0.379316 0.517239
0.900003 0.0999975 0
0.9999 9.99638e-05 0
0.344792 0.00010337 0.655104
0.344829 0.172411 0.48276
9.98912e-05 0.9999 0
0.306824 0.443176 0.25
0.0333329 0.966667 0
0.769232 0.230768 0
0.933333 0.066667 0
0.275833 0.000103306 0.724063
0.37931 0.206897 0.413793
9.468e-05 9.12891e-05 0.999814
0.206897 0.103446 0.689657
0.448282 0.275859 0.275859
0.204545 0.545455 0.25
0.0689655 0.241379 0.689655
0.000102256 0.749898 0.25
0.0689647 0.655173 0.275862
0.379312 0.0344786 0.586209
0.206898 0.448272 0.34483
0.533328 0.466672 0
0.206896 0.275865 0.517239
0.409091 0.340909 0.25
0.586208 0.0689643 0.344828
0.000103384 0.44823 0.551667
0.033332 0.133333 0.833335
9.97538e-05 0.099999 0.899901
0.600001 0.399999 0
0.344826 0.103447 0.551726
0.136363 0.613637 0.25
0.433336 0.566664 0
