0.379311 0.0689638 0.551725
0.172413 0.448276 0.379311
0.137931 0.517242 0.344828
0.862069 0.137931 0
0.24138 0.413792 0.344828
0.137927 0.58621 0.275863
0.482759 0.241379 0.275862
0.469067 0.134022 0.396911
0.206896 0.379311 0.413794
0.0999982 0.0333327 0.866669
0.379313 0.206898 0.413789
0.0669807 0.502396 0.430624
0.0333327 0.0999982 0.866669
0.206892 0.48277 0.310338
0.466666 0.533334 0
0.433334 0.566666 0
0.233331 0.766669 0
0.413788 0.310348 0.275864
0.0333317 0.966668 0
0.5012 0.0334127 0.465387
0.689657 0.0344753 0.275868
0.137932 0.344829 0.517239
0.517241 0.172414 0.310345
0.551723 0.068966 0.379311
0.310315 0.000103425 0.689582
0.0344806 0.689657 0.275863
0.166651 9.99683e-05 0.833249
0.518519 0.481481 0
0.0333318 0.26667 0.699998
0.275861 0.344828 0.379311
0.599999 0.400001 0
0.586146 0.00010339 0.41375
0.769231 0.230769 0
0.172412 0.137931 0.689657
0.142856 0.857144 0
0.642859 0.357141 0
0.413793 0.241379 0.344828
0.9999 9.99777e-05 0
0.733334 0.266666 0
0.103448 0.241379 0.655173
0.579545 0.170455 0.25
0.41375 0.000103431 0.586146
0.100719 0.395678 0.503603
0.310375 0.137925 0.5517
0.000103381 0.241345 0.758552
0.204549 0.545451 0.25
0.000100425 0.46424 0.53566
0.966668 0.0333321 0
0.285711 0.464289 0.25
0.464297 0.285703 0.25
0.31034 0.68966 0
0.814812 0.185188 0
0.310343 0.275863 0.413794
0.692308 0.307692 0
0.000102186 0.749898 0.25
0.586208 0.103446 0.310345
0.000103382 0.344792 0.655105
0.0689647 0.586207 0.344828
0.933337 0.0666628 0
0.137931 0.413793 0.448276
0.0666661 0.133338 0.799996
0.749898 0.000102184 0.25
0.0666678 0.933332 0
0.103446 0.172414 0.724141
0.0999993 0.900001 0
0.172415 0.275861 0.551723
0.000103427 0.517188 0.482709
0.357142 0.392858 0.25
0.647726 0.102274 0.25
0.344827 0.0344828 0.62069
0.566665 0.433335 0
0.000103427 0.586146 0.41375
0.000103421 0.655105 0.344792
0.413793 0.103448 0.482759
0.310344 0.379312 0.310344
0.9 0.0999997 0
0.233311 9.99626e-05 0.766589
9.99867e-05 0.9999 0
0.20689 0.172415 0.620695
0.0689643 0.310345 0.620691
0.344826 0.310346 0.344828
0.275863 0.241377 0.48276
0.102272 0.647728 0.25
0.0344825 0.37931 0.586208
0.241379 0.310345 0.448276
0.0666556 9.98836e-05 0.933245
0.357142 0.642858 0
8.65771e-05 8.29849e-05 0.99983
9.9816e-05 0.166651 0.833249
0.24138 0.206895 0.551726
0.206897 0.0689655 0.724138
0.4 0.6 0
0.275862 0.103448 0.62069
0.466619 9.99577e-05 0.533281
0.269232 0.730768 0
0.133331 0.100001 0.766668
9.68663e-05 0.0666586 0.933245
0.344828 0.172414 0.482759
0.192304 0.807696 0
0.655105 0.000103433 0.344792
