0.142854 0.857146 0
0.066667 0.233335 0.699998
0.103446 0.275863 0.620691
0.586217 0.137928 0.275855
0.192298 0.807702 0
0.000102903 0.379272 0.620626
0.733334 0.266666 0
0.428571 0.321429 0.25
0.344828 0.206895 0.448277
0.699998 0.300002 0
0.429548 0.0335496 0.536903
0.633335 0.366665 0
0.137931 0.37931 0.482759
0.275862 0.413793 0.310345
0.206894 0.448278 0.344828
0.137931 0.206896 0.655173
0.233332 0.766668 0
0.266667 0.733333 0
0.310737 0.103387 0.585875
1.00194e-05 0.133331 0.866659
0.766668 0.233332 0
0.413794 0.275862 0.310345
0.535716 0.464284 0
0.241377 0.103449 0.655174
0.172411 0.413794 0.413794
9.98168e-05 0.566611 0.433289
0.482769 0.241374 0.275857
0.103444 0.586211 0.310345
0.137931 0.482759 0.379311
0.666667 0.333333 0
0.392857 0.607143 0
0.592591 0.407409 0
0.206888 0.0689593 0.724153
0.379309 0.24138 0.379311
0.000103337 0.655104 0.344793
0.13793 0.310349 0.551721
0.233317 9.96868e-05 0.766583
0.172414 0.551715 0.275871
0.0344819 0.310345 0.655173
0.238681 0.511319 0.25
0.0689619 0.551726 0.379312
0.275858 0.310347 0.413795
0.0666654 0.133333 0.800001
0.899999 0.100001 0
0.545454 0.204546 0.25
0.433338 0.566662 0
0.0999994 0.0666659 0.833335
0.0666663 0.0333332 0.900001
9.3419e-05 8.16348e-05 0.999825
0.344826 0.379313 0.275861
0.5036 0.100718 0.395682
0.344828 0.0344808 0.620692
0.413788 0.172416 0.413796
0.517324 0.172384 0.310292
0.647733 0.102267 0.25
0.241381 0.172404 0.586215
0.136362 0.613638 0.25
0.933336 0.0666636 0
0.321429 0.321427 0.357144
0.000103368 0.20687 0.793027
0.448277 0.206895 0.344828
0.310311 0.000103384 0.689586
0.241379 0.275864 0.482758
0.000100427 0.464246 0.535654
0.345007 0.137894 0.517099
9.99141e-05 0.9999 0
0.44835 0.0689562 0.482694
0.41375 0.000103218 0.586147
0.206883 0.241381 0.551736
0.0344811 0.689656 0.275862
0.166666 0.0333327 0.800001
0.533283 9.91937e-05 0.466618
0.241378 0.379311 0.379311
0.551724 0.0344819 0.413794
0.689663 0.0344721 0.275865
4.60863e-05 0.0666627 0.933291
0.0344823 0.482759 0.482759
0.0333343 0.966666 0
0.0666658 0.933334 0
0.000103432 0.275833 0.724064
0.966672 0.033328 0
0.344839 0.655161 0
0.306818 0.443182 0.25
0.100001 0.899999 0
0.172413 0.137931 0.689656
0.586208 0.0689638 0.344828
0.0999994 0.166663 0.733338
0.9999 9.99853e-05 0
0.000102174 0.749898 0.25
0.481478 0.518522 0
0.275861 0.206896 0.517244
0.0689648 0.379311 0.551724
0.300007 0.699993 0
0.103448 0.448276 0.448277
0.655104 0.000103406 0.344793
0.133321 8.65328e-05 0.866592
0.807695 0.192305 0
0.857149 0.142851 0
0.206898 0.344824 0.448278
0.749898 0.000102083 0.25
