0.655172 0.0689655 0.275862
0.448275 0.10345 0.448275
0.172414 0.551723 0.275863
0.566615 9.97655e-05 0.433286
0.999901 9.94656e-05 0
0.857143 0.142857 0
0.551695 0.06897 0.379335
0.413795 0.0689656 0.517239
0.344828 0.103448 0.551724
0.56667 0.43333 0
0.137921 0.379315 0.482764
0.692308 0.307692 0
0.166652 8.76671e-05 0.83326
9.75704e-05 8.67795e-05 0.999816
0.379311 0.241378 0.379311
0.0344798 0.620692 0.344828
0.000103282 0.344792 0.655104
4.34315e-05 0.0999949 0.899962
0.511356 0.238644 0.25
0.000103132 0.275823 0.724074
0.379271 0.00010308 0.620626
0.000103309 0.517188 0.482708
0.172406 0.413797 0.413797
9.96525e-05 0.9999 0
0.24138 0.413791 0.344828
0.099999 0.099999 0.800002
0.275861 0.0689652 0.655173
0.44823 0.000103408 0.551667
0.310316 0.000103241 0.689581
0.443181 0.306819 0.25
0.206895 0.344829 0.448276
0.206898 0.275862 0.51724
0.689584 0.000103009 0.310313
0.103446 0.586209 0.310345
0.310352 0.275846 0.413802
0.275844 0.448311 0.275844
0.172413 0.172413 0.655173
0.241383 0.137922 0.620696
0.600001 0.399999 0
0.13793 0.13793 0.72414
0.344829 0.172413 0.482758
0.0666665 0.933333 0
0.4 0.6 0
0.0687615 0.65619 0.275049
0.899998 0.100002 0
0.379309 0.34483 0.275861
0.172415 0.241376 0.586209
0.320002 0.679998 0
0.413794 0.275862 0.310344
0.275863 0.241379 0.482758
0.642859 0.357141 0
0.241355 0.000103335 0.758541
0.41379 0.172415 0.413795
0.103447 0.275857 0.620695
0.807696 0.192304 0
0.200002 0.1 0.699998
0.620693 0.0344771 0.34483
0.766666 0.233334 0
0.31035 0.379307 0.310343
0.137927 0.862073 0
0.0689646 0.241382 0.689654
0.000102948 0.689584 0.310313
0.172423 0.482732 0.344845
0.00010069 0.571369 0.42853
0.00010338 0.44823 0.551667
0.16667 0.0666673 0.766663
0.749899 0.000101094 0.25
0.36666 0.63334 0
0.0333297 0.13333 0.83334
0.613635 0.136365 0.25
0.344826 0.310346 0.344828
0.275862 0.172414 0.551724
0.433335 0.566665 0
0.103439 0.344887 0.551674
0.551719 0.172416 0.275865
0.340907 0.409093 0.25
0.0999987 0.900001 0
0.103447 0.517242 0.379311
0.185186 0.814814 0
0.238641 0.511359 0.25
0.966672 0.033328 0
0.0666421 5.35489e-05 0.933304
0.933333 0.0666673 0
0.517247 0.137921 0.344832
0.000101981 0.749898 0.25
0.230771 0.769229 0
0.0333278 0.966672 0
9.7995e-05 0.199979 0.799923
0.0666677 0.16667 0.766663
0.448279 0.20689 0.34483
0.269233 0.730767 0
0.482759 0.0344822 0.482759
0.48148 0.51852 0
0.533334 0.466666 0
0.275861 0.344828 0.379311
0.733338 0.266662 0
0.100002 0.0333338 0.866664
0.0344767 0.379314 0.586209
0.136364 0.613636 0.25
0.0666659 0.466661 0.466674
