0.9999 9.97864e-05 0
0.0689631 0.275855 0.655182
9.9894e-05 0.9999 0
0.0999988 0.900001 0
0.4138 0.310341 0.275859
0.433333 0.566667 0
0.86207 0.13793 0
0.269236 0.730764 0
0.733329 0.266671 0
0.172407 0.482763 0.34483
0.000103393 0.655105 0.344792
0.310343 0.413796 0.275861
0.814815 0.185185 0
0.206895 0.275863 0.517242
0.275861 0.379311 0.344828
0.620625 0.0001034 0.379271
0.275861 0.13793 0.586209
0.241379 0.448276 0.310345
0.0689655 0.206896 0.724138
0.344826 0.24138 0.413794
0.9 0.0999998 0
0.172412 0.551725 0.275863
0.551724 0.103448 0.344828
0.0344813 0.586208 0.379311
0.692309 0.307691 0
0.379312 0.172412 0.448276
0.310312 0.00010326 0.689585
0.206897 0.068964 0.724139
0.0666647 6.77624e-05 0.933268
0.749898 0.000102202 0.25
0.103445 0.310364 0.58619
0.142849 0.857151 0
0.551727 0.0344783 0.413794
0.310345 0.310345 0.37931
0.0333356 0.133344 0.833321
0.000100152 0.535659 0.464241
0.448278 0.137927 0.413795
0.103442 0.379314 0.517244
0.6 0.4 0
0.241372 0.103446 0.655182
0.103443 0.551727 0.34483
0.133327 9.99573e-05 0.866573
0.933333 0.0666666 0
0.689584 0.000103344 0.310313
0.206896 0.413793 0.37931
0.379271 0.000103428 0.620625
0.642855 0.357145 0
0.0689557 0.448354 0.48269
0.275862 0.275862 0.448276
0.137923 0.44828 0.413797
0.366665 0.633335 0
0.647728 0.102272 0.25
0.48276 0.172412 0.344828
0.482761 0.0689617 0.448278
0.233334 0.766666 0
0.00010338 0.448229 0.551667
0.00010332 0.275833 0.724064
0.517188 0.000103361 0.482709
0.24138 0.344827 0.413794
0.0999995 0.133334 0.766666
0.0333314 0.966669 0
0.24138 0.206893 0.551726
0.310345 0.206897 0.482759
0.430387 0.0670129 0.5026
0.319998 0.680002 0
0.136374 0.613626 0.25
0.344828 0.344828 0.310345
0.464288 0.285712 0.25
0.172408 0.137928 0.689664
0.62069 0.0689653 0.310345
0.23331 9.97162e-05 0.76659
0.0689068 0.62101 0.310083
0.344828 0.103448 0.551724
0.517242 0.206894 0.275864
0.413793 0.206896 0.37931
0.000103435 0.379271 0.620625
0.166667 0.0333326 0.800001
0.000102193 0.749898 0.25
0.066663 0.933337 0
0.769231 0.230769 0
0.566664 0.433336 0
0.579552 0.170448 0.25
0.4 0.6 0
0.966666 0.0333342 0
0.0344756 0.68966 0.275864
0.379311 0.27586 0.344829
0.192308 0.807692 0
0.48148 0.51852 0
0.533332 0.466668 0
0.137914 0.241384 0.620702
0.310347 0.0689586 0.620694
0.44823 0.000103367 0.551667
5.22668e-05 0.0999947 0.899953
9.17964e-05 9.92848e-05 0.999809
9.9823e-05 0.19998 0.799921
0.238645 0.511355 0.25
0.206897 0.172411 0.620692
0.172414 0.344828 0.482759
0.100008 0.0666718 0.83332
0.357144 0.392856 0.25
