0.571373 0.000100805 0.428526
0.066666 0.133332 0.800002
0.0689643 0.586208 0.344828
0.103448 0.172412 0.72414
0.275859 0.379312 0.344829
0.0344826 0.310343 0.655174
0.413793 0.0344803 0.551726
0.136366 0.613634 0.25
0.241379 0.344828 0.413794
0.379312 0.275859 0.344829
0.448276 0.13793 0.413794
0.34483 0.65517 0
0.379311 0.172413 0.448276
0.233328 0.766672 0
0.275862 0.241379 0.482759
0.0666656 0.933334 0
0.300005 0.699995 0
0.517242 0.103448 0.37931
0.321429 0.428571 0.25
0.137929 0.551726 0.310345
0.0333333 0.2 0.766667
0.9 0.1 0
0.533334 0.466666 0
0.511362 0.238638 0.25
0.1 0.9 0
0.655105 0.000103434 0.344792
0.0666574 9.67161e-05 0.933246
0.033334 0.966666 0
0.172414 0.37931 0.448276
0.566667 0.433333 0
0.857143 0.142857 0
0.6 0.4 0
0.448277 0.0689628 0.48276
0.680001 0.319999 0
0.482709 0.000103415 0.517188
9.9959e-05 0.533278 0.466622
0.448259 0.275874 0.275868
9.98331e-05 0.9999 0
0.310312 0.000103289 0.689584
0.103437 0.344897 0.551665
0.409089 0.340911 0.25
0.137931 0.275862 0.586207
0.192304 0.807696 0
0.17241 0.482761 0.344829
0.275861 0.0689653 0.655174
0.0344783 0.551727 0.413795
0.133318 9.85697e-05 0.866583
0.579541 0.170459 0.25
0.413794 0.206896 0.37931
0.068961 0.24138 0.689659
9.67367e-05 0.0999732 0.89993
0.000103386 0.655105 0.344792
0.9999 9.98586e-05 0
0.433334 0.566666 0
0.206896 0.206897 0.586207
0.266669 0.733331 0
0.310345 0.310345 0.37931
0.344828 0.241379 0.413793
0.206896 0.13793 0.655174
0.23331 9.99177e-05 0.76659
0.379314 0.103441 0.517246
0.204551 0.545449 0.25
0.133334 0.0999982 0.766668
0.96667 0.0333301 0
0.100001 0.0666671 0.833332
0.13793 0.206896 0.655174
0.142857 0.857143 0
0.000102255 0.749898 0.25
0.206897 0.413793 0.37931
0.166665 0.033333 0.800002
0.100258 0.46787 0.431872
0.310343 0.172414 0.517243
0.379271 0.000103426 0.620625
0.633333 0.366667 0
9.3807e-05 0.166649 0.833258
0.807693 0.192307 0
0.275862 0.13793 0.586207
0.730769 0.269231 0
0.586208 0.0689629 0.344829
0.647729 0.102271 0.25
0.344827 0.344828 0.310345
0.48276 0.172412 0.344828
0.48148 0.51852 0
0.206897 0.275862 0.517241
0.344828 0.0689655 0.586207
0.392856 0.607144 0
0.766667 0.233333 0
0.689663 0.0344713 0.275865
0.749898 0.000102245 0.25
9.85062e-05 8.95145e-05 0.999812
0.241379 0.482759 0.275862
0.000103434 0.275833 0.724064
0.551724 0.137931 0.310345
0.0689637 0.655174 0.275863
0.933333 0.0666672 0
0.517244 0.0344774 0.448278
0.000103235 0.44823 0.551667
0.206897 0.0689623 0.72414
0.066982 0.43065 0.502368
0.000103422 0.379271 0.620625
