0.0666685 0.133339 0.799992
0.44828 0.10344 0.44828
0.344828 0.0344825 0.62069
0.51852 0.48148 0
0.392865 0.357135 0.25
0.800002 0.199998 0
0.24146 0.448091 0.310449
0.1 0.9 0
0.133333 0.0999998 0.766667
0.344849 0.20689 0.44826
9.99512e-05 0.9999 0
0.166673 0.033335 0.799992
0.448279 0.206891 0.34483
0.620625 0.00010333 0.379271
0.23331 9.99894e-05 0.76659
0.233333 0.766667 0
0.103448 0.275862 0.62069
0.206894 0.413795 0.379312
0.833332 0.166668 0
0.413793 0.275862 0.310345
0.55172 0.172415 0.275865
0.536922 0.0335571 0.42952
0.379311 0.241378 0.379311
0.137903 0.379439 0.482659
0.613633 0.136367 0.25
0.0333325 0.966668 0
0.000103324 0.27583 0.724066
0.900001 0.0999991 0
0.0666651 0.933335 0
0.0666565 5.97072e-05 0.933284
0.0666654 0.233341 0.699993
0.689584 0.000103363 0.310313
0.566667 0.433333 0
0.482766 0.137917 0.379316
0.066667 0.066667 0.866666
0.137929 0.586208 0.275863
0.766666 0.233334 0
0.681819 0.0681814 0.25
0.275862 0.275862 0.448276
0.344829 0.379309 0.275861
0.866666 0.133334 0
9.25025e-05 8.98398e-05 0.999818
5.36378e-05 0.0666625 0.933284
0.966671 0.0333293 0
0.413802 0.172399 0.413799
0.241379 0.172413 0.586207
0.689657 0.310343 0
0.000103344 0.689584 0.310313
0.379369 0.0689589 0.551672
0.500007 0.249993 0.25
0.000103176 0.379271 0.620626
0.00010342 0.620625 0.379271
0.100011 0.166686 0.733303
0.20689 0.0689649 0.724145
0.000102253 0.749898 0.25
0.9999 9.99058e-05 0
0.730772 0.269228 0
0.310313 0.000103232 0.689584
0.269236 0.730764 0
0.172414 0.13793 0.689656
0.6 0.4 0
0.310345 0.137929 0.551725
0.310341 0.689659 0
0.206897 0.241378 0.551725
0.620692 0.0689651 0.310343
0.137932 0.517238 0.34483
0.413753 0.000103365 0.586144
0.0689651 0.448276 0.482759
9.94517e-05 0.13332 0.866581
0.466673 0.533327 0
0.275863 0.344826 0.379311
0.000100387 0.535661 0.464239
0.0689642 0.586208 0.344828
0.137928 0.206893 0.655179
0.0344572 0.413804 0.551739
0.19231 0.80769 0
0.000103279 0.20687 0.793027
0.37931 0.13793 0.482759
0.142857 0.857143 0
0.102268 0.647732 0.25
0.357141 0.642859 0
0.206896 0.344828 0.448275
0.499954 9.98816e-05 0.499947
0.204545 0.545455 0.25
0.321429 0.321429 0.357142
0.275862 0.206896 0.517242
0.172413 0.310346 0.517242
0.27586 0.103441 0.620699
0.103448 0.344826 0.551725
0.551725 0.103446 0.344828
0.933333 0.0666674 0
0.433337 0.566663 0
0.13332 9.94781e-05 0.866581
0.64286 0.35714 0
0.10026 0.467871 0.431869
0.000103436 0.482708 0.517188
0.749898 0.00010221 0.25
0.285708 0.464292 0.25
0.0344821 0.310339 0.655179
0.399999 0.600001 0
