0.0666664 0.933334 0
0.344827 0.103448 0.551725
0.199982 9.98874e-05 0.799919
0.102272 0.647728 0.25
0.399998 0.600002 0
0.172409 0.241379 0.586211
0.482762 0.137925 0.379313
0.966666 0.0333335 0
0.310345 0.172413 0.517242
0.275827 0.000103338 0.724069
0.0333329 0.200002 0.766665
0.933333 0.0666673 0
0.443169 0.306831 0.25
0.133325 3.10325e-05 0.866644
0.613634 0.136366 0.25
0.1 0.133334 0.766665
0.814824 0.185176 0
0.413793 0.275862 0.310345
0.100001 0.899999 0
0.241382 0.482756 0.275863
0.379308 0.0344803 0.586211
0.344825 0.310346 0.344829
0.0344673 0.586216 0.379317
0.137932 0.482753 0.379314
0.000103163 0.655105 0.344792
0.551667 0.000103419 0.44823
0.000103296 0.275827 0.724069
0.551719 0.172416 0.275865
0.448231 0.000103433 0.551666
0.266665 0.733335 0
0.482759 0.0344824 0.482759
0.448275 0.103446 0.448279
0.448283 0.206884 0.344833
0.0333308 0.966669 0
0.100255 0.431875 0.46787
0.0344826 0.482759 0.482759
0.0344808 0.689657 0.275863
0.689583 0.000103215 0.310313
0.206891 0.172414 0.620695
0.379312 0.241375 0.379313
0.204543 0.545457 0.25
0.166669 0.0666662 0.766665
0.0689657 0.379309 0.551725
0.0689625 0.275859 0.655179
9.21409e-05 9.30067e-05 0.999815
0.000100419 0.535669 0.46423
0.142854 0.857146 0
0.166672 0.133342 0.699986
0.9999 9.9945e-05 0
0.481483 0.518517 0
0.357134 0.642866 0
0.00010315 0.344793 0.655104
0.000102095 0.749898 0.25
0.137917 0.586249 0.275834
0.379302 0.344832 0.275866
0.413791 0.172414 0.413795
0.37931 0.137931 0.482759
0.206892 0.448278 0.344829
0.6 0.4 0
0.321428 0.428572 0.25
0.233332 0.766668 0
0.749898 0.000102227 0.25
0.275862 0.241379 0.482759
0.206896 0.310346 0.482758
0.103443 0.551727 0.34483
0.275867 0.3793 0.344833
0.566655 0.433345 0
0.137925 0.344833 0.517242
0.192308 0.807692 0
0.65517 0.0689661 0.275864
0.43334 0.56666 0
0.307694 0.692306 0
0.0666662 0.1 0.833334
0.899998 0.100002 0
0.206896 0.37931 0.413795
9.95667e-05 0.0999896 0.899911
0.862076 0.137924 0
9.92387e-05 0.166649 0.833252
0.103446 0.206897 0.689657
9.88349e-05 0.43327 0.566631
0.241378 0.206897 0.551725
0.692301 0.307699 0
0.76923 0.23077 0
0.0666619 0.0333107 0.900027
0.275866 0.103448 0.620686
0.275861 0.310345 0.413794
0.344792 0.000103228 0.655104
0.511308 0.238692 0.25
0.642858 0.357142 0
9.96268e-05 0.9999 0
0.413786 0.0689625 0.517252
0.103443 0.310346 0.586211
0.620625 0.000103434 0.379272
0.344829 0.2069 0.448271
0.517239 0.0689659 0.413795
0.172408 0.517254 0.310338
0.551726 0.103445 0.344829
0.24138 0.0689624 0.689658
0.533333 0.466667 0
0.733334 0.266666 0
