0.0689516 0.413799 0.517249
0.53813 0.0672572 0.394612
0.185154 0.814846 0
0.69231 0.30769 0
0.0689544 0.517248 0.413798
0.533329 0.466671 0
0.133333 0.0666663 0.800001
0.241386 0.206894 0.551719
0.62069 0.0689655 0.310345
0.9 0.1 0
0.586147 0.000103114 0.41375
0.172403 0.137922 0.689675
0.55178 0.137914 0.310306
0.241377 0.379312 0.379311
0.642868 0.357132 0
0.413796 0.241374 0.34483
0.166652 9.70276e-05 0.833251
0.172413 0.55172 0.275867
0.814823 0.185177 0
0.206894 0.448277 0.344829
0.0666552 9.27035e-05 0.933252
0.10344 0.448282 0.448278
0.000103373 0.310301 0.689595
0.137924 0.482762 0.379313
0.613621 0.136379 0.250001
0.310345 0.0344827 0.655173
0.769233 0.230767 0
0.103447 0.310351 0.586201
9.98584e-05 0.9999 0
0.137928 0.862072 0
0.933334 0.0666659 0
0.000103342 0.413751 0.586146
0.266667 0.733333 0
9.99312e-05 0.499948 0.499952
9.99651e-05 0.233311 0.766589
0.0999989 0.133334 0.766668
0.43009 0.100575 0.469335
0.0999984 0.900002 0
9.87178e-05 0.16665 0.833251
0.000103247 0.620624 0.379273
0.2069 0.344822 0.448278
0.137929 0.206898 0.655173
0.566667 0.433333 0
0.000103084 0.689584 0.310313
0.379312 0.206893 0.413795
0.344825 0.0689652 0.586209
0.241379 0.103448 0.655173
0.862071 0.137929 0
0.0681796 0.68182 0.250001
0.275851 0.31035 0.4138
0.206876 0.0344789 0.758646
0.136359 0.61364 0.250001
0.464281 0.285718 0.250001
0.379273 0.000102813 0.620625
0.966669 0.0333311 0
0.172407 0.241381 0.586211
0.357142 0.642858 0
0.0689526 0.620761 0.310287
0.379307 0.310348 0.310345
0.655104 0.000103097 0.344792
0.033332 0.966668 0
0.0666631 0.933337 0
0.48148 0.51852 0
0.1 0.0333332 0.866667
0.275831 0.000103412 0.724066
0.399995 0.600005 0
0.275861 0.13793 0.586209
0.275867 0.448267 0.275867
0.733332 0.266668 0
0.433333 0.566667 0
0.230766 0.769234 0
0.448281 0.137922 0.413797
0.517251 0.206882 0.275867
0.238664 0.511335 0.250001
0.344828 0.275862 0.37931
0.357152 0.392847 0.250001
7.22977e-05 0.0666555 0.933272
0.172413 0.310345 0.517242
0.310342 0.24138 0.448277
0.499948 9.99538e-05 0.499952
0.749897 0.000102146 0.250001
0.413797 0.0344747 0.551728
0.103448 0.551724 0.344827
0.068964 0.206898 0.724138
0.137931 0.37931 0.482759
0.0333325 0.1 0.866667
0.241379 0.275863 0.482759
0.9999 9.96608e-05 0
0.307689 0.692311 0
0.600004 0.399996 0
0.000103392 0.551667 0.44823
0.344847 0.137927 0.517226
0.310346 0.344825 0.344829
0.0344817 0.344829 0.62069
0.482759 0.172413 0.344828
9.56346e-05 8.30216e-05 0.999821
0.000102255 0.749897 0.250001
0.172414 0.413793 0.413793
0.0689625 0.275859 0.655179
0.689658 0.0344757 0.275867
