0.599999 0.400001 0
0.482759 0.241379 0.275862
0.482757 0.172414 0.344829
0.9999 9.96937e-05 0
0.31035 0.344816 0.344834
0.647742 0.102258 0.25
0.46428 0.53572 0
0.769232 0.230768 0
0.133337 0.0666683 0.799995
0.13793 0.86207 0
0.206893 0.379312 0.413795
0.0333288 0.966671 0
0.407402 0.592598 0
0.966667 0.0333333 0
0.357143 0.642857 0
0.44828 0.137922 0.413797
0.0333173 0.0333183 0.933364
0.344793 0.00010342 0.655104
0.000103428 0.379271 0.620625
0.642857 0.357143 0
0.16665 9.93833e-05 0.833251
0.172396 0.448285 0.379318
0.137933 0.5862 0.275867
0.321429 0.42857 0.25
0.533271 9.98227e-05 0.466629
0.241377 0.206897 0.551726
0.034482 0.586207 0.379311
0.545457 0.204543 0.25
0.000103426 0.44823 0.551667
0.172395 0.275868 0.551737
0.655105 0.000103373 0.344792
0.0344697 0.689665 0.275866
0.0333294 0.233337 0.733334
0.689653 0.0344829 0.275864
0.448276 0.0344823 0.517242
0.275833 0.00010342 0.724064
0.733334 0.266666 0
0.206896 0.310346 0.482758
0.103448 0.344828 0.551724
0.586206 0.0689647 0.34483
0.344821 0.241382 0.413797
0.0333336 0.133335 0.833332
0.137923 0.379348 0.48273
0.933333 0.0666674 0
9.07258e-05 0.0999884 0.899921
0.428572 0.321428 0.25
0.206871 0.482834 0.310295
0.100012 0.466611 0.433377
0.275862 0.0689655 0.655173
0.566667 0.433333 0
0.103448 0.551723 0.344828
0.0666581 0.933342 0
0.230768 0.769232 0
0.9 0.1 0
0.000103431 0.310313 0.689584
0.185184 0.814816 0
0.200001 0.100001 0.699998
9.99608e-05 0.9999 0
0.379312 0.275859 0.344829
0.862074 0.137926 0
0.0666662 0.0666662 0.866668
0.103436 0.137914 0.75865
0.551733 0.0344668 0.4138
0.172414 0.172414 0.655173
0.37931 0.172412 0.448278
0.814815 0.185185 0
0.379303 0.344832 0.275865
0.137929 0.241383 0.620688
0.204549 0.545451 0.25
0.42853 0.000100668 0.57137
0.48276 0.0689619 0.448278
9.20701e-05 7.51586e-05 0.999833
0.692305 0.307695 0
0.241369 0.413798 0.344832
0.0689654 0.275862 0.655173
0.275862 0.24138 0.482758
0.413793 0.103448 0.482759
0.310345 0.172414 0.517242
0.413793 0.206897 0.37931
0.0689629 0.413794 0.517243
0.275862 0.448276 0.275862
0.0999894 9.43193e-05 0.899916
0.0999996 0.200003 0.699998
0.200002 0.0333324 0.766665
0.586205 0.137932 0.275863
0.517248 0.103437 0.379315
0.344828 0.103448 0.551724
0.518529 0.481471 0
0.000102199 0.749897 0.25
0.102273 0.647727 0.25
0.285706 0.321428 0.392867
0.000103362 0.206855 0.793042
0.379315 0.0344812 0.586204
0.266667 0.733333 0
0.100001 0.899999 0
0.000103404 0.655105 0.344792
0.307698 0.692302 0
0.749897 0.000102123 0.25
0.241379 0.137931 0.62069
0.000100201 0.535647 0.464253
