0.275863 0.344826 0.379311
0.413794 0.275861 0.310345
0.655105 0.000103297 0.344792
0.551763 0.172399 0.275838
0.266667 0.733333 0
9.9889e-05 0.9999 0
0.481476 0.518524 0
0.0689629 0.241376 0.689661
0.172411 0.448277 0.379311
0.307691 0.692309 0
0.692308 0.307692 0
0.103449 0.27586 0.620691
0.642853 0.357147 0
0.206897 0.37931 0.413793
0.100003 0.899997 0
0.511363 0.238636 0.250001
0.000103065 0.689584 0.310313
0.539328 0.101124 0.359548
0.033331 0.966669 0
0.310346 0.37931 0.310345
0.103448 0.482758 0.413794
0.275865 0.172409 0.551726
0.344837 0.0689598 0.586204
0.136372 0.613627 0.250001
0.0666588 9.2744e-05 0.933248
0.241379 0.310345 0.448276
0.433336 0.566664 0
0.34483 0.137931 0.51724
0.000103421 0.275834 0.724063
0.241376 0.413794 0.34483
0.238634 0.511365 0.250001
0.100008 0.0666734 0.833318
0.0666627 0.933337 0
0.733332 0.266668 0
0.44318 0.306819 0.250001
0.933335 0.0666653 0
0.482709 0.000103412 0.517187
0.172413 0.103448 0.724139
0.172409 0.551736 0.275855
0.275861 0.24138 0.482758
0.00010342 0.413749 0.586148
7.60103e-05 9.33137e-05 0.999831
0.206893 0.482766 0.31034
0.000103375 0.344792 0.655104
0.275834 0.000103234 0.724063
0.310345 0.0344824 0.655173
0.379271 0.000103377 0.620626
9.19122e-05 0.0666597 0.933248
0.466587 0.0666768 0.466736
0.0674016 0.393383 0.539215
0.43317 0.133377 0.433453
0.275863 0.103446 0.620691
0.592591 0.407409 0
0.769232 0.230768 0
0.571371 0.000100824 0.428528
9.97039e-05 0.499942 0.499959
0.0333331 0.1 0.866667
0.137929 0.206897 0.655174
0.206872 0.000103345 0.793025
0.0666733 0.133347 0.799979
0.900001 0.099999 0
0.185183 0.814817 0
0.00010211 0.749897 0.250001
0.413794 0.0344817 0.551725
0.48276 0.206894 0.310346
0.379313 0.241375 0.379312
0.206896 0.172413 0.620691
0.344827 0.206896 0.448276
0.1 0.166663 0.733337
0.103444 0.551726 0.344829
0.310346 0.27586 0.413794
0.81482 0.18518 0
0.344825 0.310346 0.344829
0.749897 0.0001022 0.250001
0.0333242 0.199999 0.766677
0.13793 0.413793 0.448276
0.137931 0.310345 0.551724
0.966673 0.0333271 0
0.172413 0.344829 0.482758
0.137931 0.862069 0
0.0689579 0.655178 0.275864
0.275861 0.448277 0.275861
7.06955e-05 0.166653 0.833277
0.862076 0.137924 0
0.0344733 0.55173 0.413797
0.62069 0.0689648 0.310345
0.44829 0.172388 0.379322
0.206896 0.241382 0.551722
0.9999 9.99358e-05 0
0.133321 9.99112e-05 0.86658
0.357142 0.642858 0
0.689657 0.0344796 0.275863
0.399996 0.600004 0
0.340907 0.409093 0.250001
0.000103389 0.620625 0.379272
0.613625 0.136375 0.250001
0.535721 0.464279 0
0.379303 0.34484 0.275857
0.230771 0.769229 0
0.241382 0.0689565 0.689661
