0.551667 0.000103432 0.44823
0.344829 0.0344793 0.620692
0.51852 0.48148 0
0.103448 0.275862 0.62069
0.233311 9.98723e-05 0.76659
0.655173 0.0689649 0.275862
0.0333335 0.966666 0
0.000101592 0.321396 0.678503
0.41375 0.000103275 0.586147
0.0999965 0.900004 0
0.0333323 0.200001 0.766667
0.266667 0.733333 0
0.206894 0.0689641 0.724142
0.3 0.7 0
0.137922 0.206883 0.655195
0.933337 0.0666634 0
0.0666679 0.933332 0
0.502394 0.0669844 0.430621
0.133323 7.68651e-05 0.8666
0.6 0.4 0
0.392859 0.607141 0
0.642856 0.357144 0
0.172414 0.310342 0.517244
0.37931 0.0689653 0.551724
0.379312 0.206898 0.41379
0.238638 0.511362 0.25
0.13793 0.586208 0.275863
0.47727 0.27273 0.25
0.966671 0.0333285 0
0.448286 0.241374 0.310339
0.0669854 0.502393 0.430621
0.233333 0.766667 0
0.241378 0.172409 0.586213
0.133334 0.0999994 0.766667
0.310343 0.137931 0.551725
0.413795 0.310344 0.275861
0.31035 0.241377 0.448272
0.749898 0.00010224 0.25
0.689662 0.310338 0
0.566662 0.433338 0
0.275861 0.448276 0.275862
0.00010112 0.60709 0.392809
0.172413 0.13793 0.689657
0.214282 0.357155 0.428563
0.9 0.0999998 0
0.448276 0.172414 0.37931
9.99096e-05 0.266641 0.733259
0.275859 0.103449 0.620692
0.100021 0.433216 0.466763
0.9999 9.97031e-05 0
0.73077 0.26923 0
0.166675 0.833325 0
0.103447 0.551725 0.344828
8.60963e-05 0.0999911 0.899923
0.166668 0.0333291 0.800003
0.100001 0.0666673 0.833332
7.61343e-05 9.80958e-05 0.999826
0.0666623 0.133336 0.800002
0.000100792 0.428511 0.571388
0.466609 9.9684e-05 0.533291
0.000102095 0.749898 0.25
0.103448 0.344826 0.551725
0.241379 0.275862 0.482759
0.172414 0.448276 0.37931
0.344834 0.172399 0.482767
0.466667 0.533333 0
0.433332 0.566668 0
0.137931 0.37931 0.482759
0.034481 0.344828 0.620691
9.9987e-05 0.9999 0
0.357135 0.392865 0.25
0.133334 0.866666 0
0.0344817 0.448275 0.517244
0.275852 0.379315 0.344832
0.551724 0.103448 0.344828
0.517242 0.172413 0.310345
0.689584 0.00010339 0.310313
0.807696 0.192304 0
0.0344808 0.655174 0.310345
0.206897 0.482759 0.310345
0.0666597 5.87392e-05 0.933282
0.344832 0.655168 0
9.98805e-05 0.533277 0.466623
0.431632 0.100299 0.468069
0.766667 0.233333 0
0.0999999 0.166667 0.733333
0.344832 0.344825 0.310343
9.98429e-05 0.166651 0.83325
0.206895 0.24138 0.551725
0.102277 0.647723 0.25
0.31031 0.000103123 0.689587
0.310347 0.310341 0.379313
0.857141 0.142859 0
0.2 0.8 0
0.545453 0.204547 0.25
0.066667 0.233328 0.700005
0.613641 0.136359 0.25
0.620624 0.000103345 0.379272
0.275862 0.206895 0.517244
0.379308 0.275863 0.344829
