9.96596e-05 0.199987 0.799914
0.966667 0.0333326 0
0.379311 0.241378 0.379311
0.100005 0.899995 0
0.0344827 0.241374 0.724143
0.344791 0.000103071 0.655106
0.192308 0.807692 0
9.9796e-05 0.133321 0.866579
0.206888 0.172416 0.620696
0.655105 0.000103308 0.344792
0.142856 0.857144 0
0.600001 0.399999 0
0.310345 0.275861 0.413793
0.241378 0.413794 0.344828
0.900001 0.0999992 0
0.172411 0.48276 0.344829
0.17241 0.344829 0.482761
0.807695 0.192305 0
0.586208 0.0344815 0.379311
0.0333279 0.966672 0
0.275861 0.241379 0.48276
0.00010342 0.413751 0.586146
0.0666685 0.933332 0
0.0689626 0.172409 0.758628
0.000103396 0.620625 0.379271
0.000103345 0.31031 0.689587
0.0689648 0.379317 0.551718
0.857143 0.142857 0
0.137932 0.310339 0.551729
0.357151 0.642849 0
0.933334 0.0666663 0
0.241379 0.206897 0.551725
0.692306 0.307694 0
0.233333 0.766667 0
0.0999987 0.0999997 0.800002
0.275861 0.103449 0.62069
0.642859 0.357141 0
0.413794 0.275861 0.310344
0.310345 0.689655 0
0.310342 0.379315 0.310343
0.413791 0.172415 0.413795
0.137934 0.448265 0.413801
0.137928 0.551726 0.310346
0.133334 0.033329 0.833337
0.238638 0.511362 0.25
0.0333317 0.0666653 0.900003
0.206895 0.379311 0.413794
0.241379 0.068965 0.689656
0.566665 0.433335 0
0.46424 0.000100296 0.53566
0.502404 0.0669872 0.430608
0.551667 0.000103367 0.44823
0.102273 0.647727 0.25
0.766667 0.233333 0
6.44165e-05 9.90883e-05 0.999836
0.448278 0.103446 0.448276
0.518522 0.481478 0
0.000103384 0.551667 0.44823
0.482744 0.172419 0.344837
0.275857 0.448287 0.275857
0.000102125 0.749898 0.25
0.647732 0.102268 0.25
0.000103395 0.689584 0.310313
0.58621 0.137926 0.275864
0.379309 0.34483 0.275861
0.0689645 0.586208 0.344828
0.340908 0.409092 0.25
0.749898 0.00010218 0.25
0.733332 0.266668 0
0.545454 0.204546 0.25
0.137931 0.206897 0.655172
0.466667 0.533333 0
0.344828 0.206896 0.448276
9.99403e-05 0.9999 0
0.399999 0.600001 0
0.0689599 0.517245 0.413796
0.172414 0.103448 0.724138
0.379309 0.137931 0.48276
0.68966 0.0344762 0.275864
0.100355 0.431327 0.468318
0.0344787 0.344829 0.620692
0.482757 0.241381 0.275861
0.9999 9.97705e-05 0
0.344826 0.310346 0.344829
0.275833 0.000103337 0.724064
0.269226 0.730774 0
0.433336 0.566664 0
0.443178 0.306822 0.25
0.24138 0.310344 0.448276
0.551733 0.103432 0.344834
0.206897 0.275859 0.517244
0.344828 0.103447 0.551725
0.103445 0.275863 0.620692
9.99475e-05 0.499931 0.499969
0.170447 0.579553 0.25
0.310344 0.172412 0.517244
0.27585 0.344834 0.379317
0.379308 0.0344821 0.586209
0.0999898 9.3358e-05 0.899917
0.206873 0.000103159 0.793023
