0.482763 0.0689568 0.44828
0.310346 0.103447 0.586207
0.379306 0.241381 0.379313
5.6768e-05 0.0666626 0.933281
0.200004 0.100002 0.699994
9.99725e-05 0.499939 0.499961
0.204545 0.545455 0.25
0.517188 0.000103417 0.482709
0.000103422 0.344792 0.655105
0.655105 0.000103384 0.344792
0.137934 0.551714 0.310352
0.136363 0.613637 0.25
0.100008 0.466641 0.433351
0.241376 0.137933 0.620691
0.481484 0.518516 0
0.137931 0.0689653 0.793104
0.23077 0.76923 0
0.000103414 0.41375 0.586146
0.392856 0.357144 0.25
0.172414 0.310345 0.517241
0.517243 0.103445 0.379312
9.99602e-05 0.9999 0
0.0666645 0.933336 0
0.0333332 0.266673 0.699994
0.310345 0.413793 0.275862
0.862072 0.137928 0
0.933332 0.0666678 0
0.275862 0.379311 0.344828
0.586208 0.0689639 0.344828
0.448278 0.0344786 0.517244
0.310345 0.241379 0.448275
0.206895 0.482759 0.310345
0.0344686 0.620699 0.344833
0.0333339 0.966666 0
0.172414 0.172414 0.655172
0.379303 0.0689658 0.551731
0.0689637 0.551725 0.379311
0.185184 0.814816 0
0.749898 0.000102254 0.25
0.172414 0.379309 0.448277
0.448273 0.137932 0.413795
0.206897 0.241376 0.551726
0.000103433 0.586146 0.41375
0.433336 0.566664 0
0.266667 0.733333 0
0.41375 0.000103398 0.586146
0.899996 0.100004 0
0.16665 9.99276e-05 0.83325
0.103448 0.137931 0.758621
0.344792 0.000103371 0.655105
0.571371 0.000100789 0.428528
0.00010343 0.241354 0.758542
0.733332 0.266668 0
0.27586 0.206897 0.517243
0.137931 0.275862 0.586207
0.344828 0.344828 0.310345
0.0344732 0.517246 0.44828
0.0689652 0.310345 0.62069
0.24138 0.275861 0.482759
9.99799e-05 0.133322 0.866578
0.613634 0.136366 0.25
0.6 0.4 0
0.000103389 0.689584 0.310313
0.241376 0.344829 0.413795
0.137929 0.482759 0.379311
0.241354 0.000103412 0.758542
0.9999 9.9973e-05 0
0.533333 0.466667 0
0.5 0.25 0.25
0.399999 0.600001 0
0.103449 0.344826 0.551725
0.566665 0.433335 0
0.0666664 0.1 0.833333
0.413793 0.275862 0.310345
0.655184 0.0689494 0.275867
0.103446 0.206893 0.689661
0.769231 0.230769 0
0.642857 0.357143 0
0.413796 0.103442 0.482762
0.551718 0.172416 0.275866
0.307691 0.692309 0
0.275858 0.0344813 0.689661
0.0999996 0.9 0
0.285714 0.464286 0.25
0.814823 0.185177 0
0.692305 0.307695 0
0.379311 0.172412 0.448278
0.0333335 0.16666 0.800006
0.000102212 0.749898 0.25
0.0999848 9.6337e-05 0.899919
0.357143 0.642857 0
0.310345 0.310345 0.37931
0.0689657 0.413792 0.517243
0.137927 0.862073 0
0.0689515 0.655182 0.275866
0.206896 0.413793 0.37931
0.966667 0.0333326 0
9.017e-05 9.87043e-05 0.999811
0.448276 0.206896 0.344828
0.344828 0.137931 0.517242
