0.0689652 0.275862 0.655172
0.413794 0.241378 0.344828
0.1 0.9 0
0.0333332 0.133333 0.833333
0.172413 0.344832 0.482755
0.466669 0.533331 0
0.310342 0.172412 0.517246
0.206895 0.448277 0.344828
0.275833 0.000103436 0.724063
0.000103413 0.689584 0.310313
0.068963 0.206897 0.72414
0.0672715 0.394575 0.538154
0.482759 0.137931 0.37931
0.655174 0.0689639 0.275863
0.172415 0.551721 0.275864
0.413795 0.17241 0.413795
0.238637 0.511363 0.25
0.310338 0.689662 0
0.344828 0.103448 0.551724
0.241382 0.172413 0.586205
0.000103387 0.620625 0.379271
0.566665 0.433335 0
0.1 0.0666655 0.833334
0.857143 0.142857 0
0.620625 0.000103436 0.379271
0.433334 0.566666 0
0.136365 0.613635 0.25
0.966666 0.0333341 0
0.807694 0.192306 0
0.269238 0.730762 0
0.379311 0.137929 0.48276
0.0689629 0.586209 0.344829
0.000103341 0.448229 0.551667
0.0689639 0.655174 0.275863
0.000103394 0.275833 0.724063
0.518518 0.481482 0
0.357143 0.392857 0.25
0.275879 0.448243 0.275879
0.241378 0.379311 0.379311
0.192309 0.807691 0
0.536913 0.0335576 0.429529
0.511359 0.238641 0.25
0.44828 0.27586 0.27586
0.16665 9.99864e-05 0.83325
0.172414 0.103447 0.724139
0.766668 0.233332 0
0.200001 0.0333335 0.766665
0.409092 0.340908 0.25
0.0344812 0.379311 0.586208
0.933336 0.0666639 0
0.551733 0.17241 0.275856
0.137933 0.517234 0.344833
0.1 0.133334 0.766665
0.0333268 0.0333221 0.933351
0.34483 0.275859 0.379311
0.600005 0.399995 0
0.275862 0.103448 0.62069
0.344829 0.206896 0.448275
0.379311 0.310344 0.310344
0.0666667 0.933333 0
0.41379 0.0689649 0.517246
0.689657 0.310343 0
0.103443 0.41382 0.482736
0.0999924 7.16278e-05 0.899936
0.357144 0.642856 0
0.0669842 0.502388 0.430627
0.730768 0.269232 0
0.4 0.6 0
0.499951 9.98692e-05 0.499949
0.379311 0.0344808 0.586208
0.241379 0.0689653 0.689656
9.99518e-05 0.199988 0.799912
0.000102243 0.749898 0.25
0.9999 9.9921e-05 0
0.275862 0.24138 0.482758
0.310343 0.344829 0.344829
0.642857 0.357143 0
0.448229 0.000103365 0.551667
0.899998 0.100002 0
0.103447 0.310353 0.5862
0.749898 0.000102247 0.25
9.99679e-05 0.53328 0.46662
0.27586 0.310346 0.413794
0.551723 0.103449 0.344829
0.172407 0.413796 0.413796
0.689584 0.000103437 0.310313
0.00010341 0.344792 0.655105
0.172411 0.206899 0.62069
9.77076e-05 9.79865e-05 0.999804
0.448277 0.103448 0.448275
0.0333334 0.966667 0
9.99773e-05 0.9999 0
0.142857 0.857143 0
8.8067e-05 0.099976 0.899936
0.233333 0.766667 0
0.482766 0.206893 0.31034
0.206894 0.27586 0.517246
0.613637 0.136363 0.25
0.13793 0.172414 0.689656
0.344792 0.000103384 0.655105
