0.34483 0.65517 0
0.000100404 0.53566 0.46424
0.655173 0.0689647 0.275862
0.206897 0.310344 0.482759
0.241379 0.241379 0.517241
0.466671 0.533329 0
0.379313 0.275857 0.34483
0.321429 0.428571 0.25
0.103451 0.517229 0.37932
0.344831 0.241372 0.413797
0.689584 0.000103402 0.310312
0.000103387 0.344792 0.655105
0.866666 0.133334 0
0.13793 0.448277 0.413794
0.136363 0.613637 0.25
0.172411 0.275863 0.551726
0.64286 0.35714 0
0.241379 0.482759 0.275862
0.000103399 0.655104 0.344792
0.103447 0.310345 0.586208
0.204547 0.545453 0.25
0.433333 0.566667 0
0.966665 0.0333347 0
0.0344721 0.586213 0.379315
0.233329 0.766671 0
0.518528 0.481472 0
0.206897 0.413793 0.37931
0.275834 0.000103428 0.724063
0.133333 0.0333333 0.833333
0.0666667 0.0999999 0.833333
0.392858 0.607142 0
0.066976 0.430636 0.502388
0.511365 0.238635 0.25
0.24138 0.344827 0.413794
0.344792 0.000103406 0.655105
0.482755 0.137932 0.379313
0.310345 0.310345 0.37931
0.172412 0.0689604 0.758628
0.100001 0.133334 0.766666
0.620625 0.000103431 0.379271
0.0333234 0.0333234 0.933353
0.137927 0.241374 0.620699
0.566666 0.433334 0
9.99752e-05 0.23331 0.76659
0.551737 0.172409 0.275854
0.0344827 0.275861 0.689657
0.172414 0.37931 0.448276
0.600001 0.399999 0
0.8 0.2 0
0.199981 8.96924e-05 0.799929
0.413793 0.206896 0.37931
0.409091 0.340909 0.25
0.0666661 0.933334 0
0.344846 0.103445 0.551708
0.241378 0.103448 0.655174
0.448275 0.0689656 0.482759
0.0344806 0.379312 0.586208
0.266668 0.733332 0
0.517241 0.0689653 0.413793
9.9881e-05 0.166651 0.833249
0.275865 0.379304 0.344831
0.766667 0.233333 0
0.613636 0.136364 0.25
0.9999 9.98728e-05 0
0.100018 0.899982 0
0.0999897 7.89166e-05 0.899931
0.000103432 0.448231 0.551666
0.833332 0.166668 0
0.73077 0.26923 0
0.9 0.1 0
0.137931 0.344825 0.517243
9.98469e-05 0.9999 0
0.448278 0.275858 0.275864
0.310345 0.206896 0.482759
0.103435 0.586216 0.31035
0.206896 0.206896 0.586208
0.275862 0.172414 0.551724
0.275862 0.275862 0.448276
0.482708 0.000103426 0.517188
0.192307 0.807693 0
0.396738 0.134391 0.468871
0.310348 0.0689663 0.620685
0.344828 0.344828 0.310345
0.551667 0.000103413 0.44823
0.0333342 0.966666 0
0.3 0.7 0
0.142853 0.857147 0
0.0689644 0.206895 0.724141
0.482758 0.206897 0.310345
0.689659 0.310341 0
8.00786e-05 0.0999886 0.899931
0.172414 0.482759 0.344828
0.0344771 0.689659 0.275864
0.749898 0.000102208 0.25
0.172417 0.137926 0.689657
0.000102187 0.749898 0.25
8.47559e-05 8.72362e-05 0.999828
0.551729 0.103441 0.34483
0.428507 0.000100817 0.571392
0.933332 0.0666682 0
