0.613641 0.136359 0.25
0.0666666 0.933333 0
0.566661 0.433339 0
0.482747 0.137934 0.379319
0.103447 0.517241 0.379311
0.0689621 0.344826 0.586211
0.000103182 0.655105 0.344792
0.620701 0.0344649 0.344834
0.749898 0.000101562 0.25
0.466666 0.0666604 0.466673
0.392853 0.357147 0.25
0.511358 0.238642 0.25
0.692306 0.307694 0
0.172412 0.137931 0.689657
0.482709 0.000103374 0.517188
0.24138 0.413792 0.344828
0.379353 0.241315 0.379332
0.102272 0.647728 0.25
0.137681 0.449277 0.413042
0.0344823 0.413792 0.551726
0.0344829 0.517239 0.448278
0.310313 0.000103257 0.689584
0.275863 0.172411 0.551726
0.899994 0.100006 0
0.466676 0.533324 0
0.275863 0.344825 0.379312
0.204546 0.545454 0.25
0.000103354 0.275831 0.724066
8.84816e-05 9.71102e-05 0.999814
0.6 0.4 0
0.413794 0.0344803 0.551726
0.103439 0.379297 0.517264
0.586212 0.103441 0.310347
0.966669 0.0333307 0
0.000103171 0.379272 0.620625
0.413808 0.172395 0.413797
0.9999 9.96612e-05 0
0.344827 0.0689612 0.586211
0.862094 0.137906 0
0.241371 0.310348 0.448281
0.769228 0.230772 0
0.310343 0.689657 0
0.137931 0.310343 0.551726
0.344828 0.310345 0.344828
0.0689658 0.241377 0.689657
0.206896 0.241378 0.551726
0.103447 0.172414 0.724138
0.000100761 0.571379 0.42852
0.206896 0.068966 0.724138
0.814814 0.185186 0
0.44827 0.275865 0.275865
0.192308 0.807692 0
0.100002 0.0666679 0.83333
0.551728 0.172408 0.275864
0.379271 0.000102913 0.620626
4.75405e-05 0.099991 0.899961
0.233313 9.99281e-05 0.766587
0.275864 0.241383 0.482753
0.733325 0.266675 0
0.689586 0.000103409 0.31031
0.275863 0.103445 0.620692
0.137906 0.586262 0.275832
0.566622 9.98062e-05 0.433278
0.206898 0.379307 0.413795
0.65517 0.0689674 0.275862
0.000102163 0.749898 0.25
0.137928 0.241377 0.620695
0.0999997 0.9 0
0.0333307 0.966669 0
0.285702 0.464298 0.25
9.50031e-05 0.166646 0.833259
0.344848 0.206825 0.448326
0.172412 0.344836 0.482753
0.357144 0.642856 0
0.17545 0.508735 0.315815
0.000103414 0.482709 0.517188
0.433335 0.566665 0
0.642857 0.357143 0
0.39999 0.60001 0
0.933326 0.0666743 0
0.206894 0.172414 0.620692
0.551723 0.0689657 0.379312
0.0689653 0.586205 0.34483
0.0689651 0.448297 0.482737
0.0666651 0.133335 0.8
0.518521 0.481479 0
9.98295e-05 0.9999 0
0.379318 0.137929 0.482753
0.269235 0.730765 0
0.0344796 0.689658 0.275862
0.310344 0.379309 0.310347
0.233327 0.766673 0
0.166669 0.0333317 0.8
0.310348 0.275857 0.413795
0.0344827 0.310345 0.655172
0.0333333 0.199998 0.766668
0.133328 1.73008e-08 0.866672
0.142858 0.857142 0
0.066664 2.36447e-05 0.933312
0.448277 0.206895 0.344828
