0.204547 0.545453 0.25
8.38034e-05 9.98895e-05 0.999816
0.579541 0.170459 0.25
0.399998 0.600002 0
0.206897 0.206897 0.586207
0.241379 0.344828 0.413793
0.642857 0.357143 0
0.269231 0.730769 0
0.344828 0.344828 0.310345
0.699866 0.000100009 0.300034
9.98624e-05 0.0999894 0.899911
0.172414 0.275862 0.551724
0.192309 0.807691 0
0.310343 0.689657 0
0.433331 0.566669 0
0.000103435 0.689584 0.310313
0.477267 0.272733 0.25
0.551667 0.000103403 0.44823
0.137932 0.448274 0.413795
0.000103339 0.586146 0.41375
0.103448 0.310345 0.586207
0.379311 0.241378 0.379311
0.9 0.1 0
0.233333 0.766667 0
0.275833 0.000103399 0.724064
9.99517e-05 0.166651 0.833249
0.517235 0.206899 0.275866
0.357143 0.642857 0
0.413795 0.172411 0.413795
0.482763 0.137923 0.379314
0.0334108 0.501189 0.4654
0.000100277 0.464243 0.535656
0.310345 0.0344825 0.655173
0.275864 0.172413 0.551724
0.0344757 0.620694 0.34483
0.551725 0.103447 0.344828
0.206896 0.413793 0.37931
0.0666651 0.933335 0
0.103446 0.103446 0.793107
0.0344821 0.275858 0.68966
0.0344734 0.379314 0.586212
0.310345 0.310345 0.37931
0.448276 0.103447 0.448276
0.933334 0.0666658 0
0.379271 0.00010342 0.620625
0.769238 0.230762 0
0.692304 0.307696 0
0.464243 0.000100432 0.535656
0.20689 0.0344799 0.75863
0.137931 0.137931 0.724138
0.0666685 0.200006 0.733326
0.32143 0.42857 0.25
0.172414 0.172414 0.655172
0.379312 0.137931 0.482757
0.136364 0.613636 0.25
0.86207 0.13793 0
0.517242 0.0689651 0.413793
0.9999 9.99727e-05 0
0.137931 0.517242 0.344828
0.0666714 0.0666714 0.866657
0.310345 0.103443 0.586211
0.103448 0.241379 0.655172
9.99862e-05 0.233319 0.766581
0.0689558 0.655221 0.275823
0.172414 0.344829 0.482757
0.0689651 0.551724 0.379311
0.620693 0.103444 0.275863
0.206897 0.482759 0.310345
0.000103302 0.344792 0.655105
0.749898 0.000102256 0.25
0.379307 0.068966 0.551727
0.0333212 0.0333212 0.933358
0.344827 0.206897 0.448276
0.1 0.9 0
9.96723e-05 0.9999 0
0.142855 0.857145 0
0.53333 0.46667 0
0.681819 0.068181 0.25
0.413793 0.275862 0.310345
0.275859 0.448282 0.275859
0.620692 0.0344791 0.344829
0.481479 0.518521 0
0.166651 9.99891e-05 0.833249
0.241379 0.241379 0.517241
0.607081 0.000101061 0.392817
0.275862 0.275862 0.448276
0.103436 0.379386 0.517178
0.409081 0.340919 0.25
0.966667 0.0333333 0
0.241381 0.103442 0.655177
0.0999899 9.93505e-05 0.899911
0.6 0.4 0
0.448273 0.206898 0.344829
0.103422 0.586224 0.310354
0.0333332 0.966667 0
0.566667 0.433333 0
0.000102194 0.749898 0.25
0.733333 0.266667 0
0.275863 0.37931 0.344827
0.814813 0.185187 0
