0.379312 0.103445 0.517243
0.0344652 0.689669 0.275866
0.000103371 0.310313 0.689584
0.0333324 0.166667 0.800001
0.172413 0.137931 0.689656
0.0344789 0.448278 0.517243
0.642857 0.357143 0
0.0689528 0.310349 0.620698
0.241382 0.275859 0.482759
0.0666563 6.10378e-05 0.933283
0.206895 0.482759 0.310345
0.192307 0.807693 0
0.19998 9.97463e-05 0.79992
0.100002 0.899998 0
0.379308 0.206897 0.413795
0.0344826 0.241376 0.724141
0.103447 0.482759 0.413793
0.310344 0.0344826 0.655173
0.310345 0.310345 0.37931
0.137929 0.275861 0.58621
0.103445 0.41381 0.482745
0.275853 0.379315 0.344832
0.9 0.0999997 0
0.413794 0.137929 0.448277
0.275833 0.000103425 0.724063
0.0666681 0.933332 0
0.344828 0.344828 0.310345
0.620625 0.000103404 0.379271
0.0344753 0.379312 0.586213
0.103447 0.344828 0.551725
0.600001 0.399999 0
0.204551 0.545449 0.25
0.689584 0.000103435 0.310313
0.137933 0.586202 0.275866
9.97143e-05 0.9999 0
0.344828 0.172413 0.482759
0.0344817 0.586208 0.379311
0.749898 0.000102203 0.25
0.517246 0.137924 0.34483
0.000100821 0.428529 0.57137
0.27586 0.448279 0.27586
0.310342 0.689658 0
0.102271 0.647729 0.25
0.275856 0.172415 0.551729
0.241372 0.344831 0.413797
0.464245 0.000100412 0.535654
0.655175 0.0689624 0.275863
0.48148 0.51852 0
0.142856 0.857144 0
9.70977e-05 0.0666586 0.933244
0.0333317 0.966668 0
0.966667 0.0333325 0
0.13332 9.99693e-05 0.86658
0.566669 0.433331 0
0.433334 0.566666 0
9.95719e-05 0.13332 0.86658
0.357141 0.642859 0
0.000100414 0.535657 0.464242
0.172399 0.379364 0.448237
0.269232 0.730768 0
0.769238 0.230762 0
8.64805e-05 9.48082e-05 0.999819
0.172415 0.448272 0.379313
0.51136 0.23864 0.25
0.206897 0.241377 0.551726
0.4 0.6 0
0.533332 0.466668 0
0.000103402 0.655105 0.344792
0.31035 0.241378 0.448273
0.233332 0.766668 0
0.206896 0.172414 0.62069
0.733334 0.266666 0
0.448277 0.172411 0.379311
0.103449 0.17241 0.724142
0.344885 0.0689582 0.586157
0.692307 0.307693 0
0.613638 0.136362 0.25
0.103447 0.551725 0.344828
0.1 0.1 0.8
0.42857 0.32143 0.25
0.9999 9.995e-05 0
0.379311 0.27586 0.344829
0.814819 0.185181 0
0.166687 0.0666733 0.766639
0.000102197 0.749898 0.25
0.379271 0.000103417 0.620625
0.233338 0.0666645 0.699998
0.275859 0.103449 0.620692
0.103447 0.241379 0.655173
0.933337 0.0666634 0
0.448274 0.24138 0.310346
0.586209 0.0689617 0.344829
0.862069 0.137931 0
0.502395 0.0669746 0.43063
9.48419e-05 0.233309 0.766596
0.551667 0.000103426 0.44823
0.321435 0.428565 0.25
0.0666667 0.0666667 0.866667
0.172413 0.310345 0.517242
0.551725 0.172413 0.275862
