0.933335 0.0666652 0
0.310345 0.137931 0.551724
0.241373 0.413797 0.34483
0.275833 0.000103381 0.724064
0.379311 0.0689631 0.551726
0.448278 0.137929 0.413794
0.000102221 0.749898 0.25
0.206897 0.275862 0.517241
0.379311 0.172413 0.448276
0.533328 0.466672 0
0.137931 0.586207 0.275862
0.103448 0.551725 0.344828
0.733332 0.266668 0
0.482768 0.0689478 0.448284
0.000100435 0.464241 0.535659
0.464241 0.00010038 0.535659
0.307695 0.692305 0
0.172414 0.206894 0.620691
0.586207 0.103445 0.310347
0.275862 0.275862 0.448276
0.000103413 0.310313 0.689584
0.103442 0.413796 0.482762
0.0999998 0.0666665 0.833334
0.966667 0.0333332 0
9.99923e-05 0.233319 0.766581
0.642854 0.357146 0
0.413794 0.103446 0.48276
0.689656 0.0344814 0.275862
0.310343 0.0344825 0.655174
0.204544 0.545456 0.25
0.137928 0.862072 0
0.185182 0.814818 0
0.23333 0.066667 0.700003
0.413792 0.275861 0.310347
0.0344801 0.689657 0.275863
0.24138 0.482756 0.275863
8.53807e-05 0.0999682 0.899946
0.172414 0.482758 0.344828
0.357141 0.642859 0
0.0666681 0.133335 0.799997
0.413791 0.206897 0.379312
0.814814 0.185186 0
0.749898 0.000102253 0.25
0.13793 0.344829 0.517241
0.517242 0.206895 0.275863
0.0689658 0.482756 0.448278
0.579533 0.170467 0.25
0.103444 0.310325 0.586231
0.137928 0.103448 0.758624
0.310341 0.379311 0.310347
0.0666551 6.3026e-05 0.933282
0.0344824 0.586207 0.37931
0.0689651 0.37931 0.551724
0.275861 0.344828 0.379311
0.310345 0.206897 0.482759
0.86207 0.13793 0
0.230769 0.769231 0
0.9999 9.99835e-05 0
0.266667 0.733333 0
9.98293e-05 0.9999 0
0.769232 0.230768 0
0.000103384 0.379271 0.620625
0.47727 0.27273 0.25
0.517247 0.103438 0.379315
0.0666659 0.933334 0
0.306819 0.443181 0.25
0.4 0.6 0
0.000103431 0.551667 0.448229
9.86185e-05 9.67376e-05 0.999805
0.655105 0.000103432 0.344792
0.0689628 0.24138 0.689657
0.392864 0.357136 0.25
0.9 0.0999997 0
0.551667 0.000103427 0.448229
0.243214 0.324337 0.432449
0.692308 0.307692 0
0.379271 0.000103312 0.620625
0.6 0.4 0
0.103446 0.172413 0.724141
9.97915e-05 0.166655 0.833246
0.0333282 0.966672 0
0.000103385 0.655105 0.344792
0.206868 0.000103306 0.793029
0.0999993 0.900001 0
0.0679232 0.286776 0.645301
0.481482 0.518518 0
0.433333 0.566667 0
0.172414 0.379309 0.448277
0.647729 0.102271 0.25
0.102273 0.647727 0.25
0.482759 0.172413 0.344828
0.241375 0.206898 0.551727
0.586211 0.0344787 0.379311
0.344828 0.310344 0.344828
0.206895 0.13793 0.655174
0.566671 0.433329 0
0.137931 0.448275 0.413794
0.344828 0.241378 0.413794
0.27586 0.103449 0.620691
0.13332 9.75494e-05 0.866583
