0.586205 0.137932 0.275863
0.241378 0.275862 0.48276
0.566669 0.433331 0
0.172384 0.034477 0.793139
0.172407 0.413797 0.413797
0.206897 0.241379 0.551724
0.933333 0.0666671 0
0.0333338 0.200003 0.766663
0.344829 0.275859 0.379312
0.733331 0.266669 0
0.102267 0.647733 0.25
0.551724 0.103448 0.344828
0.46425 0.000100429 0.53565
9.99969e-05 0.166687 0.833213
0.000103337 0.379271 0.620625
0.192308 0.807692 0
0.233333 0.766667 0
0.533332 0.466668 0
0.000103422 0.655105 0.344792
0.433333 0.566667 0
0.448277 0.275863 0.27586
0.749898 0.00010225 0.25
0.655105 0.000103423 0.344792
0.275862 0.206896 0.517242
9.99797e-05 0.499949 0.499951
0.172412 0.206897 0.620691
0.00010216 0.749898 0.25
0.586208 0.0344815 0.379311
0.206895 0.103447 0.689658
0.172414 0.310345 0.517242
0.100002 0.100002 0.799996
0.647727 0.102273 0.25
0.857143 0.142857 0
0.511364 0.238636 0.25
0.642857 0.357143 0
0.551667 0.00010339 0.44823
0.344827 0.172413 0.48276
0.344793 0.000103394 0.655104
0.37931 0.310346 0.310344
0.966669 0.0333313 0
0.103444 0.448278 0.448278
0.68965 0.0344834 0.275867
0.137927 0.482761 0.379312
0.600004 0.399996 0
0.285709 0.464291 0.25
0.206899 0.517236 0.275865
0.44828 0.172406 0.379314
0.103443 0.344829 0.551727
0.170452 0.579548 0.25
0.206897 0.344827 0.448276
0.0344827 0.310345 0.655172
0.310343 0.344829 0.344828
0.0666662 0.933334 0
0.310345 0.137931 0.551724
0.379323 0.034481 0.586196
6.80281e-05 0.0666587 0.933273
0.275863 0.310343 0.413794
0.692308 0.307692 0
0.9999 9.98218e-05 0
0.4 0.6 0
0.48279 0.206884 0.310326
0.103447 0.206895 0.689658
0.50239 0.0669897 0.430621
0.206897 0.448276 0.344828
0.766667 0.233333 0
0.357143 0.642857 0
0.481483 0.518517 0
9.9834e-05 0.9999 0
9.86669e-05 8.00189e-05 0.999821
0.0689656 0.551724 0.379311
0.266666 0.733334 0
0.142857 0.857143 0
0.137931 0.275862 0.586207
0.431871 0.100255 0.467874
0.241379 0.172414 0.586207
0.137931 0.551724 0.310345
0.241345 0.000103414 0.758551
0.310345 0.413792 0.275862
0.241381 0.379307 0.379313
0.137931 0.137931 0.724138
0.275862 0.103447 0.62069
0.379307 0.206898 0.413796
0.000103257 0.275833 0.724064
0.310344 0.241379 0.448276
0.413795 0.241377 0.344829
0.133321 9.99513e-05 0.866579
0.899999 0.100001 0
0.807693 0.192307 0
0.00010342 0.586146 0.41375
0.307689 0.692311 0
0.0335913 0.42894 0.537469
0.0999999 0.9 0
0.275862 0.0344805 0.689658
0.137931 0.379309 0.48276
0.0689654 0.62069 0.310345
0.0666651 0.0333325 0.900002
0.392855 0.357145 0.25
0.0333159 0.699992 0.266692
0.0333321 0.0999996 0.866668
0.0333303 0.96667 0
