9.07662e-05 8.63918e-05 0.999823
0.13793 0.86207 0
0.000103416 0.586146 0.41375
0.24138 0.103447 0.655173
9.99718e-05 0.49995 0.49995
0.566666 0.433334 0
0.275833 0.000103436 0.724063
0.172414 0.413793 0.413793
0.103448 0.310344 0.586208
0.000103391 0.655105 0.344792
0.344828 0.103448 0.551724
0.206897 0.344827 0.448276
0.551725 0.172413 0.275862
0.642857 0.357143 0
0.230769 0.769231 0
0.0999999 0.9 0
0.172413 0.551725 0.275862
0.103448 0.413795 0.482757
0.241382 0.379302 0.379315
0.0333338 0.966666 0
0.238649 0.511351 0.25
0.275862 0.310344 0.413793
0.933335 0.0666647 0
0.413794 0.0689653 0.51724
0.306819 0.443181 0.25
0.00010339 0.41375 0.586146
0.206898 0.275862 0.51724
0.44823 0.000103424 0.551667
0.0333329 0.233337 0.73333
0.448279 0.103445 0.448276
0.137928 0.344832 0.51724
0.136364 0.613636 0.25
0.275862 0.413793 0.310345
0.749898 0.000102229 0.25
0.600001 0.399999 0
0.185183 0.814817 0
0.533287 9.98795e-05 0.466613
0.103448 0.172413 0.724138
0.103448 0.482759 0.413793
0.31034 0.0689642 0.620696
0.448274 0.206897 0.344829
0.379312 0.0344796 0.586209
0.9999 9.98657e-05 0
0.37931 0.275862 0.344828
0.899998 0.100002 0
0.448276 0.275862 0.275862
0.133336 0.1 0.766664
0.307696 0.692304 0
0.0689651 0.275862 0.655173
0.266668 0.733332 0
0.413794 0.172413 0.413794
0.000102251 0.749898 0.25
0.19998 9.81032e-05 0.799922
0.357142 0.642858 0
0.655171 0.0689658 0.275863
0.857143 0.142857 0
0.613637 0.136363 0.25
0.172413 0.241381 0.586206
0.766667 0.233333 0
0.655105 0.000103421 0.344792
0.000103422 0.206857 0.79304
0.0666683 0.133339 0.799993
9.99396e-05 0.13332 0.86658
0.482764 0.137922 0.379314
0.137931 0.206896 0.655173
0.0333385 0.0666783 0.899983
0.433332 0.566668 0
0.206896 0.0689638 0.72414
0.551728 0.0344756 0.413796
0.034481 0.689656 0.275863
0.344792 0.000103428 0.655104
0.344828 0.241379 0.413793
0.733333 0.266667 0
0.344826 0.379312 0.275862
0.692307 0.307693 0
0.20689 0.172414 0.620696
0.0666607 4.25146e-05 0.933297
0.275863 0.172414 0.551723
0.586208 0.0689632 0.344828
0.066662 0.933338 0
0.966667 0.0333329 0
0.13332 9.9799e-05 0.86658
0.206896 0.448276 0.344828
0.511351 0.238649 0.25
9.99804e-05 0.9999 0
0.0344824 0.344822 0.620696
0.137933 0.517235 0.344832
0.0689656 0.37931 0.551725
0.466673 0.533327 0
0.0689657 0.551723 0.379311
0.4 0.6 0
0.0689654 0.62069 0.310345
0.000103433 0.310306 0.68959
0.310346 0.344826 0.344828
0.310346 0.206896 0.482757
0.392878 0.357122 0.25
0.379312 0.137931 0.482757
0.807698 0.192302 0
0.518518 0.481482 0
0.0999994 0.0666659 0.833335
