0.285713 0.392852 0.321436
0.266671 0.733329 0
0.34483 0.241374 0.413796
0.000101998 0.749898 0.25
0.275832 0.000103418 0.724064
0.733335 0.266665 0
0.206895 0.413794 0.379311
0.379308 0.275863 0.344829
0.24138 0.206897 0.551723
0.357143 0.642857 0
0.551718 0.10345 0.344833
0.0344826 0.551725 0.413793
0.103449 0.413789 0.482762
0.899997 0.100003 0
0.13793 0.448276 0.413793
0.413795 0.103446 0.482759
0.692313 0.307687 0
0.344789 0.000103078 0.655107
0.433333 0.566667 0
0.857143 0.142857 0
0.17241 0.0689637 0.758626
0.481477 0.518523 0
0.17241 0.482761 0.344829
0.6 0.4 0
0.0333187 0.966681 0
0.766672 0.233328 0
0.613638 0.136362 0.25
9.96622e-05 0.53327 0.46663
9.99581e-05 0.19998 0.79992
0.344827 0.13793 0.517242
0.966672 0.0333276 0
0.379514 0.0344707 0.586016
0.0666701 0.166675 0.766654
0.206896 0.310345 0.482759
0.275867 0.137933 0.5862
0.103445 0.517244 0.379312
0.0689608 0.310347 0.620692
0.551716 0.172417 0.275867
0.172416 0.241385 0.5862
0.233332 0.766668 0
0.51125 0.23875 0.25
0.689589 0.000103114 0.310308
0.307687 0.692313 0
0.000103039 0.310312 0.689585
0.310345 0.310344 0.379311
0.1 0.0999998 0.8
0.448273 0.275863 0.275863
0.9999 9.99736e-05 0
0.00010333 0.379271 0.620626
0.379309 0.172412 0.448279
0.533329 0.466671 0
0.0689643 0.482757 0.448279
0.241374 0.068966 0.68966
0.137931 0.344827 0.517242
0.100003 0.899997 0
0.0344814 0.241373 0.724145
9.77086e-05 0.133322 0.86658
0.142856 0.857144 0
0.204548 0.545452 0.25
0.172413 0.379309 0.448279
0.4 0.6 0
0.137923 0.586212 0.275864
0.749898 0.000101756 0.25
0.102263 0.647737 0.25
0.0666602 9.88046e-05 0.933241
0.642844 0.357156 0
7.36817e-05 0.0666591 0.933267
0.62069 0.0344819 0.344828
0.241378 0.482759 0.275862
0.275861 0.27586 0.448279
9.95667e-05 0.9999 0
0.0666671 0.0666669 0.866666
0.0689656 0.379308 0.551727
0.000103316 0.655103 0.344793
0.13793 0.172413 0.689656
0.192308 0.807692 0
0.807699 0.192301 0
0.13332 9.9587e-05 0.866581
0.65517 0.068966 0.275864
0.310344 0.068964 0.620692
0.448278 0.137929 0.413794
0.19998 9.99726e-05 0.79992
0.310345 0.206897 0.482759
0.103448 0.241377 0.655175
0.0666705 0.933329 0
0.571353 0.000100716 0.428546
0.413793 0.206896 0.379311
0.206897 0.137932 0.655171
0.464238 0.000100318 0.535662
0.39286 0.35714 0.25
0.306818 0.443181 0.25
0.0689622 0.586209 0.344829
0.93334 0.0666598 0
0.48276 0.172411 0.344829
0.241377 0.344829 0.413794
0.501195 0.0334091 0.465396
0.000100218 0.464238 0.535662
8.44507e-05 9.89742e-05 0.999817
0.0344762 0.68966 0.275864
0.566663 0.433337 0
