0.466666 0.533334 0
0.357142 0.642858 0
0.9 0.1 0
0.571385 0.000100832 0.428514
0.9999 9.98076e-05 0
0.137931 0.137931 0.724138
0.966665 0.0333352 0
0.0665981 7.15519e-05 0.93333
0.379311 0.344827 0.275862
0.443182 0.306818 0.25
0.269233 0.730767 0
0.517188 0.00010334 0.482709
0.103447 0.206903 0.68965
0.0689653 0.37931 0.551724
3.23174e-05 0.0999963 0.899971
0.379309 0.0689657 0.551726
0.599997 0.400003 0
0.633334 0.366666 0
0.241378 0.0344823 0.72414
0.19998 9.97647e-05 0.799921
0.241378 0.413794 0.344828
0.166666 0.0666666 0.766667
0.0344729 0.689662 0.275865
0.000100377 0.464237 0.535663
0.464237 0.000100322 0.535663
0.344831 0.13793 0.517239
0.1 0.1 0.8
0.32143 0.42857 0.25
0.275865 0.310344 0.413791
0.413793 0.103448 0.482759
0.0333337 0.966666 0
0.00010335 0.379271 0.620625
0.689584 0.000103315 0.310313
9.79948e-05 0.999902 0
0.0344791 0.58621 0.379311
0.172414 0.344827 0.482759
0.275864 0.172413 0.551723
0.413795 0.206894 0.379312
0.206899 0.172402 0.620699
0.566664 0.433336 0
0.518523 0.481477 0
0.586202 0.137933 0.275865
0.233331 0.766669 0
0.103447 0.275862 0.62069
0.136365 0.613635 0.25
0.103447 0.551725 0.344828
0.0344825 0.482759 0.482759
0.310343 0.24138 0.448277
0.0666661 0.0666661 0.866668
0.000103336 0.551667 0.44823
0.137932 0.310345 0.551724
0.379271 0.000103379 0.620625
0.10023 0.432016 0.467754
0.206898 0.379305 0.413797
0.379329 0.172409 0.448262
0.0689578 0.620732 0.31031
0.482759 0.172413 0.344828
0.0344828 0.310345 0.655172
0.482759 0.0689651 0.448276
0.433324 0.566676 0
0.448273 0.137932 0.413795
0.172409 0.517245 0.310347
0.1 0.9 0
0.413791 0.275863 0.310346
0.00010206 0.749898 0.25
0.620693 0.0344768 0.34483
0.000103428 0.275832 0.724065
9.94731e-05 0.19998 0.799921
0.310333 0.689667 0
0.000103355 0.655104 0.344792
0.172416 0.448269 0.379315
0.545455 0.204545 0.25
0.310345 0.344826 0.344828
0.68 0.32 0
0.172421 0.24139 0.586189
0.344825 0.275863 0.379312
0.517243 0.103445 0.379312
0.857144 0.142856 0
0.0689621 0.517243 0.413795
0.807694 0.192306 0
0.647726 0.102274 0.25
0.24138 0.482758 0.275862
0.0333268 0.133333 0.83334
0.749898 0.000102196 0.25
0.310312 0.000103424 0.689585
0.192308 0.807692 0
0.933332 0.0666682 0
0.066666 0.166667 0.766667
0.482763 0.241377 0.27586
0.241379 0.275862 0.482759
0.766668 0.233332 0
0.399995 0.600005 0
0.310346 0.0689636 0.620691
0.241379 0.103448 0.655172
0.142855 0.857145 0
0.204543 0.545457 0.25
0.13332 9.8184e-05 0.866582
9.15182e-05 6.10083e-05 0.999847
0.0666661 0.933334 0
0.730766 0.269234 0
