0.103345 0.586617 0.310037
0.429515 0.0335584 0.536926
0.53566 0.000100343 0.464239
0.103442 0.103442 0.793116
0.26923 0.73077 0
0.0334135 0.465392 0.501194
0.214277 0.535723 0.25
0.321432 0.428568 0.25
0.551726 0.103445 0.344829
0.13332 9.87034e-05 0.866581
9.9911e-05 0.533292 0.466608
0.0344714 0.689663 0.275865
0.448303 0.068962 0.482735
0.103447 0.379314 0.517239
0.933334 0.0666656 0
9.97595e-05 0.9999 0
0.24138 0.275861 0.482759
0.102273 0.647727 0.25
0.24138 0.103444 0.655175
0.241379 0.413793 0.344828
0.20689 0.0689633 0.724147
0.344822 0.310348 0.344831
0.166667 0.0333292 0.800004
0.137929 0.413801 0.44827
0.275864 0.344822 0.379313
0.233322 9.99522e-05 0.766578
0.320001 0.679999 0
0.379318 0.344823 0.275859
0.10344 0.482763 0.413797
0.310346 0.172415 0.517239
0.433336 0.566664 0
0.233329 0.766671 0
0.344828 0.206896 0.448276
9.85894e-05 0.13332 0.866581
0.137931 0.310346 0.551723
0.857146 0.142854 0
0.241379 0.482759 0.275862
0.566666 0.433334 0
0.600003 0.399997 0
0.0689656 0.310344 0.62069
0.586208 0.137929 0.275863
0.689656 0.310344 0
0.100001 0.899999 0
0.0333315 0.266691 0.699978
0.000102252 0.749898 0.25
0.482757 0.172414 0.344829
0.41375 0.000103339 0.586146
0.379311 0.137931 0.482759
0.00010343 0.586147 0.41375
0.172414 0.172414 0.655172
0.000103423 0.655105 0.344792
0.481481 0.518519 0
0.31035 0.379304 0.310346
0.310314 0.000103351 0.689583
0.749898 0.000102232 0.25
0.0689562 0.55173 0.379314
0.399998 0.600002 0
0.647726 0.102274 0.25
0.172412 0.448277 0.379311
0.241381 0.172407 0.586212
0.366667 0.633333 0
0.00010343 0.344792 0.655105
0.137927 0.24138 0.620693
0.379311 0.241378 0.379311
0.133347 0.133347 0.733305
0.103448 0.206897 0.689655
0.344828 0.0344821 0.62069
0.766665 0.233335 0
0.0333328 0.966667 0
2.8456e-05 0.0666552 0.933316
9.85216e-05 9.9583e-05 0.999802
0.206896 0.241381 0.551723
0.0666666 0.0333332 0.9
0.000103234 0.241353 0.758544
0.443179 0.306821 0.25
0.807691 0.192309 0
0.533332 0.466668 0
0.00010077 0.428523 0.571376
0.642857 0.357143 0
0.9999 9.99038e-05 0
0.482766 0.103435 0.413799
0.413802 0.172395 0.413802
0.586207 0.0344828 0.37931
0.206896 0.344829 0.448275
0.689656 0.0344821 0.275862
0.142854 0.857146 0
0.033333 0.166663 0.800004
0.96667 0.0333297 0
0.172391 0.551785 0.275825
0.413794 0.27586 0.310346
0.545449 0.204551 0.25
0.655105 0.000103397 0.344792
0.310346 0.275859 0.413795
0.310345 0.103448 0.586207
0.192309 0.807691 0
0.730767 0.269233 0
0.482759 0.241379 0.275862
0.0666679 0.933332 0
0.13793 0.517242 0.344828
0.9 0.0999995 0
