0.9999 9.99884e-05 0
0.206898 0.448272 0.34483
0.448229 0.000103381 0.551667
0.233327 0.766673 0
0.000103428 0.31031 0.689586
0.689659 0.0344791 0.275862
0.241379 0.37931 0.379311
0.310346 0.275862 0.413792
0.655105 0.000103395 0.344792
0.535656 0.000100248 0.464243
0.206897 0.206897 0.586207
0.966667 0.0333327 0
0.0333334 0.233337 0.73333
0.933334 0.066666 0
0.206897 0.275859 0.517244
5.6909e-05 0.0666567 0.933286
0.466676 0.533324 0
0.103446 0.586209 0.310345
0.0666643 0.933336 0
0.579543 0.170457 0.25
0.413788 0.137932 0.44828
0.13793 0.344826 0.517244
0.310329 0.344835 0.344835
0.241379 0.13793 0.620691
0.275867 0.724133 0
0.0666664 0.166666 0.766668
0.44827 0.275865 0.275865
0.100006 0.200011 0.699983
0.000101208 0.749899 0.25
0.384614 0.615386 0
0.413796 0.068959 0.517245
0.467871 0.100254 0.431875
0.275866 0.241372 0.482762
0.862073 0.137927 0
0.566668 0.433332 0
0.103448 0.413793 0.482759
0.615385 0.384615 0
0.647729 0.102271 0.25
0.586207 0.0689652 0.344828
0.310346 0.41379 0.275863
0.137923 0.482764 0.379313
0.275862 0.172414 0.551725
0.172412 0.172412 0.655177
0.379313 0.20689 0.413797
0.000103259 0.620621 0.379275
0.201744 0.361148 0.437108
0.551724 0.137931 0.310345
0.0333211 0.966679 0
0.66667 0.33333 0
0.133335 0.133335 0.73333
0.166665 0.0666671 0.766668
0.137931 0.241377 0.620692
0.102264 0.647736 0.25
0.170455 0.579545 0.25
0.172414 0.413793 0.413793
0.100002 0.899998 0
0.206896 0.103447 0.689657
0.241379 0.482759 0.275862
0.275818 0.00010243 0.724079
0.172414 0.517241 0.310345
0.379312 0.27586 0.344828
0.142854 0.857146 0
0.000100248 0.428558 0.571341
0.0344706 0.551725 0.413804
9.58949e-05 9.39643e-05 0.99981
0.344792 0.00010331 0.655105
0.379312 0.0344778 0.58621
0.000103141 0.517187 0.48271
8.69689e-05 0.133301 0.866612
0.19998 9.95877e-05 0.79992
0.192308 0.807692 0
0.76923 0.23077 0
0.482759 0.0344824 0.482759
0.551726 0.0344808 0.413794
9.98911e-05 0.19998 0.79992
0.133333 0.0333333 0.833334
0.0666668 0.466673 0.46666
0.344828 0.103447 0.551726
0.0999903 7.60926e-05 0.899934
0.310345 0.0689643 0.620691
0.749898 0.000101981 0.25
0.285718 0.464282 0.25
0.241365 0.310351 0.448284
0.899998 0.100002 0
0.0344823 0.655173 0.310345
0.0344801 0.344828 0.620691
0.518529 0.481471 0
0.392856 0.357144 0.25
0.0689643 0.275859 0.655177
0.51136 0.23864 0.25
9.99512e-05 0.9999 0
0.814816 0.185184 0
0.34483 0.172413 0.482758
0.482761 0.137927 0.379312
0.333333 0.666667 0
0.103448 0.310347 0.586205
0.43332 0.56668 0
0.724138 0.275862 0
0.0666641 0.100003 0.833333
0.448264 0.206901 0.344835
