0.428574 0.321426 0.25
0.000103437 0.551666 0.44823
0.103448 0.206896 0.689656
0.933342 0.0666584 0
0.428528 0.000100764 0.571372
0.275863 0.206895 0.517243
0.241379 0.482759 0.275862
0.172415 0.517238 0.310347
0.0666674 0.166669 0.766664
0.600015 0.399985 0
0.192308 0.807692 0
0.344831 0.275855 0.379314
0.310344 0.137931 0.551725
0.862068 0.137932 0
0.066677 0.0333385 0.899985
0.467865 0.100256 0.431878
0.233326 0.766674 0
0.413793 0.241379 0.344828
0.899993 0.100007 0
0.000102076 0.749898 0.25
0.000103399 0.620625 0.379271
0.37931 0.206895 0.413795
0.099998 0.900002 0
0.000103315 0.310313 0.689584
0.0689655 0.37931 0.551725
0.344828 0.0344807 0.620691
0.357143 0.642857 0
0.613637 0.136363 0.25
0.000103352 0.689584 0.310313
9.99873e-05 0.133322 0.866578
0.517247 0.103438 0.379315
0.136365 0.613635 0.25
0.518526 0.481474 0
0.275866 0.310336 0.413798
0.172406 0.44828 0.379314
0.310345 0.344827 0.344828
0.103451 0.551714 0.344835
0.241379 0.275862 0.482759
0.749898 0.000102215 0.25
9.65425e-05 8.62756e-05 0.999817
0.0666624 0.933338 0
0.166671 0.066665 0.766664
0.448279 0.0344767 0.517245
0.233334 0.0333328 0.733334
0.545452 0.204548 0.25
0.344821 0.379322 0.275857
0.769233 0.230767 0
0.966666 0.0333342 0
0.142855 0.857145 0
0.19998 9.98129e-05 0.79992
0.24138 0.13793 0.620691
0.413794 0.137931 0.448275
0.241381 0.413788 0.34483
0.1 0.1 0.8
0.466667 0.533333 0
0.379309 0.310346 0.310345
0.0333266 0.233335 0.733338
0.321426 0.428574 0.25
0.310337 0.241382 0.448281
0.0669892 0.502394 0.430617
0.310313 0.000103399 0.689584
0.58621 0.103444 0.310346
0.0344787 0.344829 0.620692
0.0689582 0.275864 0.655178
0.000103422 0.41375 0.586146
0.535656 0.000100411 0.464243
0.133333 0.133333 0.733333
0.655105 0.000103413 0.344792
0.275857 0.068966 0.655177
0.172417 0.241382 0.586201
0.566666 0.433334 0
0.269231 0.730769 0
0.0333322 0.966668 0
0.399999 0.600001 0
0.482759 0.241379 0.275862
0.200005 0.100003 0.699992
0.0689624 0.655175 0.275863
0.692308 0.307692 0
0.137935 0.31034 0.551725
3.65395e-06 0.0666658 0.933331
0.642859 0.357141 0
0.814817 0.185183 0
0.310343 0.689657 0
0.133323 9.98901e-05 0.866578
9.99209e-05 0.9999 0
0.204547 0.545453 0.25
0.172414 0.172413 0.655173
9.98123e-05 0.466613 0.533287
0.344827 0.172414 0.482759
0.733327 0.266673 0
0.206893 0.379312 0.413795
0.172413 0.344828 0.482759
0.379311 0.103447 0.517242
0.689676 0.0344536 0.27587
0.100263 0.431846 0.467892
0.482749 0.172417 0.344834
0.9999 9.96643e-05 0
9.99567e-05 0.19998 0.79992
0.433334 0.566666 0
0.586213 0.0344727 0.379314
