0.633336 0.366664 0
0.0344824 0.310342 0.655175
0.0344795 0.689658 0.275863
0.533327 0.466673 0
0.172414 0.344828 0.482759
0.448282 0.206887 0.344831
0.310349 0.413785 0.275866
9.99224e-05 0.9999 0
0.233336 0.766664 0
0.310346 0.27586 0.413794
0.2069 0.517233 0.275867
0.48275 0.241385 0.275865
0.0333173 0.0333309 0.933352
0.133335 0.0999982 0.766667
0.620691 0.0689643 0.310345
0.899999 0.100001 0
0.696092 0.0337666 0.270141
0.428523 0.000100798 0.571376
0.0666684 0.933332 0
0.000101682 0.749898 0.25
0.0333274 0.966673 0
0.333333 0.666667 0
0.103449 0.172408 0.724143
1.09385e-05 0.0999972 0.899992
0.000103279 0.206873 0.793024
0.27586 0.72414 0
0.241381 0.310344 0.448275
0.428577 0.321423 0.25
6.89052e-05 0.464301 0.53563
0.551701 0.103453 0.344845
0.0689655 0.62069 0.310345
0.517188 0.000103385 0.482709
0.172413 0.2069 0.620687
0.0689634 0.344828 0.586208
0.206897 0.413793 0.37931
0.275871 0.344819 0.379311
0.13793 0.310345 0.551725
0.206899 0.275856 0.517246
0.8077 0.1923 0
0.517582 0.172074 0.310345
0.566664 0.433336 0
0.103443 0.379312 0.517245
0.241379 0.0344826 0.724139
0.384615 0.615385 0
0.413792 0.172414 0.413794
0.0666641 0.0666641 0.866672
0.241375 0.448278 0.310346
0.680015 0.319985 0
0.137931 0.482759 0.37931
0.310343 0.103448 0.586208
0.586214 0.137922 0.275865
0.142854 0.857146 0
0.482759 0.13793 0.379311
0.413795 0.103448 0.482757
0.730758 0.269242 0
0.0999967 3.15231e-05 0.899972
0.206873 0.000103014 0.793024
0.76667 0.23333 0
9.74527e-05 9.3868e-05 0.999809
0.000103428 0.379271 0.620626
0.379312 0.275858 0.34483
0.9999 9.9958e-05 0
0.068964 0.551725 0.379311
0.749898 0.000102243 0.25
0.6 0.4 0
0.54545 0.20455 0.25
0.482759 0.0689655 0.448276
0.433329 0.566671 0
0.310345 0.206897 0.482758
0.206895 0.103448 0.689656
0.13792 0.551731 0.310349
0.655105 0.000103239 0.344792
0.571381 0.000100594 0.428518
0.000103429 0.275831 0.724065
0.857159 0.142841 0
0.192297 0.807703 0
0.344827 0.0344822 0.620691
0.241378 0.137931 0.620691
0.000103377 0.655105 0.344792
0.137933 0.413783 0.448284
0.0333923 0.501207 0.465401
0.344831 0.137924 0.517245
0.103448 0.275861 0.620691
0.647726 0.102274 0.25
0.310311 0.00010333 0.689586
0.935035 0.033356 0.0322286
0.133333 0.0333329 0.833334
0.0689653 0.241379 0.689656
0.357143 0.392857 0.25
0.25 0.5 0.25
0.0333305 0.133335 0.833335
0.136356 0.613644 0.25
0.275864 0.172407 0.551728
0.48148 0.51852 0
0.000103107 0.586149 0.413748
0.344828 0.344828 0.310345
0.233338 0.233338 0.533325
0.359143 0.245795 0.395063
0.448279 0.0344757 0.517245
0.1 0.9 0
