0.749898 0.000102242 0.25
0.103448 0.413794 0.482758
0.966668 0.0333322 0
0.482708 0.000103419 0.517188
0.448282 0.172402 0.379316
0.689584 0.000103419 0.310313
0.310345 0.275861 0.413794
0.0333338 0.133336 0.83333
0.321428 0.428572 0.25
0.206897 0.448275 0.344828
0.413751 0.000103388 0.586146
0.27586 0.344828 0.379312
0.000102218 0.749898 0.25
0.275833 0.000103289 0.724063
0.0689631 0.24138 0.689657
0.933333 0.0666667 0
0.579543 0.170457 0.25
0.206896 0.275862 0.517242
0.241379 0.137931 0.62069
0.642856 0.357144 0
0.241382 0.206889 0.551729
0.103449 0.344823 0.551728
0.62069 0.103447 0.275862
0.0689583 0.655177 0.275864
0.172416 0.206886 0.620698
0.310387 0.103442 0.586171
0.000103314 0.655105 0.344792
0.1 0.9 0
0.344828 0.172414 0.482759
0.681817 0.0681828 0.25
0.13793 0.137931 0.724138
0.807692 0.192308 0
7.64557e-05 0.0999816 0.899942
0.482758 0.206897 0.310345
0.142856 0.857144 0
0.428575 0.321425 0.25
0.137927 0.448291 0.413782
0.172415 0.551722 0.275863
0.0689616 0.482761 0.448278
0.0666685 0.933331 0
0.379311 0.206896 0.413794
0.333333 0.666667 0
0.344792 0.00010341 0.655104
0.518522 0.481478 0
0.399998 0.600002 0
0.730768 0.269232 0
0.000103429 0.275834 0.724063
0.517242 0.0344821 0.448276
0.172414 0.344828 0.482759
0.0344821 0.413793 0.551725
0.101121 0.53934 0.359539
9.99376e-05 0.466634 0.533266
0.285466 0.393385 0.321149
0.233334 0.766666 0
0.9999 9.98503e-05 0
0.366664 0.633336 0
0.0344828 0.310345 0.655172
0.100002 0.0666679 0.83333
0.199983 9.99437e-05 0.799917
0.0666355 9.59786e-05 0.933268
0.344824 0.310346 0.344829
0.37931 0.344828 0.275862
0.266668 0.733332 0
0.0344827 0.586206 0.379311
0.066663 0.166667 0.76667
0.511366 0.238634 0.25
0.166706 0.0666818 0.766612
0.13332 9.99024e-05 0.86658
0.466685 0.533315 0
0.413779 0.241385 0.344836
0.413793 0.137931 0.448276
0.241382 0.310337 0.448281
0.192306 0.807694 0
0.9 0.0999999 0
0.000103396 0.551667 0.44823
0.448279 0.0689581 0.482762
9.98261e-05 0.199983 0.799917
0.27586 0.0689657 0.655174
0.238638 0.511362 0.25
0.433337 0.566663 0
0.379923 0.0688965 0.55118
0.137931 0.275862 0.586207
0.571374 0.000100809 0.428525
0.566665 0.433335 0
0.6 0.4 0
9.99002e-05 0.9999 0
0.275862 0.241379 0.482759
0.620692 0.0344786 0.344829
0.3 0.7 0
0.206897 0.103448 0.689655
8.74032e-05 9.91445e-05 0.999813
0.551725 0.103447 0.344828
0.689656 0.310344 0
0.766667 0.233333 0
0.03333 0.96667 0
0.857144 0.142856 0
0.000103315 0.379271 0.620626
0.206894 0.379312 0.413795
0.482762 0.103441 0.413796
0.136361 0.613639 0.25
