0.206898 0.24138 0.551722
0.340915 0.409085 0.25
9.99895e-05 0.233323 0.766577
0.137924 0.379314 0.482762
9.41213e-05 9.94216e-05 0.999806
0.206896 0.137931 0.655173
0.379309 0.275863 0.344828
0.275862 0.413793 0.310345
0.551718 0.0689665 0.379316
0.172411 0.413795 0.413795
0.6 0.4 0
0.620693 0.0344784 0.344829
0.749899 0.000101405 0.25
9.9503e-05 0.166654 0.833246
0.433337 0.566663 0
0.310343 0.206895 0.482762
0.470293 0.167964 0.361743
0.272745 0.477255 0.25
0.275861 0.0689656 0.655173
0.344808 0.241386 0.413805
0.103426 0.551738 0.344836
0.0666666 0.933333 0
0.766667 0.233333 0
0.241385 0.379299 0.379315
0.4 0.6 0
0.142854 0.857146 0
0.000100319 0.535653 0.464247
0.586146 0.00010329 0.413751
0.9999 9.99093e-05 0
0.000103155 0.448228 0.551668
0.000102815 0.655104 0.344793
0.613633 0.136367 0.25
0.172412 0.206896 0.620692
0.0333305 0.0999941 0.866675
0.448296 0.275852 0.275852
0.633334 0.366666 0
0.172414 0.310344 0.517242
0.344952 0.103428 0.55162
0.206896 0.517242 0.275862
0.39678 0.1343 0.46892
0.136362 0.613638 0.25
0.0689638 0.413794 0.517242
0.17242 0.482741 0.344839
0.48148 0.51852 0
0.933331 0.0666686 0
0.655175 0.0689629 0.275863
0.000103366 0.344793 0.655103
0.466619 9.99638e-05 0.533281
0.730765 0.269235 0
0.275862 0.275862 0.448276
0.551723 0.137932 0.310345
0.17046 0.57954 0.25
0.103448 0.27586 0.620692
0.899996 0.100004 0
0.344828 0.344828 0.310345
0.0344797 0.586209 0.379311
0.966674 0.0333264 0
0.103446 0.344829 0.551726
0.100001 0.133334 0.766666
0.0344791 0.275862 0.689658
0.857143 0.142857 0
9.43654e-05 0.0666541 0.933252
0.0344781 0.379312 0.58621
0.413795 0.206895 0.37931
0.233334 0.766666 0
0.16665 9.9034e-05 0.833251
0.428571 0.321429 0.25
0.0333325 0.966667 0
0.206895 0.344834 0.448272
0.689585 0.000102826 0.310312
0.517247 0.0344713 0.448282
0.344794 0.00010303 0.655103
0.133331 0.0666648 0.800004
0.275863 0.137928 0.586208
0.200002 0.0333336 0.766665
0.0689638 0.206896 0.72414
0.566667 0.433333 0
0.0344825 0.482756 0.482762
0.310345 0.310345 0.37931
0.448278 0.068961 0.482761
0.100003 0.899997 0
0.533325 0.466675 0
0.379312 0.034478 0.58621
0.27582 0.000102846 0.724077
0.0689658 0.655171 0.275863
0.0999875 6.72134e-05 0.899945
0.48276 0.103445 0.413795
0.68 0.32 0
0.100006 0.466664 0.43333
0.807697 0.192303 0
0.357143 0.642857 0
0.545453 0.204547 0.25
0.000101487 0.749899 0.25
0.192307 0.807693 0
0.310337 0.689663 0
0.269231 0.730769 0
0.482769 0.206892 0.310338
0.172413 0.103447 0.72414
0.137931 0.17241 0.689659
9.90364e-05 0.999901 0
