0.0666665 0.466665 0.466668
0.1 0.9 0
0.0666664 0.166667 0.766667
0.000103325 0.44823 0.551667
0.600001 0.399999 0
0.344828 0.344828 0.310345
0.814813 0.185187 0
0.241377 0.448279 0.310344
0.275862 0.137931 0.586207
0.102269 0.64773 0.250001
0.275866 0.206888 0.517246
0.379312 0.0344798 0.586209
0.000103426 0.379271 0.620625
0.466664 0.100005 0.433332
0.379312 0.13793 0.482758
0.172414 0.379311 0.448276
0.272727 0.477272 0.250001
0.344792 0.000103286 0.655105
0.310345 0.310345 0.37931
0.000100824 0.571375 0.428524
9.97467e-05 0.9999 0
0.749897 0.000102184 0.250001
0.551725 0.103448 0.344828
0.0689656 0.620689 0.310345
0.206897 0.206897 0.586207
0.000101993 0.749897 0.250001
0.448274 0.206897 0.344829
0.0333352 0.0333352 0.93333
0.24138 0.275862 0.482758
0.310344 0.0689652 0.620691
0.266678 0.733322 0
0.000103377 0.310307 0.68959
0.379316 0.206886 0.413799
0.310346 0.241379 0.448275
0.0335393 0.698121 0.26834
0.379314 0.275856 0.34483
0.0344827 0.241379 0.724138
5.6082e-05 0.0999902 0.899954
0.0333252 0.966675 0
0.14285 0.85715 0
0.1 0.1 0.799999
0.769229 0.230771 0
0.170467 0.579532 0.250001
0.613636 0.136363 0.250001
0.172415 0.448273 0.379312
0.137931 0.137931 0.724138
0.357148 0.642852 0
0.620693 0.0344772 0.34483
0.733336 0.266664 0
0.518521 0.481479 0
0.166666 0.0666668 0.766667
0.551719 0.172416 0.275865
0.307691 0.692309 0
0.517248 0.0344696 0.448283
0.392859 0.35714 0.250001
0.310345 0.413793 0.275862
0.19998 9.99154e-05 0.79992
0.0999843 6.20103e-05 0.899954
0.172416 0.275857 0.551728
0.133336 0.0333197 0.833345
0.206897 0.517241 0.275862
0.511341 0.238658 0.250001
0.966668 0.0333322 0
0.655173 0.0689653 0.275862
0.399998 0.600002 0
0.899998 0.100002 0
0.172414 0.172414 0.655173
0.13793 0.241378 0.620691
0.0666677 0.933332 0
0.192308 0.807692 0
0.862069 0.137931 0
0.642857 0.357143 0
0.692308 0.307692 0
0.0689655 0.275862 0.655173
0.9999 9.99429e-05 0
0.233334 0.766666 0
0.000103429 0.517188 0.482709
0.571371 0.000100739 0.428528
0.206896 0.103448 0.689655
0.482754 0.137933 0.379313
0.466668 0.533332 0
0.000103426 0.655105 0.344792
0.241376 0.344825 0.413799
0.103445 0.551726 0.344829
0.933333 0.0666674 0
0.0689644 0.379308 0.551728
9.99403e-05 0.19998 0.79992
0.103434 0.482766 0.413799
0.433332 0.566668 0
0.448278 0.275859 0.275863
0.344852 0.103444 0.551704
0.275833 0.00010331 0.724063
0.0333325 0.13333 0.833338
0.103446 0.310345 0.586209
0.689584 0.00010328 0.310312
9.92586e-05 9.31389e-05 0.999808
0.566667 0.433333 0
0.137916 0.344897 0.517186
0.464235 0.000100372 0.535664
0.275861 0.379311 0.344828
