0.647731 0.102269 0.25
9.91634e-05 0.19998 0.799921
0.233313 9.98918e-05 0.766587
0.620626 0.000103071 0.379271
0.206897 0.206897 0.586207
0.814821 0.185179 0
0.344827 0.103448 0.551724
0.233331 0.766669 0
0.41375 0.00010343 0.586146
0.551733 0.103434 0.344833
0.0689656 0.275862 0.655173
0.269232 0.730768 0
0.100002 0.100002 0.799997
0.607131 0.392869 0
0.733334 0.266666 0
0.464284 0.285716 0.25
0.13793 0.517242 0.344828
0.65517 0.34483 0
0.517253 0.172403 0.310344
0.9999 9.99439e-05 0
0.466672 0.533328 0
0.26667 0.0333332 0.699997
0.0666652 0.0666652 0.86667
0.0666655 0.166666 0.766669
0.241379 0.103448 0.655173
0.413796 0.0689613 0.517243
0.310343 0.172414 0.517243
0.275863 0.379309 0.344828
9.99741e-05 0.299972 0.699928
0.7 0.3 0
9.63236e-05 0.0999879 0.899916
0.275859 0.241379 0.482762
0.344832 0.206895 0.448273
0.275862 0.137931 0.586207
0.379357 0.137921 0.482722
0.102277 0.647723 0.25
0.545449 0.204551 0.25
0.862075 0.137925 0
0.551721 0.0344822 0.413796
0.172415 0.0689631 0.758622
0.56667 0.43333 0
0.379315 0.344825 0.27586
0.241378 0.310348 0.448274
0.137921 0.586214 0.275865
0.192301 0.807699 0
0.137931 0.137931 0.724139
0.0344812 0.482782 0.482737
0.241381 0.448275 0.310344
0.499952 9.92621e-05 0.499949
0.172414 0.172414 0.655172
0.0689641 0.413794 0.517242
0.689583 0.000103435 0.310313
0.103447 0.344829 0.551724
0.0999877 9.66066e-05 0.899916
0.966669 0.0333312 0
0.0333321 0.0333321 0.933336
0.00010337 0.655105 0.344792
0.48276 0.13793 0.379311
0.428569 0.214284 0.357147
0.0666667 0.933333 0
0.137911 0.379399 0.48269
0.103448 0.206895 0.689657
0.466663 0.100001 0.433337
0.206897 0.413793 0.37931
0.0344668 0.689667 0.275867
0.310342 0.068964 0.620694
0.321429 0.428571 0.25
0.769231 0.230769 0
0.137931 0.275862 0.586207
9.98849e-05 0.9999 0
0.0344829 0.379308 0.586209
0.0333336 0.133334 0.833332
0.0333341 0.233345 0.733321
0.399998 0.600002 0
0.749898 0.000102219 0.25
0.51852 0.48148 0
9.78473e-05 9.73244e-05 0.999805
0.000101435 0.357113 0.642785
0.000100539 0.571371 0.428529
0.433334 0.566666 0
0.621379 0.0688401 0.309781
0.214286 0.535714 0.25
0.099995 0.900005 0
0.0333279 0.966672 0
0.310344 0.689656 0
0.900001 0.0999988 0
0.35714 0.321423 0.321437
0.142854 0.857146 0
0.100257 0.467859 0.431884
0.000101979 0.749898 0.25
0.933333 0.0666666 0
0.00010303 0.44823 0.551667
0.16665 9.97857e-05 0.83325
0.201904 0.362772 0.435324
0.344792 0.0001031 0.655105
0.357139 0.642861 0
0.321429 0.285714 0.392857
0.206896 0.275862 0.517242
0.068964 0.586208 0.344828
0.586282 0.137906 0.275812
