0.00010337 0.586146 0.41375
0.433333 0.566667 0
0.566666 0.433334 0
0.379314 0.310343 0.310343
0.0333321 0.0333321 0.933336
0.379792 0.103367 0.516841
0.357143 0.642857 0
0.0999973 0.900003 0
0.766669 0.233331 0
0.96667 0.0333296 0
0.0344811 0.344827 0.620692
0.0344823 0.448276 0.517242
0.379273 0.000103055 0.620623
0.266667 0.733333 0
0.206896 0.413793 0.37931
0.400004 0.599996 0
0.933333 0.0666666 0
0.482761 0.206896 0.310344
0.413788 0.241381 0.34483
0.857146 0.142854 0
0.172413 0.24138 0.586207
0.733334 0.266666 0
0.2 0.0333325 0.766667
0.133337 0.0666677 0.799995
0.413799 0.137924 0.448276
0.034466 0.689667 0.275867
0.586146 0.000103417 0.41375
0.6 0.4 0
0.613645 0.136355 0.25
0.172413 0.103448 0.724138
0.0669861 0.502393 0.430621
0.0689644 0.62069 0.310345
0.000103411 0.655105 0.344792
0.134068 0.396885 0.469047
0.275863 0.103445 0.620692
0.103428 0.551736 0.344835
0.0666665 0.0999983 0.833335
0.30769 0.69231 0
0.285719 0.39285 0.321431
9.99489e-05 0.499973 0.499927
0.103448 0.206897 0.689655
0.655196 0.0689316 0.275872
0.172409 0.551727 0.275864
0.511368 0.238632 0.25
0.24138 0.0689647 0.689655
0.066662 0.933338 0
0.310343 0.0344828 0.655174
0.620694 0.0344755 0.34483
0.172414 0.172414 0.655172
0.230767 0.769233 0
0.55194 0.17233 0.275729
0.25 0.5 0.25
9.79528e-05 0.0999901 0.899912
0.000103352 0.275833 0.724063
0.136367 0.613633 0.25
0.0689647 0.379314 0.551721
0.000102116 0.749898 0.25
0.0999894 9.86657e-05 0.899912
0.344828 0.241378 0.413794
0.275862 0.275862 0.448276
0.0333326 0.2 0.766667
0.241379 0.241379 0.517241
9.95399e-05 0.399967 0.599933
9.97126e-05 0.9999 0
0.9999 9.98286e-05 0
0.0689639 0.275863 0.655174
0.310346 0.413792 0.275862
0.689584 0.000103399 0.310313
0.807695 0.192305 0
0.517242 0.13793 0.344828
0.448281 0.275858 0.275861
8.55183e-05 9.21808e-05 0.999822
0.69231 0.30769 0
0.500002 0.0666675 0.43333
0.275833 0.000103336 0.724063
0.241381 0.172409 0.58621
0.137931 0.862069 0
0.551758 0.0689287 0.379313
0.448277 0.172411 0.379312
0.310349 0.13793 0.551721
0.517187 0.000103371 0.482709
9.97386e-05 0.166651 0.83325
0.0333299 0.96667 0
0.185185 0.814815 0
0.172414 0.482758 0.344828
0.1 0.133332 0.766667
0.464237 0.000100376 0.535662
0.642859 0.357141 0
0.166651 9.9632e-05 0.83325
0.899999 0.100001 0
0.53332 0.46668 0
0.103449 0.310341 0.58621
0.241378 0.344826 0.413795
0.481478 0.518522 0
0.392872 0.357128 0.25
0.34483 0.0689582 0.586212
0.172414 0.310345 0.517241
0.310345 0.310345 0.37931
0.310345 0.206897 0.482759
0.749898 0.000102255 0.25
