0.966666 0.0333336 0
0.692306 0.307694 0
0.206901 0.517231 0.275868
0.0689631 0.517243 0.413794
0.206897 0.241378 0.551725
0.0689095 0.379813 0.551277
0.0333325 0.699996 0.266671
0.1 0.133333 0.766667
0.0666705 0.100006 0.833324
0.620626 0.000103403 0.379271
0.170451 0.579549 0.25
0.1 0.9 0
0.275864 0.172413 0.551722
0.357148 0.642852 0
0.233333 0.766667 0
0.103448 0.448276 0.448276
0.733331 0.266669 0
0.448281 0.137922 0.413797
0.379303 0.275866 0.344832
0.137919 0.482766 0.379316
0.241379 0.275862 0.482759
0.769232 0.230768 0
0.000103326 0.275833 0.724063
7.65481e-05 9.7415e-05 0.999826
0.206897 0.344827 0.448276
0.344828 0.172414 0.482758
0.586207 0.0689651 0.344828
0.5 0.25 0.25
9.73839e-05 0.13332 0.866583
0.133318 9.94348e-05 0.866583
0.0333331 0.966667 0
0.642857 0.357143 0
0.566614 9.99464e-05 0.433286
0.103448 0.241379 0.655173
0.433333 0.566667 0
0.13793 0.310352 0.551718
0.392859 0.357141 0.25
0.000103433 0.344792 0.655105
0.482709 0.000103361 0.517188
0.0689655 0.62069 0.310345
0.481479 0.518521 0
9.99791e-05 0.499949 0.499951
0.142857 0.857143 0
0.48276 0.0689633 0.448277
0.192308 0.807692 0
0.23331 9.99814e-05 0.76659
0.613639 0.136361 0.25
0.428526 0.000100752 0.571373
0.933335 0.0666647 0
0.172411 0.413795 0.413795
0.344828 0.103448 0.551724
0.862072 0.137928 0
0.51724 0.103448 0.379311
9.99255e-05 0.199981 0.799919
0.310345 0.344828 0.344828
0.000103426 0.655105 0.344792
0.4 0.6 0
0.102266 0.647734 0.25
0.310345 0.24138 0.448276
0.899999 0.100001 0
0.379312 0.206894 0.413794
0.517294 0.206874 0.275832
0.0344794 0.586209 0.379312
0.0666585 9.89658e-05 0.933243
0.166668 0.0333337 0.799999
9.98266e-05 0.9999 0
0.000102232 0.749898 0.25
0.172417 0.206883 0.6207
0.310344 0.689656 0
0.000103341 0.413747 0.586149
0.749898 0.000102242 0.25
0.172414 0.103447 0.72414
0.551726 0.137929 0.310346
0.566662 0.433338 0
0.600002 0.399998 0
0.0689625 0.310346 0.620692
0.814815 0.185185 0
0.310311 0.000103341 0.689586
0.9999 9.99586e-05 0
0.275859 0.103449 0.620692
0.448276 0.206896 0.344828
0.533333 0.466667 0
0.269233 0.730767 0
0.689584 0.000103415 0.310313
0.655175 0.0689622 0.275863
0.103446 0.551725 0.344828
0.344828 0.0344814 0.620691
0.310345 0.413792 0.275863
0.285707 0.321426 0.392868
0.241378 0.413794 0.344828
0.0689628 0.206897 0.72414
0.413794 0.103447 0.48276
0.448276 0.275862 0.275862
0.285715 0.464285 0.25
0.233334 0.0666666 0.699999
0.0666644 0.933336 0
0.0332557 0.0666405 0.900104
0.206897 0.13793 0.655173
0.137929 0.379311 0.48276
0.000103424 0.551667 0.44823
