0.620692 0.0344785 0.344829
0.857143 0.142857 0
0.0333292 0.966671 0
0.206887 0.379315 0.413797
0.586215 0.103437 0.310348
0.269244 0.730756 0
0.344828 0.034482 0.62069
0.448336 0.0689575 0.482707
0.100001 0.899999 0
0.433336 0.566664 0
0.966673 0.0333274 0
0.80769 0.19231 0
0.172413 0.310346 0.517241
0.0666668 0.0666668 0.866666
0.428523 0.000100691 0.571376
9.95472e-05 0.166657 0.833244
0.899998 0.100002 0
0.344827 0.310345 0.344828
0.034468 0.586215 0.379317
0.000102092 0.749898 0.25
0.0333354 0.200014 0.76665
0.241381 0.41379 0.344829
0.749898 0.000102137 0.25
0.142856 0.857144 0
0.344827 0.206896 0.448277
0.0689575 0.24138 0.689662
0.0999901 9.74206e-05 0.899912
0.392856 0.357144 0.25
0.357141 0.642859 0
9.96268e-05 0.9999 0
0.44827 0.206899 0.344831
0.103449 0.344832 0.55172
0.0689661 0.620687 0.310347
0.689656 0.310344 0
0.413793 0.172414 0.413793
0.206891 0.103447 0.689662
0.571376 0.000100701 0.428523
0.642858 0.357142 0
0.310313 0.000103042 0.689584
0.0666662 0.933334 0
0.103444 0.482761 0.413795
0.933329 0.0666715 0
0.517243 0.0344798 0.448277
0.47726 0.27274 0.25
0.413795 0.275861 0.310344
0.275862 0.0689654 0.655172
0.517242 0.206898 0.27586
0.137931 0.206897 0.655172
0.579549 0.170451 0.25
0.0333182 0.0333247 0.933357
0.23334 0.0333345 0.733326
0.000100165 0.535673 0.464227
0.285715 0.464285 0.25
0.517243 0.137928 0.344829
0.681006 0.0680991 0.250895
0.766671 0.233329 0
0.600002 0.399998 0
0.133334 0.0333333 0.833333
0.275862 0.344825 0.379314
0.241379 0.172414 0.586207
0.068958 0.448263 0.482779
0.172413 0.24138 0.586208
0.241379 0.241379 0.517241
0.233333 0.766667 0
0.310342 0.689658 0
0.730774 0.269226 0
0.102273 0.647727 0.25
0.000103432 0.482708 0.517188
0.310344 0.275863 0.413794
0.137928 0.413794 0.448277
0.000103076 0.275832 0.724065
0.137927 0.517244 0.344829
0.0689637 0.310346 0.62069
0.13793 0.13793 0.724141
0.206871 0.000103264 0.793026
0.0333556 0.699788 0.266856
0.000103245 0.655105 0.344792
0.241381 0.310342 0.448277
8.8089e-05 9.44962e-05 0.999817
0.19231 0.80769 0
0.206887 0.517252 0.27586
9.74012e-05 0.0999902 0.899912
0.103441 0.103441 0.793118
0.170471 0.579529 0.25
0.310343 0.103447 0.58621
0.172411 0.448278 0.37931
0.000103421 0.344793 0.655104
0.566666 0.433334 0
0.379313 0.241377 0.37931
0.000100802 0.428521 0.571379
0.4 0.6 0
0.999902 9.77032e-05 0
0.482709 0.000103144 0.517188
0.689585 0.000103352 0.310312
0.310345 0.172413 0.517241
0.533333 0.466667 0
0.482761 0.103444 0.413795
0.481483 0.518517 0
0.310345 0.379309 0.310345
0.379322 0.103446 0.517232
