0.13793 0.86207 0
0.206897 0.413792 0.379312
0.62069 0.0689655 0.310345
0.103448 0.310346 0.586206
0.344793 0.000103095 0.655104
0.166679 0.0666716 0.766649
0.6 0.4 0
0.230766 0.769234 0
0.379313 0.0344741 0.586213
0.000100782 0.571373 0.428527
0.655105 0.000103393 0.344792
0.966668 0.0333323 0
0.0333159 0.0333246 0.933359
0.0689652 0.206896 0.724139
0.413792 0.172412 0.413795
0.24138 0.172412 0.586208
0.172413 0.172414 0.655173
0.448277 0.103447 0.448277
0.344829 0.310342 0.344829
0.310345 0.413793 0.275862
0.807693 0.192307 0
0.481484 0.518516 0
0.100001 0.0666675 0.833331
0.000103323 0.655105 0.344792
0.266668 0.733332 0
8.73628e-05 0.0999856 0.899927
0.100266 0.467885 0.431849
0.00010342 0.41375 0.586146
0.137931 0.344827 0.517242
0.25 0.321428 0.428572
0.533333 0.466667 0
0.517241 0.206897 0.275862
0.566665 0.433335 0
0.517239 0.0689655 0.413795
0.357149 0.392851 0.25
0.275862 0.0689638 0.655174
9.74606e-05 0.19998 0.799923
0.551667 0.000103393 0.44823
0.09999 8.29841e-05 0.899927
0.58621 0.0344784 0.379311
0.000102199 0.749898 0.25
0.206895 0.103444 0.689662
0.241375 0.448282 0.310344
0.100001 0.899999 0
0.185183 0.814817 0
0.137924 0.241385 0.620691
0.0333315 0.966669 0
0.0344772 0.517244 0.448279
0.766669 0.233331 0
0.551723 0.103448 0.344828
0.136366 0.613634 0.25
0.689658 0.310342 0
0.233332 0.0333332 0.733334
0.16665 9.9953e-05 0.83325
9.98976e-05 0.9999 0
0.360531 0.134715 0.504754
0.464287 0.285713 0.25
0.275863 0.379309 0.344829
0.068965 0.275862 0.655173
0.0689655 0.586207 0.344828
0.399995 0.600005 0
0.000103234 0.344792 0.655104
0.0333335 0.133335 0.833331
0.0689622 0.379309 0.551729
0.357143 0.642857 0
0.44823 0.000103423 0.551667
0.433336 0.566664 0
0.172413 0.551725 0.275862
0.10345 0.137933 0.758618
0.275862 0.206897 0.517241
0.482759 0.0344825 0.482759
0.103448 0.413794 0.482759
0.642856 0.357144 0
9.82403e-05 8.6232e-05 0.999816
0.647728 0.102272 0.25
0.392855 0.214279 0.392866
0.310361 0.103446 0.586193
0.48276 0.172413 0.344828
0.730768 0.269232 0
0.000103415 0.275833 0.724063
0.275833 0.000103031 0.724064
0.238662 0.511338 0.25
0.933334 0.0666661 0
0.413793 0.0689655 0.517241
0.206897 0.275862 0.517241
0.137932 0.517239 0.344829
0.413793 0.310345 0.275862
0.310344 0.241382 0.448274
0.698831 0.0334629 0.267706
0.579541 0.170459 0.25
0.9 0.0999999 0
0.0689527 0.655181 0.275866
0.749898 0.000102189 0.25
0.413796 0.241375 0.34483
0.9999 9.99131e-05 0
0.0666666 0.933333 0
0.172415 0.379304 0.44828
0.857143 0.142857 0
0.307693 0.692307 0
9.99733e-05 0.466613 0.533287
