0.857146 0.142854 0
0.0344809 0.586208 0.379311
0.206895 0.103448 0.689657
0.900004 0.0999958 0
0.545454 0.204546 0.25
0.647727 0.102273 0.25
0.238635 0.511365 0.25
0.344829 0.655171 0
0.6 0.4 0
0.448282 0.206885 0.344832
0.172414 0.24138 0.586206
0.34483 0.31034 0.34483
0.000102219 0.749898 0.25
0.379311 0.241378 0.379311
0.172414 0.172411 0.655175
9.95554e-05 0.23332 0.76658
0.103448 0.241379 0.655173
0.933333 0.0666668 0
0.000103434 0.344792 0.655105
0.0689655 0.310345 0.620689
0.000100266 0.535661 0.464239
0.448277 0.0344818 0.517241
0.310344 0.275862 0.413794
0.100001 0.899999 0
0.133344 0.133341 0.733314
0.206896 0.413793 0.379311
0.000103283 0.44823 0.551667
0.448281 0.103438 0.448281
0.206896 0.482759 0.310345
0.275863 0.0344794 0.689658
0.068962 0.206887 0.724151
0.0689634 0.620691 0.310345
0.689666 0.310334 0
0.379315 0.0344695 0.586216
0.999901 9.8929e-05 0
5.84592e-05 0.0666611 0.93328
0.766671 0.233329 0
0.27586 0.241381 0.482759
0.100262 0.467871 0.431866
0.000103223 0.655105 0.344792
0.566663 0.433337 0
0.749898 0.000101731 0.25
0.379311 0.137931 0.482759
0.428527 0.000100699 0.571373
0.166651 9.98592e-05 0.833249
0.433334 0.566666 0
0.241378 0.206897 0.551725
0.482758 0.24138 0.275862
0.58621 0.0344775 0.379312
0.0333309 0.266667 0.700003
0.275861 0.448276 0.275862
0.443181 0.306819 0.25
0.344828 0.103447 0.551725
0.344792 0.000103351 0.655105
0.730766 0.269234 0
0.0669864 0.430624 0.50239
0.344828 0.206895 0.448276
0.0999727 6.02192e-05 0.899967
0.689656 0.0344822 0.275862
0.310345 0.172414 0.517241
0.166671 0.0666676 0.766662
0.13793 0.344828 0.517241
0.966672 0.0333282 0
0.241354 0.000103295 0.758543
9.80484e-05 0.999902 0
0.392858 0.607142 0
0.0333228 0.966677 0
0.0666596 0.93334 0
0.642857 0.357143 0
0.206897 0.310345 0.482759
0.136363 0.613637 0.25
0.0344652 0.68967 0.275864
0.192296 0.807704 0
0.518526 0.481474 0
0.241384 0.344827 0.413789
0.142857 0.857143 0
0.413793 0.275862 0.310345
0.482758 0.137931 0.379311
0.466687 0.533313 0
0.172412 0.379311 0.448277
0.17241 0.551733 0.275857
0.0666659 0.133333 0.800001
0.285712 0.714288 0
7.27492e-05 9.81724e-05 0.999829
0.0999998 0.0666666 0.833334
0.586207 0.13793 0.275862
0.413796 0.172408 0.413796
0.35714 0.39286 0.25
0.655104 0.000103422 0.344792
0.275862 0.103449 0.620689
0.551724 0.103448 0.344828
0.0344781 0.379316 0.586206
9.75194e-05 0.166649 0.833254
0.807694 0.192306 0
0.535661 0.000100303 0.464239
0.275844 0.37932 0.344836
0.137936 0.517225 0.344839
0.0333231 0.0999868 0.86669
0.233337 0.766663 0
0.379317 0.344824 0.275859
