0.285709 0.464291 0.25
0.571371 0.000100673 0.428528
0.166667 0.0333334 0.799999
0.586214 0.0689543 0.344832
0.966665 0.033335 0
0.233311 9.99371e-05 0.766589
9.62267e-05 0.133317 0.866586
0.142856 0.857144 0
0.172414 0.206896 0.62069
0.448276 0.275862 0.275863
0.730764 0.269236 0
9.82858e-05 7.77879e-05 0.999824
0.241379 0.103448 0.655173
0.000103335 0.41375 0.586147
0.310354 0.379303 0.310343
0.172412 0.482759 0.344828
0.269232 0.730768 0
0.206895 0.241384 0.551721
0.48148 0.51852 0
0.100005 0.899995 0
0.0689656 0.275862 0.655173
0.344832 0.103436 0.551732
0.647721 0.102279 0.25
0.133334 0.0999977 0.766669
0.102271 0.647729 0.25
0.511363 0.238637 0.25
0.0333336 0.0666672 0.899999
0.689657 0.0344796 0.275863
0.241372 0.413797 0.344831
0.200003 0.0666673 0.733329
0.482759 0.0689645 0.448276
0.172414 0.137931 0.689656
0.428523 0.000100748 0.571376
0.517241 0.103448 0.37931
0.533333 0.466667 0
0.0666683 0.933332 0
0.310344 0.689656 0
0.344827 0.206897 0.448276
0.310343 0.275863 0.413794
0.689651 0.310349 0
0.344792 0.00010326 0.655105
0.0666533 9.19922e-05 0.933255
0.172414 0.344828 0.482759
0.0999988 0.0666655 0.833336
0.0333316 0.966668 0
9.99028e-05 0.19998 0.79992
0.0344802 0.689657 0.275863
0.413834 0.103441 0.482725
0.9999 9.99656e-05 0
0.233331 0.766669 0
0.192305 0.807695 0
0.6 0.4 0
0.266665 0.0333306 0.700004
0.413795 0.17241 0.413795
0.275861 0.137929 0.58621
0.9 0.1 0
0.275862 0.241379 0.482759
0.392855 0.357145 0.25
0.0689536 0.379418 0.551629
0.000103419 0.310312 0.689584
0.37931 0.24138 0.37931
0.807691 0.192309 0
0.13793 0.310345 0.551725
0.170453 0.579547 0.25
0.448276 0.0344818 0.517242
0.517188 0.000103348 0.482709
0.310344 0.172413 0.517242
0.566666 0.433334 0
0.857141 0.142859 0
0.13793 0.448275 0.413795
0.27586 0.344828 0.379311
0.13332 9.36097e-05 0.866586
0.000103413 0.655105 0.344792
0.540542 0.135136 0.324322
0.310345 0.0689647 0.62069
0.933332 0.0666676 0
0.103436 0.586215 0.310349
0.655105 0.000103303 0.344792
0.0333318 0.233339 0.733329
0.100277 0.431767 0.467956
0.642857 0.357143 0
0.0672618 0.538117 0.394621
0.000102253 0.749898 0.25
0.766667 0.233333 0
0.551726 0.172413 0.275861
0.103448 0.206896 0.689656
0.749898 0.00010218 0.25
9.99726e-05 0.49995 0.49995
0.0344823 0.344828 0.62069
0.206895 0.379311 0.413794
0.206893 0.517244 0.275863
0.357143 0.642857 0
0.448275 0.206897 0.344828
0.000103366 0.586146 0.41375
0.344827 0.310345 0.344828
0.4 0.6 0
0.0666655 0.166667 0.766667
9.96502e-05 0.9999 0
0.433331 0.566669 0
0.241378 0.310346 0.448277
