0.206896 0.310347 0.482757
0.310344 0.0344827 0.655173
0.620625 0.000103161 0.379272
0.000103431 0.448229 0.551667
0.344822 0.0689643 0.586214
0.0689653 0.310344 0.620691
0.0344791 0.379307 0.586214
6.80978e-05 0.166655 0.833277
0.0689655 0.413793 0.517241
0.166671 0.0666674 0.766661
0.170459 0.579541 0.25
0.0666666 0.933333 0
0.1 0.0666671 0.833333
0.24138 0.413792 0.344828
0.166685 7.47429e-05 0.833241
0.933333 0.0666665 0
0.233334 0.766666 0
0.413793 0.0689653 0.517241
0.100002 0.899998 0
0.0681792 0.681821 0.25
0.137931 0.241379 0.62069
0.599999 0.400001 0
0.206899 0.517236 0.275865
0.241378 0.206897 0.551725
0.642865 0.357135 0
8.35986e-05 9.90536e-05 0.999817
0.807695 0.192305 0
0.379271 0.000103411 0.620626
0.500001 0.499999 0
0.206896 0.379311 0.413793
0.366658 0.633342 0
0.000103354 0.620625 0.379271
0.310339 0.379321 0.31034
0.517241 0.103448 0.37931
0.444445 0.555555 0
0.511365 0.238635 0.25
0.448274 0.275861 0.275865
0.32 0.68 0
0.103444 0.2069 0.689656
0.133345 0.133345 0.73331
0.379307 0.206898 0.413795
0.579547 0.170453 0.25
0.551726 0.137928 0.310346
0.55556 0.44444 0
0.17241 0.448278 0.379311
0.43237 0.100169 0.46746
0.310356 0.275857 0.413786
0.000103401 0.689584 0.310313
0.000103272 0.241354 0.758543
0.448278 0.17241 0.379312
0.53566 0.000100371 0.46424
0.647727 0.102273 0.25
0.482759 0.0344827 0.482758
0.0689632 0.13793 0.793107
0.392854 0.357146 0.25
0.000103173 0.344792 0.655105
0.689584 0.000103256 0.310313
0.344829 0.17241 0.482761
0.0344828 0.482759 0.482758
0.448229 0.000103414 0.551667
0.275862 0.344827 0.37931
0.0333306 0.26667 0.7
7.48012e-05 0.099989 0.899936
0.275868 0.241377 0.482754
0.0333316 0.966668 0
0.400003 0.599997 0
0.482758 0.206898 0.310345
0.0689653 0.517241 0.413793
0.172397 0.275931 0.551672
0.275833 0.000103377 0.724064
0.285726 0.464274 0.25
0.103448 0.344827 0.551724
0.9999 9.99592e-05 0
0.766665 0.233335 0
0.13793 0.379312 0.482757
0.172414 0.172413 0.655173
0.137925 0.517245 0.34483
0.749898 0.000102135 0.25
0.413794 0.241379 0.344828
0.857143 0.142857 0
0.233327 0.0333267 0.733346
9.99141e-05 0.9999 0
0.000101705 0.749898 0.25
0.142857 0.857143 0
0.733333 0.266667 0
0.0689662 0.586203 0.344831
0.0666616 3.86553e-05 0.9333
0.9 0.0999999 0
0.966667 0.0333333 0
0.192283 0.807717 0
0.586209 0.0689616 0.344829
0.000103342 0.551666 0.448231
0.310389 0.137922 0.551689
0.692306 0.307694 0
0.241379 0.137931 0.62069
0.344828 0.310346 0.344826
0.103444 0.448294 0.448262
0.269236 0.730764 0
0.103448 0.620688 0.275864
0.206898 0.103446 0.689656
