1 0 0 
0.99 0.005 0.005 
0.985858 0.0106066 0.00353553 
0.982679 0.00433013 0.0129904 
0.98 0.0175 0.0025 
0.977639 0.00838525 0.0139754 
0.975505 0.0153093 0.00918559 
0.973542 0.00330719 0.0231503 
0.971716 0.0265165 0.00176777 
0.97 0.013125 0.016875 
0.968377 0.0217407 0.00988212 
0.966834 0.00621867 0.0269476 
0.965359 0.0281458 0.00649519 
0.963944 0.0112673 0.0247882 
0.962583 0.0210468 0.0163698 
0.96127 0.00242061 0.0363092 
0.96 0.03875 0.00125 
0.958769 0.0193271 0.021904 
0.957574 0.030494 0.0119324 
0.956411 0.00953509 0.0340539 
0.955279 0.0377336 0.00698771 
0.954174 0.0157526 0.0300732 
0.953096 0.0278493 0.0190548 
0.952042 0.00449609 0.0434622 
0.95101 0.044397 0.00459279 
0.95 0.0203125 0.0296875 
0.94901 0.0334623 0.0175279 
0.948038 0.00811899 0.0438425 
0.947085 0.0413399 0.0115752 
0.946148 0.0151458 0.0387059 
0.945228 0.0290978 0.0256745 
0.944322 0.00173993 0.0539377 
0.943431 0.0556847 0.000883883 
0.942554 0.0278252 0.0296204 
0.94169 0.0428211 0.0154885 
0.940839 0.0138658 0.045295 
0.94 0.0515625 0.0084375 
0.939172 0.0218599 0.0389677 
0.938356 0.0375644 0.0240797 
0.93755 0.00683047 0.0556195 
0.936754 0.0583045 0.00494106 
0.935969 0.0270132 0.0370181 
0.935193 0.0435425 0.0212649 
0.934426 0.0112706 0.0543038 
0.933668 0.0528587 0.0134738 
0.932918 0.019915 0.0471671 
0.932177 0.0370909 0.0307324 
0.931443 0.00321359 0.065343 
0.930718 0.0660344 0.0032476 
0.93 0.0317187 0.0382812 
0.929289 0.0497184 0.0209922 
0.928586 0.014506 0.0569083 
0.927889 0.0597169 0.0123941 
0.927199 0.0238879 0.0489132 
0.926515 0.0424833 0.0310014 
0.925838 0.00579391 0.0683681 
0.925167 0.0666483 0.00818488 
0.924502 0.0294915 0.0460068 
0.923842 0.0487885 0.0273692 
0.923189 0.0108016 0.0660098 
0.92254 0.0593051 0.0181546 
0.921898 0.020746 0.0573565 
0.92126 0.0406004 0.0381397 
0.920627 0.0012402 0.0781323 
0.92 0.079375 0.000625 
0.919377 0.0396814 0.0409412 
0.91876 0.0602956 0.0209448 
0.918146 0.0198239 0.0620296 
0.917538 0.0715101 0.010952 
0.916934 0.0305009 0.0525654 
0.916334 0.0516376 0.0320284 
0.915739 0.00987439 0.0743871 
0.915147 0.0788866 0.00596621 
0.91456 0.0367125 0.0487275 
0.913977 0.0584689 0.0275543 
0.913397 0.0155614 0.0710411 
0.912822 0.070151 0.0170269 
0.91225 0.0267362 0.0610134 
0.911682 0.0489887 0.0393289 
0.911118 0.00486073 0.0840212 
0.910557 0.0859489 0.00349386 
0.91 0.0414844 0.0485156 
0.909446 0.0643781 0.0261757 
0.908896 0.0192173 0.071887 
0.908348 0.0766149 0.0150366 
0.907805 0.0309719 0.0612235 
0.907264 0.0543376 0.0383986 
0.906726 0.00801572 0.0852581 
0.906192 0.0842809 0.00952741 
0.90566 0.0375885 0.0567513 
0.905132 0.0615162 0.0333521 
0.904606 0.01416 0.0812339 
0.904083 0.0741855 0.0217311 
0.903563 0.0263694 0.0700672 
0.903046 0.0507491 0.0462044 
0.902532 0.0022844 0.0951835 
0.90202 0.0956832 0.0022964 
0.901511 0.046936 0.0515526 
0.901005 0.071926 0.0270689 
0.900501 0.0225427 0.0769561 
0.9 0.0851563 0.0148438 
0.899501 0.0353316 0.0651672 
0.899005 0.0607548 0.0402402 
0.898511 0.0103075 0.0911814 
0.89802 0.0932165 0.00876394 
0.89753 0.0424288 0.0600407 
0.897044 0.0683694 0.0345869 
0.896559 0.0169708 0.08647 
0.896077 0.0820018 0.0219213 
0.895597 0.030179 0.0742241 
0.895119 0.0565374 0.0483435 
0.894643 0.00411549 0.101241 
0.89417 0.100042 0.00578758 
0.893699 0.0473374 0.0589641 
0.893229 0.0742391 0.0325317 
0.892762 0.0209449 0.0862931 
0.892297 0.0883504 0.0193529 
0.891833 0.0346471 0.0735194 
0.891372 0.0619518 0.046676 
0.890913 0.00767019 0.101417 
0.890455 0.0967073 0.0128372 
0.89 0.0421094 0.0678906 
0.889546 0.0698964 0.0405572 
0.889095 0.0147296 0.0961757 
0.888645 0.0843864 0.0269689 
0.888197 0.0288243 0.0829791 
0.88775 0.0570018 0.0552479 
0.887306 0.000880424 0.111814 
0.886863 0.112695 0.000441942 
0.886422 0.0563454 0.0572327 
0.885982 0.0850678 0.0289498 
0.885545 0.0281667 0.0862885 
0.885109 0.100081 0.0148102 
0.884674 0.0427966 0.072529 
0.884242 0.0718968 0.0438616 
0.88381 0.0140698 0.10212 
0.883381 0.108875 0.00774423 
0.882953 0.0507508 0.0662962 
0.882527 0.0803041 0.0371693 
0.882102 0.0216454 0.0962529 
0.881678 0.0956741 0.0226475 
0.881257 0.0366435 0.0820999 
0.880836 0.0665641 0.0525996 
0.880417 0.00700679 0.112576 
0.88 0.115781 0.00421875 
0.879584 0.0559746 0.0644413 
0.87917 0.0863749 0.0344556 
0.878756 0.0260484 0.0951951 
0.878345 0.102171 0.0194838 
0.877934 0.0414832 0.0805823 
0.877526 0.0722408 0.0502337 
0.877118 0.0110402 0.111842 
0.876712 0.111248 0.0120399 
0.876307 0.0497672 0.073926 
0.875903 0.0809537 0.043143 
0.875501 0.0189666 0.105532 
0.8751 0.0970902 0.0278098 
0.8747 0.0347511 0.0905486 
0.874302 0.0662861 0.059412 
0.873905 0.00344792 0.122647 
0.873509 0.124021 0.00247053 
0.873114 0.0609646 0.0659211 
0.872721 0.0929735 0.0343057 
0.872329 0.0294243 0.0982472 
0.871938 0.109553 0.018509 
0.871548 0.0456608 0.0827915 
0.871159 0.0780092 0.0508318 
0.870772 0.0136296 0.115599 
0.870385 0.118982 0.0106325 
0.87 0.0543359 0.0756641 
0.869616 0.0870925 0.0432916 
0.869233 0.0219648 0.108802 
0.868851 0.103997 0.0271519 
0.868471 0.038534 0.0929954 
0.868091 0.0716225 0.0602866 
0.867712 0.00568423 0.126603 
0.867335 0.125928 0.00673689 
0.866959 0.0597647 0.0732767 
0.866583 0.0932874 0.0401292 
0.866209 0.0266537 0.107137 
0.865836 0.110581 0.0235835 
0.865464 0.0436192 0.0909171 
0.865093 0.0774663 0.057441 
0.864723 0.0100401 0.125237 
0.864353 0.12028 0.0153662 
0.863985 0.0525994 0.0834153 
0.863618 0.0868369 0.049545 
0.863252 0.018696 0.118052 
0.862887 0.104442 0.0326715 
0.862523 0.0359804 0.101497 
0.86216 0.0705356 0.0673049 
0.861797 0.00161956 0.136583 
0.861436 0.13694 0.0016238 
0.861076 0.0678342 0.0710902 
0.860716 0.102831 0.0364532 
0.860358 0.0332742 0.106368 
0.86 0.120859 0.0191406 
0.859643 0.050989 0.0893677 
0.859288 0.0862963 0.0544162 
0.858933 0.0159803 0.125087 
0.858579 0.130925 0.0104961 
0.858226 0.0603649 0.0814096 
0.857873 0.0960466 0.0460801 
0.857522 0.025045 0.117433 
0.857171 0.114374 0.0284541 
0.856822 0.0430653 0.100113 
0.856473 0.079052 0.064475 
0.856125 0.00730615 0.136569 
0.855778 0.138025 0.00619704 
0.855432 0.0660722 0.0784961 
0.855086 0.102459 0.0424552 
0.854742 0.030073 0.115185 
0.854398 0.121146 0.0244566 
0.854055 0.0484584 0.0974868 
0.853713 0.0851438 0.0611436 
0.853371 0.0120281 0.134601 
0.853031 0.131469 0.0155007 
0.852691 0.0581181 0.0891911 
0.852352 0.0951639 0.0524843 
0.852014 0.0213887 0.126598 
0.851676 0.11414 0.034184 
0.851339 0.0400687 0.108592 
0.851003 0.0774084 0.0715882 
0.850668 0.00291664 0.146415 
0.850334 0.145574 0.00409244 
0.85 0.0708984 0.0791016 
0.849667 0.108639 0.0416939 
0.849335 0.0335465 0.117119 
0.849003 0.127993 0.0230034 
0.848673 0.0526099 0.0987175 
0.848342 0.0906391 0.0610185 
0.848013 0.0148425 0.137144 
0.847685 0.138631 0.0136846 
0.847357 0.0626076 0.0900357 
0.847029 0.100984 0.0519861 
0.846703 0.0245515 0.128746 
0.846377 0.120618 0.0330049 
0.846052 0.0438992 0.110049 
0.845728 0.0825599 0.0717126 
0.845404 0.00543502 0.149161 
0.845081 0.145842 0.0090773 
0.844758 0.0685247 0.0867171 
0.844437 0.107558 0.0480059 
0.844115 0.0298373 0.126047 
0.843795 0.127527 0.0286783 
0.843475 0.0495254 0.106999 
0.843156 0.0888373 0.0680065 
0.842838 0.0104366 0.146726 
0.84252 0.13841 0.0190699 
0.842203 0.0597904 0.0980069 
0.841886 0.0994388 0.0586751 
0.84157 0.0204226 0.138007 
0.841255 0.119679 0.0390662 
0.84094 0.0403863 0.118673 
0.840626 0.0803094 0.0790643 
0.840313 0.000623778 0.159063 
0.84 0.159688 0.0003125 
0.839688 0.079843 0.0804692 
0.839376 0.120154 0.0404697 
0.839065 0.0399194 0.121015 
0.838755 0.140775 0.0204706 
0.838445 0.0602676 0.101287 
0.838136 0.100849 0.0610152 
0.837827 0.0199548 0.142218 
0.837519 0.152008 0.0104724 
0.837212 0.0709019 0.0918863 
0.836905 0.111809 0.0512858 
0.836599 0.0303186 0.133083 
0.836293 0.132692 0.0310148 
0.835988 0.0509335 0.113079 
0.835683 0.0921073 0.0722095 
0.835379 0.00996727 0.154654 
0.835076 0.159448 0.005476 
0.834773 0.0771275 0.0880996 
0.834471 0.118651 0.0468785 
0.834169 0.0359517 0.12988 
0.833868 0.13985 0.0262827 
0.833567 0.0568863 0.109547 
0.833267 0.0986723 0.0680611 
0.832967 0.0153331 0.1517 
0.832668 0.151318 0.0160142 
0.832369 0.0677725 0.099858 
0.832071 0.109875 0.0580534 
0.831774 0.0259568 0.142269 
0.831477 0.131329 0.0371936 
0.831181 0.0471507 0.121669 
0.830885 0.0895122 0.0796031 
0.830589 0.00496321 0.164448 
0.830294 0.166723 0.00298311 
0.83 0.0820117 0.0879883 
0.829706 0.124727 0.0455669 
0.829413 0.0396482 0.130939 
0.82912 0.146516 0.0243638 
0.828828 0.0611808 0.109992 
0.828536 0.104151 0.0673131 
0.828244 0.0184503 0.153305 
0.827953 0.158269 0.0137772 
0.827663 0.072368 0.0999689 
0.827373 0.115646 0.0569803 
0.827084 0.0293822 0.143534 
0.826795 0.137685 0.0355206 
0.826506 0.051167 0.122326 
0.826219 0.0946973 0.0790841 
0.825931 0.0078195 0.166249 
0.825644 0.165842 0.00851347 
0.825358 0.0787938 0.0958487 
0.825071 0.122655 0.0522736 
0.824786 0.0352482 0.139966 
0.824501 0.144993 0.0305067 
0.824216 0.0573358 0.118448 
0.823932 0.101446 0.0746226 
0.823648 0.0134331 0.162919 
0.823365 0.156971 0.0196645 
0.823082 0.0687631 0.108155 
0.8228 0.113173 0.0640275 
0.822518 0.0246118 0.152871 
0.822236 0.135753 0.0420106 
0.821955 0.0469454 0.131099 
0.821674 0.0916008 0.0867247 
0.821394 0.00244187 0.176164 
0.821115 0.177139 0.00174693 
0.820835 0.0878327 0.091332 
0.820556 0.13283 0.0466133 
0.820278 0.0431754 0.136547 
0.82 0.155742 0.0242578 
0.819722 0.0658436 0.114434 
0.819445 0.111083 0.0694712 
0.819169 0.020838 0.159993 
0.818892 0.16802 0.0130879 
0.818616 0.077584 0.1038 
0.818341 0.123117 0.0585425 
0.818066 0.0323359 0.149598 
0.817791 0.146265 0.0359435 
0.817517 0.0552438 0.127239 
0.817243 0.101016 0.0817408 
0.81697 0.00965198 0.173378 
0.816697 0.175785 0.00751829 
0.816424 0.0842583 0.0993173 
0.816152 0.130345 0.0535026 
0.81588 0.0384781 0.145641 
0.815609 0.153779 0.0306118 
0.815338 0.0616742 0.122988 
0.815068 0.107998 0.0769348 
0.814797 0.0155541 0.169648 
0.814528 0.166273 0.0191993 
0.814258 0.0736437 0.112098 
0.813989 0.120253 0.0657577 
0.813721 0.027287 0.158992 
0.813452 0.143919 0.042629 
0.813185 0.0507175 0.136098 
0.812917 0.0975608 0.0895221 
0.81265 0.0040251 0.183325 
0.812383 0.182853 0.0047637 
0.812117 0.089171 0.0987119 
0.811851 0.136334 0.0518144 
0.811586 0.0423196 0.146095 
0.81132 0.160304 0.0283756 
0.811056 0.0660567 0.122888 
0.810791 0.113451 0.0757575 
0.810527 0.0188733 0.1706 
0.810263 0.173061 0.0166761 
0.81 0.0783008 0.111699 
0.809737 0.125975 0.0642881 
0.809474 0.030886 0.15964 
0.809212 0.150171 0.0406169 
0.80895 0.0548522 0.136198 
0.808689 0.102755 0.0885562 
0.808428 0.00710913 0.184463 
0.808167 0.180968 0.0108656 
0.807906 0.0851666 0.106927 
0.807646 0.13337 0.0589835 
0.807386 0.0372436 0.15537 
0.807127 0.157839 0.0350336 
0.806868 0.0614854 0.131647 
0.806609 0.109915 0.0834753 
0.806351 0.0132377 0.180411 
0.806093 0.170805 0.0231022 
0.805835 0.0739495 0.120215 
0.805578 0.122653 0.0717691 
0.805321 0.0254756 0.169204 
0.805064 0.147344 0.0475918 
0.804808 0.0499418 0.14525 
0.804552 0.0988693 0.0965789 
0.804296 0.0011467 0.194557 
0.804041 0.194811 0.0011482 
0.803786 0.0969574 0.0992568 
0.803531 0.1462 0.0502684 
0.803277 0.0480281 0.148695 
0.803023 0.171201 0.0257763 
0.802769 0.0728059 0.124425 
0.802516 0.12227 0.0752137 
0.802263 0.0235585 0.174179 
0.80201 0.184455 0.0135345 
0.801758 0.0855694 0.112673 
0.801506 0.135302 0.0631925 
0.801254 0.0361004 0.162646 
0.801003 0.160519 0.038478 
0.800751 0.0610977 0.138151 
0.800501 0.111049 0.0884499 
0.80025 0.011314 0.188436 
0.8 0.192578 0.00742188 
0.79975 0.0926938 0.107556 
0.799501 0.142934 0.0575653 
0.799251 0.0427375 0.158011 
0.799002 0.168414 0.0325836 
0.798754 0.0679992 0.133247 
0.798506 0.118457 0.0830377 
0.798258 0.0177313 0.184011 
0.79801 0.18187 0.0201201 
0.797763 0.080974 0.121263 
0.797515 0.131694 0.0707905 
0.797269 0.0304889 0.172242 
0.797022 0.157387 0.0455907 
0.796776 0.055966 0.147258 
0.79653 0.106901 0.0965687 
0.796285 0.00517246 0.198543 
0.796039 0.199579 0.00438197 
0.795794 0.0977157 0.10649 
0.79555 0.148945 0.0555051 
0.795305 0.046776 0.157919 
0.795061 0.174919 0.0300204 
0.794817 0.0725353 0.132648 
0.794574 0.123978 0.0814484 
0.79433 0.02129 0.18438 
0.794087 0.188619 0.0172934 
0.793845 0.0857638 0.120391 
0.793602 0.137464 0.0689336 
0.79336 0.0343054 0.172334 
0.793118 0.163647 0.043235 
0.792877 0.0602761 0.146847 
0.792636 0.112187 0.095177 
0.792395 0.00851507 0.19909 
0.792154 0.196885 0.0109606 
0.791913 0.0930699 0.115017 
0.791673 0.145259 0.0630676 
0.791433 0.041143 0.167424 
0.791194 0.171694 0.037112 
0.790955 0.0673682 0.141677 
0.790716 0.119766 0.0895182 
0.790477 0.0151413 0.194382 
0.790238 0.18559 0.0241718 
0.79 0.0808008 0.129199 
0.789762 0.133452 0.0767861 
0.789524 0.0283649 0.182111 
0.789287 0.160093 0.0506205 
0.78905 0.0547976 0.156153 
0.788813 0.107656 0.103531 
0.788576 0.00206469 0.209359 
0.78834 0.208766 0.00289379 
0.788104 0.103051 0.108845 
0.787868 0.156199 0.0559333 
0.787632 0.0501884 0.162179 
0.787397 0.183121 0.029482 
0.787162 0.0769043 0.135934 
0.786927 0.130257 0.0828154 
0.786693 0.0237471 0.18956 
0.786458 0.197276 0.0162659 
0.786224 0.0906041 0.123171 
0.785991 0.144206 0.0698038 
0.785757 0.0372414 0.177001 
0.785524 0.17133 0.0431466 
0.785291 0.0641611 0.150548 
0.785058 0.117966 0.0969757 
0.784826 0.0105066 0.204668 
0.784593 0.20573 0.00967647 
0.784361 0.0981324 0.117506 
0.78413 0.152205 0.0636649 
0.783898 0.0443178 0.171784 
0.783667 0.179573 0.0367597 
0.783436 0.0714831 0.145081 
0.783205 0.125758 0.0910369 
0.782975 0.017379 0.199646 
0.782744 0.193918 0.023338 
0.782514 0.0853801 0.132106 
0.782285 0.139899 0.0778163 
0.782055 0.0310742 0.186871 
0.781826 0.167466 0.0507085 
0.781597 0.0584399 0.159963 
0.781368 0.113159 0.105473 
0.781139 0.00384716 0.215014 
0.780911 0.21267 0.00641862 
0.780683 0.103233 0.116084 
0.780455 0.158227 0.0613182 
0.780227 0.0485045 0.171268 
0.78 0.186055 0.0339453 
0.779773 0.0761332 0.144094 
0.779546 0.131325 0.0891289 
0.779319 0.0211198 0.199561 
0.779093 0.200629 0.0202786 
0.778867 0.0902674 0.130866 
0.778641 0.145699 0.07566 
0.778415 0.0350555 0.18653 
0.778189 0.173723 0.0480879 
0.777964 0.0628813 0.159155 
0.777739 0.11851 0.103751 
0.777514 0.00738723 0.215099 
0.777289 0.209226 0.0134844 
0.777065 0.0979695 0.124965 
0.776841 0.153858 0.0693014 
0.776617 0.0423206 0.181062 
0.776393 0.182117 0.0414895 
0.77617 0.0703841 0.153446 
0.775946 0.126468 0.0975858 
0.775723 0.0144553 0.209821 
0.775501 0.196875 0.027624 
0.775278 0.0847097 0.140012 
0.775056 0.14103 0.0839148 
0.774833 0.0285856 0.196581 
0.774611 0.169482 0.0559069 
0.77439 0.0568432 0.168767 
0.774168 0.113357 0.112475 
0.773947 0.00044151 0.225612 
0.773726 0.226053 0.000220971 
0.773505 0.113026 0.113469 
0.773284 0.169815 0.0569003 
0.773064 0.0565124 0.170424 
0.772844 0.19854 0.0286164 
0.772624 0.0850441 0.142332 
0.772404 0.142025 0.0855708 
0.772184 0.0282545 0.199561 
0.771965 0.21356 0.0144749 
0.771746 0.0996383 0.128616 
0.771527 0.156852 0.071621 
0.771308 0.0426564 0.186036 
0.77109 0.185766 0.0431443 
0.770871 0.071379 0.15775 
0.770653 0.128784 0.100563 
0.770435 0.0141236 0.215441 
0.770217 0.222377 0.0074051 
0.77 0.107588 0.122412 
0.769783 0.165244 0.0649734 
0.769566 0.0501825 0.180252 
0.769349 0.194387 0.0362645 
0.769132 0.0791354 0.151733 
0.768916 0.136981 0.0941037 
0.768699 0.0214586 0.209842 
0.768483 0.209586 0.0219308 
0.768267 0.0939151 0.137818 
0.768052 0.15199 0.0799587 
0.767836 0.0360489 0.196115 
0.767621 0.181319 0.0510598 
0.767406 0.0651899 0.167404 
0.767191 0.123452 0.109357 
0.766976 0.00705443 0.225969 
0.766762 0.229366 0.00387212 
0.766548 0.112851 0.120602 
0.766334 0.171371 0.0622958 
0.76612 0.0545873 0.179293 
0.765906 0.200946 0.0331481 
0.765693 0.0839754 0.150332 
0.765479 0.142682 0.0918387 
0.765266 0.0254448 0.209289 
0.765053 0.216362 0.0185847 
0.76484 0.0989783 0.136181 
0.764628 0.157911 0.0774613 
0.764416 0.040261 0.195323 
0.764203 0.18767 0.0481264 
0.763992 0.0698345 0.166174 
0.76378 0.128952 0.107268 
0.763568 0.0108519 0.22558 
0.763357 0.225319 0.0113237 
0.763146 0.107093 0.129761 
0.762935 0.166455 0.0706103 
0.762724 0.047965 0.189311 
0.762513 0.196437 0.04105 
0.762303 0.0777623 0.159935 
0.762092 0.137308 0.1006 
0.761882 0.0183704 0.219747 
0.761672 0.212028 0.0262998 
0.761463 0.0929457 0.145592 
0.761253 0.152714 0.0860328 
0.761044 0.0333698 0.205586 
0.760835 0.182877 0.0562879 
0.760626 0.06335 0.176024 
0.760417 0.123301 0.116282 
0.760208 0.00351257 0.236279 
0.76 0.237891 0.00210938 
0.759792 0.117993 0.122215 
0.759584 0.178199 0.0622171 
0.759376 0.0580412 0.182583 
0.759168 0.208611 0.0322207 
0.758961 0.0882713 0.152768 
0.758753 0.148659 0.0925879 
0.758546 0.0280596 0.213394 
0.758339 0.224433 0.0172278 
0.758132 0.103691 0.138176 
0.757926 0.164299 0.0777758 
0.757719 0.0432982 0.198983 
0.757513 0.19489 0.0475976 
0.757307 0.0737086 0.168985 
0.757101 0.134496 0.108403 
0.756895 0.0130574 0.230048 
0.756689 0.233569 0.00974192 
0.756484 0.112008 0.131508 
0.756279 0.173032 0.0706887 
0.756074 0.051215 0.192711 
0.755869 0.20384 0.0402912 
0.755664 0.081843 0.162493 
0.75546 0.143047 0.101494 
0.755255 0.0207937 0.223951 
0.755051 0.219832 0.0251168 
0.754847 0.0974387 0.147714 
0.754643 0.158859 0.0864979 
0.754439 0.0362106 0.20935 
0.754236 0.189843 0.0559209 
0.754033 0.0670165 0.178951 
0.753829 0.128615 0.117556 
0.753626 0.00553378 0.24084 
0.753423 0.240557 0.00601994 
0.753221 0.117365 0.129415 
0.753018 0.179207 0.0677753 
0.752816 0.0557613 0.191423 
0.752614 0.210423 0.036963 
0.752412 0.086801 0.160787 
0.75221 0.148819 0.0989709 
0.752008 0.0249445 0.223047 
0.751807 0.226622 0.0215715 
0.751605 0.102608 0.145786 
0.751404 0.164841 0.0837555 
0.751203 0.0405753 0.208222 
0.751002 0.196232 0.0527662 
0.750801 0.0717906 0.177408 
0.750601 0.134198 0.115201 
0.7504 0.00950624 0.240093 
0.7502 0.235895 0.0139049 
0.75 0.111084 0.138916 
0.7498 0.173723 0.0764771 
0.7496 0.0486617 0.201738 
0.749401 0.205325 0.0452743 
0.749201 0.080089 0.17071 
0.749002 0.142902 0.108096 
0.748803 0.017417 0.23378 
0.748604 0.22169 0.029706 
0.748405 0.096068 0.155527 
0.748206 0.159092 0.0927013 
0.748008 0.0332216 0.21877 
0.74781 0.190867 0.0613236 
0.747611 0.0648225 0.187566 
0.747413 0.12802 0.124567 
0.747216 0.00172802 0.251056 
0.747018 0.251747 0.00123526 
0.74682 0.125354 0.127826 
0.746623 0.188796 0.0645815 
0.746426 0.0621555 0.191419 
0.746228 0.220811 0.0329606 
0.746031 0.0939981 0.15997 
0.745835 0.157612 0.096553 
0.745638 0.0305532 0.223809 
0.745442 0.237406 0.0171529 
0.745245 0.110211 0.144543 
0.745049 0.174034 0.0809171 
0.744853 0.0465942 0.208553 
0.744657 0.206219 0.0491236 
0.744461 0.0786081 0.176931 
0.744266 0.142602 0.113132 
0.74407 0.0147459 0.241184 
0.743875 0.24687 0.00925452 
0.74368 0.118898 0.137422 
0.743485 0.183118 0.0733974 
0.74329 0.0549018 0.201808 
0.743095 0.215509 0.0413958 
0.742901 0.0871225 0.169977 
0.742706 0.151512 0.105782 
0.742512 0.0228822 0.234606 
0.742318 0.232266 0.0254159 
0.742124 0.103503 0.154373 
0.74193 0.168098 0.0899716 
0.741737 0.0390926 0.219171 
0.741543 0.200658 0.0577995 
0.74135 0.0714825 0.187168 
0.741156 0.136247 0.122597 
0.740963 0.00683007 0.252207 
0.74077 0.253913 0.00531623 
0.740578 0.124391 0.135031 
0.740385 0.189387 0.0702279 
0.740192 0.0596238 0.200184 
0.74 0.222168 0.037832 
0.739808 0.0922361 0.167956 
0.739616 0.1574 0.102984 
0.739424 0.0272282 0.233348 
0.739232 0.239122 0.0216458 
0.73904 0.108818 0.152142 
0.738849 0.174186 0.0869654 
0.738657 0.0436422 0.2177 
0.738466 0.207133 0.0544011 
0.738275 0.0764217 0.185303 
0.738084 0.141956 0.11996 
0.737893 0.0110064 0.2511 
0.737702 0.248722 0.0135759 
0.737512 0.117658 0.14483 
0.737321 0.183413 0.0792653 
0.737131 0.0521117 0.210757 
0.736941 0.216561 0.0464977 
0.736751 0.0850932 0.178156 
0.736561 0.151014 0.112425 
0.736371 0.0193087 0.24432 
0.736182 0.233675 0.0301433 
0.735992 0.101839 0.162169 
0.735803 0.167961 0.0962358 
0.735614 0.0358883 0.228498 
0.735425 0.201273 0.0633017 
0.735236 0.0690352 0.195729 
0.735047 0.135323 0.12963 
0.734859 0.0028482 0.262293 
0.73467 0.261962 0.00336845 
0.734482 0.129388 0.13613 
0.734293 0.195907 0.0697999 
0.734105 0.0630981 0.202797 
0.733917 0.229444 0.0366383 
0.733729 0.0964711 0.169799 
0.733542 0.163154 0.103305 
0.733354 0.0299456 0.2367 
0.733167 0.246769 0.0200646 
0.732979 0.113432 0.153589 
0.732792 0.180313 0.0868947 
0.732605 0.0467419 0.220653 
0.732418 0.214013 0.0535686 
0.732231 0.0802783 0.18749 
0.732045 0.147323 0.120632 
0.731858 0.0133547 0.254787 
0.731672 0.256536 0.0117918 
0.731486 0.122457 0.146057 
0.731299 0.189717 0.0789833 
0.731113 0.0554053 0.213481 
0.730928 0.223614 0.0454585 
0.730742 0.0891392 0.180119 
0.730556 0.156562 0.112882 
0.730371 0.0218547 0.247775 
0.730185 0.241094 0.0287205 
0.73 0.10626 0.16374 
0.729815 0.173879 0.0963062 
0.72963 0.0388129 0.231557 
0.729445 0.207936 0.0626187 
0.72926 0.0727084 0.198031 
0.729076 0.140489 0.130435 
0.728891 0.00503034 0.266078 
0.728707 0.26361 0.00768311 
0.728523 0.12805 0.143427 
0.728338 0.196053 0.0756089 
0.728154 0.0602626 0.211583 
0.727971 0.230322 0.0417076 
0.727787 0.0943708 0.177842 
0.727603 0.162534 0.109863 
0.72742 0.026353 0.246227 
0.727236 0.247991 0.0247725 
0.727053 0.111684 0.161263 
0.72687 0.180042 0.0930883 
0.726687 0.0435059 0.229807 
0.726504 0.21447 0.059026 
0.726321 0.0777739 0.195905 
0.726139 0.146291 0.12757 
0.725956 0.00936673 0.264677 
0.725774 0.25789 0.0163357 
0.725592 0.120858 0.153551 
0.725409 0.189586 0.0850051 
0.725227 0.0523249 0.222448 
0.725045 0.224206 0.0507484 
0.724864 0.0867862 0.18835 
0.724682 0.155673 0.119645 
0.7245 0.0180258 0.257474 
0.724319 0.242029 0.0336525 
0.724138 0.104257 0.171606 
0.723957 0.173336 0.102708 
0.723775 0.0353373 0.240887 
0.723595 0.208114 0.0682916 
0.723414 0.0699569 0.206629 
0.723233 0.139194 0.137573 
0.723052 0.00081137 0.276136 
0.722872 0.276316 0.000811899 
0.722692 0.137842 0.139467 
0.722511 0.207304 0.0701851 
0.722331 0.0686037 0.209065 
0.722151 0.242304 0.0355451 
0.721971 0.103446 0.174583 
0.721791 0.173065 0.105143 
0.721612 0.0339829 0.244405 
0.721432 0.260341 0.0182266 
0.721253 0.121135 0.157612 
0.721073 0.190945 0.0879817 
0.720894 0.0515146 0.227591 
0.720715 0.226101 0.0531841 
0.720536 0.0865137 0.19295 
0.720357 0.15648 0.123163 
0.720179 0.016669 0.263152 
0.72 0.27043 0.00957031 
0.719821 0.130513 0.149666 
0.719643 0.200685 0.0796717 
0.719465 0.0605452 0.21999 
0.719287 0.23603 0.0446839 
0.719109 0.0957335 0.185158 
0.718931 0.166062 0.115008 
0.718753 0.025543 0.255704 
0.718575 0.254217 0.0272081 
0.718397 0.113576 0.168027 
0.71822 0.184093 0.0976874 
0.718043 0.0432298 0.238728 
0.717865 0.219591 0.0625435 
0.717688 0.0785731 0.203739 
0.717511 0.149245 0.133244 
0.717334 0.00800519 0.274661 
0.717157 0.277595 0.00524806 
0.716981 0.136258 0.146761 
0.716804 0.207142 0.0760536 
0.716627 0.0655852 0.217787 
0.716451 0.242844 0.0407048 
0.716275 0.101133 0.182593 
0.716099 0.172171 0.111731 
0.715923 0.0302387 0.253839 
0.715747 0.261213 0.0230401 
0.715571 0.11916 0.165269 
0.715395 0.190385 0.0942198 
0.715219 0.0481124 0.236668 
0.715044 0.22624 0.0587165 
0.714868 0.0838131 0.201318 
0.714693 0.155191 0.130116 
0.714518 0.0125456 0.272936 
0.714343 0.27143 0.0142271 
0.714168 0.12868 0.157152 
0.713993 0.200261 0.0857462 
0.713818 0.0572922 0.22889 
0.713644 0.2363 0.0500564 
0.713469 0.0931785 0.193352 
0.713295 0.164912 0.121794 
0.71312 0.021572 0.265308 
0.712946 0.254816 0.0322375 
0.712772 0.111357 0.175871 
0.712598 0.183275 0.104127 
0.712424 0.0395979 0.247978 
0.71225 0.219465 0.0682844 
0.712076 0.0756362 0.212287 
0.711903 0.147706 0.140391 
0.711729 0.00365969 0.284611 
0.711556 0.285346 0.00309852 
0.711383 0.141208 0.147409 
0.711209 0.213491 0.0752999 
0.711036 0.0691368 0.219827 
0.710863 0.249889 0.039248 
0.71069 0.105383 0.183926 
0.710518 0.177817 0.111666 
0.710345 0.0330953 0.25656 
0.710172 0.2686 0.0212276 
0.71 0.12376 0.16624 
0.709828 0.196376 0.0937959 
0.709655 0.0513207 0.239024 
0.709483 0.232924 0.0575927 
0.709311 0.0877176 0.202971 
0.709139 0.160485 0.130376 
0.708967 0.0150632 0.275969 
0.708796 0.278976 0.0122283 
0.708624 0.133453 0.157924 
0.708452 0.206418 0.0851296 
0.708281 0.0606798 0.231039 
0.70811 0.243147 0.0487434 
0.707938 0.0972588 0.194803 
0.707767 0.170374 0.121859 
0.707596 0.0242718 0.268132 
0.707425 0.262003 0.0305718 
0.707254 0.115783 0.176962 
0.707084 0.18908 0.103837 
0.706913 0.0426465 0.250441 
0.706742 0.225957 0.0673003 
0.706572 0.0793746 0.214053 
0.706402 0.15282 0.140778 
0.706231 0.00602455 0.287744 
0.706061 0.286188 0.00775034 
0.705891 0.1393 0.154809 
0.705721 0.21295 0.081329 
0.705551 0.0658484 0.2286 
0.705382 0.250023 0.0445956 
0.705212 0.102773 0.192015 
0.705042 0.176571 0.118386 
0.704873 0.0291092 0.266018 
0.704704 0.269054 0.0262422 
0.704534 0.121476 0.17399 
0.704365 0.195454 0.100181 
0.704196 0.0476637 0.24814 
0.704027 0.232674 0.0632989 
0.703858 0.0847359 0.211406 
0.703689 0.158862 0.137449 
0.703521 0.0107126 0.285767 
0.703352 0.279556 0.017092 
0.703184 0.131306 0.16551 
0.703015 0.205627 0.0913576 
0.702847 0.0571672 0.239986 
0.702679 0.243025 0.054296 
0.702511 0.0944181 0.203071 
0.702342 0.168886 0.128772 
0.702175 0.0200683 0.277757 
0.702007 0.262199 0.0357941 
0.701839 0.113266 0.184895 
0.701671 0.187912 0.110417 
0.701504 0.0387695 0.259727 
0.701336 0.225456 0.0732076 
0.701169 0.0761669 0.222664 
0.701002 0.150959 0.148039 
0.700834 0.00146077 0.297705 
0.700667 0.297286 0.00204622 
0.7005 0.147702 0.151797 
0.700334 0.222701 0.0769651 
0.700167 0.0729087 0.226925 
0.7 0.260449 0.0395508 
0.699833 0.110511 0.189656 
0.699667 0.185655 0.114678 
0.6995 0.0355083 0.264991 
0.699334 0.279819 0.020847 
0.699168 0.129558 0.171275 
0.699002 0.204879 0.0961196 
0.698836 0.0544096 0.246755 
0.69867 0.242771 0.0585593 
0.698504 0.0921566 0.20934 
0.698338 0.167623 0.134039 
0.698172 0.016801 0.285027 
0.698007 0.290492 0.0115017 
0.697841 0.139571 0.162587 
0.697676 0.215229 0.0870954 
0.69751 0.0641018 0.238388 
0.697345 0.253296 0.0493588 
0.69718 0.102024 0.200796 
0.697015 0.177826 0.125159 
0.69685 0.026348 0.276802 
0.696685 0.272806 0.0305092 
0.69652 0.121214 0.182266 
0.696355 0.197191 0.106454 
0.696191 0.0453934 0.258416 
0.696026 0.235401 0.0685722 
0.695862 0.0834598 0.220678 
0.695698 0.159581 0.144722 
0.695533 0.00743327 0.297033 
0.695369 0.297789 0.0068423 
0.695205 0.145552 0.159243 
0.695041 0.22187 0.0830894 
0.694877 0.0694274 0.235696 
0.694713 0.260269 0.0450179 
0.69455 0.107683 0.197767 
0.694386 0.184144 0.12147 
0.694222 0.0313542 0.274424 
0.694059 0.279948 0.025993 
0.693895 0.127045 0.179059 
0.693732 0.20368 0.102588 
0.693569 0.0505731 0.255858 
0.693406 0.242221 0.0643728 
0.693243 0.0889716 0.217786 
0.69308 0.165749 0.141171 
0.692917 0.0122953 0.294788 
0.692754 0.290743 0.0165025 
0.692591 0.137193 0.170215 
0.692429 0.214158 0.0934127 
0.692266 0.0604047 0.247329 
0.692104 0.252872 0.0550244 
0.691942 0.0989758 0.209083 
0.691779 0.176083 0.132138 
0.691617 0.0219843 0.286399 
0.691455 0.272689 0.0358563 
0.691293 0.118478 0.190229 
0.691131 0.195758 0.113111 
0.690969 0.0413449 0.267686 
0.690808 0.234612 0.0745806 
0.690646 0.0800575 0.229297 
0.690484 0.157478 0.152038 
0.690323 0.00272177 0.306955 
0.690161 0.3053 0.00453865 
0.69 0.150459 0.159541 
0.689839 0.228078 0.0820837 
0.689678 0.0730349 0.237288 
0.689517 0.267125 0.0433585 
0.689356 0.111941 0.198703 
0.689195 0.189701 0.121105 
0.689034 0.0343156 0.276651 
0.688873 0.287124 0.024003 
0.688712 0.131628 0.179659 
0.688552 0.209558 0.10189 
0.688391 0.0538621 0.257747 
0.688231 0.248745 0.0630236 
0.688071 0.0929087 0.219021 
0.68791 0.170979 0.141111 
0.68775 0.0149416 0.297308 
0.68759 0.298071 0.0143391 
0.68743 0.141939 0.170631 
0.68727 0.220194 0.0925363 
0.68711 0.0638613 0.249028 
0.68695 0.25955 0.0534997 
0.686791 0.103078 0.210132 
0.686631 0.181472 0.131896 
0.686472 0.0248006 0.288728 
0.686312 0.279684 0.0340033 
0.686153 0.122903 0.190944 
0.685994 0.201467 0.112539 
0.685834 0.0444863 0.269679 
0.685675 0.240962 0.0733629 
0.685516 0.0838418 0.230642 
0.685357 0.162545 0.152098 
0.685198 0.0052262 0.309575 
0.68504 0.305425 0.00953493 
0.684881 0.14802 0.167099 
0.684722 0.226914 0.088364 
0.684564 0.0693097 0.246126 
0.684405 0.266591 0.0490035 
0.684247 0.108848 0.206905 
0.684089 0.187881 0.12803 
0.68393 0.0299402 0.286129 
0.683772 0.28689 0.0293375 
0.683614 0.128841 0.187545 
0.683456 0.208041 0.108503 
0.683298 0.0497939 0.266908 
0.68314 0.247856 0.0690036 
0.682983 0.0894707 0.227547 
0.682825 0.168809 0.148366 
0.682667 0.0102265 0.307106 
0.68251 0.297957 0.0195331 
0.682352 0.139281 0.178367 
0.682195 0.218801 0.0990037 
0.682038 0.0599284 0.258034 
0.681881 0.258783 0.0593367 
0.681723 0.0997723 0.218504 
0.681566 0.17943 0.139004 
0.681409 0.020223 0.298368 
0.681252 0.279215 0.0395322 
0.681096 0.119901 0.199004 
0.680939 0.199725 0.119336 
0.680782 0.040214 0.279004 
0.680626 0.239843 0.0795317 
0.680469 0.0801948 0.239336 
0.680313 0.160156 0.159531 
0.680156 0.000312347 0.319531 
0.68 0.319844 0.00015625 
0.679844 0.159922 0.160234 
0.679688 0.240078 0.0802345 
0.679532 0.0799606 0.240508 
0.679376 0.28039 0.0402346 
0.67922 0.120136 0.200644 
0.679064 0.200428 0.120508 
0.678908 0.0399797 0.281112 
0.678752 0.301013 0.0202348 
0.678597 0.140457 0.180946 
0.678441 0.220915 0.100644 
0.678286 0.0601643 0.26155 
0.67813 0.261362 0.0605077 
0.677975 0.100476 0.221549 
0.67782 0.181069 0.141111 
0.677665 0.0199886 0.302347 
0.67751 0.312255 0.0102353 
0.677355 0.151082 0.171563 
0.6772 0.231855 0.0909452 
0.677045 0.0704887 0.252466 
0.67689 0.272466 0.0506437 
0.676735 0.110964 0.2123 
0.676581 0.191872 0.131547 
0.676426 0.030177 0.293397 
0.676272 0.293221 0.0305076 
0.676117 0.131419 0.192463 
0.675963 0.212491 0.111546 
0.675809 0.0504966 0.273695 
0.675655 0.253237 0.0711089 
0.6755 0.0911071 0.233393 
0.675346 0.172314 0.15234 
0.675192 0.00999164 0.314816 
0.675038 0.319725 0.0052362 
0.674885 0.157319 0.167796 
0.674731 0.238711 0.0865584 
0.674577 0.0761121 0.249311 
0.674424 0.279633 0.0459432 
0.67427 0.1169 0.20883 
0.674117 0.198426 0.127457 
0.673963 0.0355011 0.290536 
0.67381 0.300547 0.0256429 
0.673657 0.137517 0.188827 
0.673503 0.219205 0.107291 
0.67335 0.0559834 0.270666 
0.673197 0.260261 0.0665414 
0.673044 0.0969053 0.23005 
0.672891 0.178728 0.148381 
0.672739 0.0151806 0.312081 
0.672586 0.311907 0.0155074 
0.672433 0.148269 0.179298 
0.672281 0.230268 0.0974517 
0.672128 0.0664389 0.261433 
0.671976 0.271485 0.0565394 
0.671823 0.107523 0.220654 
0.671671 0.189655 0.138674 
0.671519 0.0255022 0.302979 
0.671366 0.292529 0.0361048 
0.671214 0.128271 0.200514 
0.671062 0.210565 0.118373 
0.67091 0.0461175 0.282972 
0.670758 0.251915 0.0773268 
0.670607 0.0873343 0.242059 
0.670455 0.169761 0.159784 
0.670303 0.00499053 0.324706 
0.670152 0.32711 0.002738 
0.67 0.162261 0.167739 
0.669849 0.244873 0.0852784 
0.669697 0.079834 0.250469 
0.669546 0.286404 0.0440498 
0.669394 0.121233 0.209373 
0.669243 0.203977 0.126779 
0.669092 0.0386167 0.292291 
0.668941 0.30762 0.0234392 
0.66879 0.142155 0.189055 
0.668639 0.22506 0.106301 
0.668488 0.0594066 0.272105 
0.668338 0.266723 0.0649398 
0.668187 0.100937 0.230876 
0.668036 0.183974 0.14799 
0.667886 0.0180003 0.314114 
0.667735 0.319124 0.0131413 
0.667585 0.15306 0.179355 
0.667434 0.236271 0.0962947 
0.667284 0.0700198 0.262696 
0.667134 0.278093 0.0547734 
0.666983 0.11171 0.221306 
0.666833 0.195052 0.138114 
0.666683 0.0284816 0.304835 
0.666533 0.299436 0.0340305 
0.666383 0.132762 0.200854 
0.666234 0.216264 0.117503 
0.666084 0.0494026 0.284514 
0.665934 0.258216 0.0758499 
0.665785 0.0912239 0.242992 
0.665635 0.174856 0.159509 
0.665485 0.00767685 0.326838 
0.665336 0.326657 0.0080071 
0.665187 0.159396 0.175417 
0.665037 0.243208 0.0917549 
0.664888 0.0757602 0.259352 
0.664739 0.285332 0.049929 
0.66459 0.117754 0.217656 
0.664441 0.201696 0.133863 
0.664292 0.0339314 0.301777 
0.664143 0.30683 0.0290267 
0.663994 0.138963 0.197043 
0.663845 0.223064 0.113091 
0.663697 0.0550106 0.281293 
0.663548 0.265317 0.0711346 
0.663399 0.0971343 0.239466 
0.663251 0.181364 0.155385 
0.663102 0.0129956 0.323902 
0.662954 0.318449 0.0185968 
0.662806 0.149992 0.187202 
0.662657 0.234394 0.102949 
0.662509 0.0657514 0.271739 
0.662361 0.276805 0.0608343 
0.662213 0.108032 0.229754 
0.662065 0.192563 0.145371 
0.661917 0.0236064 0.314476 
0.661769 0.298429 0.0398016 
0.661622 0.12937 0.209008 
0.661474 0.214058 0.124468 
0.661326 0.0448148 0.293859 
0.661179 0.256598 0.0822238 
0.661031 0.0872249 0.251744 
0.660884 0.172042 0.167074 
0.660736 0.00248484 0.336779 
0.660589 0.33792 0.00149155 
0.660441 0.168287 0.171271 
0.660294 0.253286 0.0864193 
0.660147 0.0834697 0.256383 
0.66 0.296006 0.0439941 
0.659853 0.12606 0.214087 
0.659706 0.211188 0.129106 
0.659559 0.041059 0.299382 
0.659412 0.317804 0.0227835 
0.659265 0.147574 0.193161 
0.659119 0.232858 0.108023 
0.658972 0.0624441 0.278584 
0.658826 0.275705 0.0654695 
0.658679 0.105163 0.236158 
0.658533 0.190575 0.150893 
0.658386 0.0198496 0.321764 
0.65824 0.329578 0.0121819 
0.658094 0.158766 0.18314 
0.657947 0.244347 0.0977055 
0.657801 0.0733522 0.268847 
0.657655 0.287349 0.0549958 
0.657509 0.116226 0.226265 
0.657363 0.201935 0.140702 
0.657217 0.0306295 0.312153 
0.657071 0.309272 0.0336566 
0.656926 0.137866 0.205208 
0.65678 0.22373 0.11949 
0.656634 0.052142 0.291224 
0.656489 0.266859 0.0766527 
0.656343 0.0951433 0.248514 
0.656198 0.181134 0.162668 
0.656052 0.00923688 0.334711 
0.655907 0.337204 0.00688858 
0.655762 0.165228 0.179011 
0.655616 0.251393 0.0929903 
0.655471 0.0792349 0.265294 
0.655326 0.294689 0.0499844 
0.655181 0.122404 0.222415 
0.655036 0.208696 0.136267 
0.654891 0.0362297 0.308879 
0.654746 0.316763 0.0284902 
0.654602 0.144197 0.201201 
0.654457 0.230643 0.1149 
0.654312 0.0578959 0.287792 
0.654168 0.274065 0.071767 
0.654023 0.101191 0.244785 
0.653879 0.187764 0.158357 
0.653734 0.0147095 0.331556 
0.65359 0.32865 0.0177603 
0.653446 0.15551 0.191045 
0.653301 0.242249 0.10445 
0.653157 0.0689283 0.277915 
0.653013 0.285824 0.0611632 
0.652869 0.112377 0.234754 
0.652725 0.199242 0.148033 
0.652581 0.0256154 0.321804 
0.652437 0.308021 0.0395421 
0.652293 0.134295 0.213412 
0.652149 0.221313 0.126537 
0.652006 0.0474074 0.300587 
0.651862 0.265013 0.0831247 
0.651719 0.0909817 0.2573 
0.651575 0.178125 0.1703 
0.651431 0.00391459 0.344654 
0.651288 0.344455 0.00425674 
0.651145 0.170169 0.178686 
0.651001 0.257489 0.0915099 
0.650858 0.0830235 0.266118 
0.650715 0.301361 0.0479244 
0.650572 0.12677 0.222658 
0.650429 0.214215 0.135356 
0.650286 0.0394453 0.310269 
0.650143 0.32372 0.0261368 
0.65 0.148853 0.201147 
0.649857 0.236449 0.113694 
0.649714 0.0614026 0.288883 
0.649572 0.280445 0.069983 
0.649429 0.105274 0.245297 
0.649286 0.192995 0.157718 
0.649144 0.0176456 0.333211 
0.649001 0.335745 0.0152534 
0.648859 0.160311 0.19083 
0.648717 0.248197 0.103087 
0.648574 0.0725845 0.278841 
0.648432 0.292344 0.0592241 
0.64829 0.116607 0.235103 
0.648148 0.204617 0.147235 
0.648006 0.0287027 0.323292 
0.647864 0.314825 0.0373113 
0.647722 0.138813 0.213466 
0.64758 0.226974 0.125446 
0.647438 0.0507841 0.301778 
0.647296 0.271244 0.0814594 
0.647154 0.0949306 0.257915 
0.647013 0.183216 0.169772 
0.646871 0.00672462 0.346404 
0.64673 0.343438 0.00983223 
0.646588 0.16687 0.186542 
0.646447 0.255325 0.0982285 
0.646305 0.0785797 0.275115 
0.646164 0.299759 0.0540775 
0.646023 0.12289 0.231088 
0.645881 0.211468 0.14265 
0.64574 0.0344227 0.319837 
0.645599 0.322387 0.0320138 
0.645458 0.145244 0.209297 
0.645317 0.233973 0.12071 
0.645176 0.056654 0.29817 
0.645035 0.278529 0.0764353 
0.644894 0.101087 0.254018 
0.644754 0.189939 0.165308 
0.644613 0.0123205 0.343067 
0.644472 0.334522 0.0210053 
0.644332 0.156821 0.198848 
0.644191 0.245835 0.109974 
0.644051 0.0679571 0.287992 
0.64391 0.29054 0.0655497 
0.64377 0.11254 0.243691 
0.643629 0.201677 0.154694 
0.643489 0.0235005 0.33301 
0.643349 0.313289 0.0433624 
0.643209 0.135016 0.221775 
0.643069 0.224302 0.132629 
0.642929 0.0458544 0.311217 
0.642789 0.26913 0.0880819 
0.642649 0.0905593 0.266792 
0.642509 0.179968 0.177524 
0.642369 0.00122237 0.356409 
0.642229 0.356897 0.000873464 
0.642089 0.178081 0.179829 
0.64195 0.267664 0.0903867 
0.64181 0.088673 0.269517 
0.641671 0.312663 0.045666 
0.641531 0.133551 0.224918 
0.641392 0.223255 0.135354 
0.641252 0.0439676 0.31478 
0.641113 0.335581 0.0233066 
0.640974 0.156198 0.202829 
0.640834 0.24605 0.113116 
0.640695 0.0664925 0.292812 
0.640556 0.291171 0.0682733 
0.640417 0.111492 0.248091 
0.640278 0.201465 0.158257 
0.640139 0.0216128 0.338248 
0.64 0.347871 0.0121289 
0.639861 0.167936 0.192203 
0.639722 0.25807 0.102208 
0.639584 0.0779612 0.282455 
0.639445 0.303338 0.057217 
0.639306 0.123108 0.237586 
0.639168 0.213363 0.147469 
0.639029 0.0329597 0.328011 
0.638891 0.326374 0.0347356 
0.638752 0.145875 0.215373 
0.638614 0.236277 0.125109 
0.638475 0.0556056 0.305919 
0.638337 0.281666 0.0799967 
0.638199 0.100873 0.260928 
0.638061 0.191397 0.170543 
0.637923 0.0104309 0.351646 
0.637785 0.355671 0.00654393 
0.637647 0.17463 0.187723 
0.637509 0.26532 0.0971718 
0.637371 0.0841059 0.278523 
0.637233 0.310867 0.0518998 
0.637095 0.129533 0.233372 
0.636957 0.220343 0.1427 
0.63682 0.0388362 0.324344 
0.636682 0.334047 0.0292712 
0.636544 0.152446 0.21101 
0.636407 0.243401 0.120192 
0.636269 0.0616282 0.302102 
0.636132 0.289069 0.0747991 
0.635995 0.107175 0.25683 
0.635857 0.198252 0.165891 
0.63572 0.0161863 0.348094 
0.635583 0.346446 0.0179718 
0.635445 0.164299 0.200256 
0.635308 0.255533 0.109158 
0.635171 0.0732151 0.291614 
0.635034 0.301346 0.0636195 
0.634897 0.118908 0.246195 
0.63476 0.210262 0.154977 
0.634623 0.027653 0.337724 
0.634487 0.324643 0.0408704 
0.63435 0.141939 0.223711 
0.634213 0.233439 0.132348 
0.634077 0.0505646 0.315359 
0.63394 0.279371 0.086689 
0.633803 0.096377 0.26982 
0.633667 0.187996 0.178337 
0.63353 0.00483139 0.361638 
0.633394 0.362847 0.00375914 
0.633258 0.179611 0.187132 
0.633121 0.271397 0.0954816 
0.632985 0.0879904 0.279025 
0.632849 0.317493 0.0496586 
0.632713 0.133967 0.233321 
0.632577 0.225872 0.141551 
0.63244 0.042176 0.325383 
0.632304 0.340944 0.0267513 
0.632169 0.157155 0.210677 
0.632033 0.249204 0.118763 
0.631897 0.0652449 0.302858 
0.631761 0.295418 0.0728207 
0.631625 0.11134 0.257035 
0.631489 0.203508 0.165002 
0.631354 0.0192603 0.349386 
0.631218 0.353476 0.0153059 
0.631083 0.169147 0.19977 
0.630947 0.261472 0.10758 
0.630812 0.0769743 0.292214 
0.630676 0.30783 0.0614938 
0.630541 0.123213 0.246246 
0.630406 0.215657 0.153937 
0.63027 0.030871 0.338859 
0.630135 0.331397 0.0384674 
0.63 0.146519 0.223481 
0.629865 0.239106 0.131029 
0.62973 0.054058 0.316212 
0.629595 0.285581 0.0848242 
0.62946 0.100415 0.270125 
0.629325 0.19312 0.177555 
0.62919 0.00778556 0.363024 
0.629055 0.361345 0.00959964 
0.62892 0.175937 0.195143 
0.628786 0.268804 0.10241 
0.628651 0.0832271 0.288122 
0.628516 0.315434 0.056049 
0.628382 0.12974 0.241878 
0.628247 0.222725 0.149028 
0.628113 0.0368619 0.335025 
0.627978 0.339143 0.0328789 
0.627844 0.153187 0.218969 
0.62771 0.246315 0.125975 
0.627576 0.0601917 0.312233 
0.627441 0.293063 0.0794962 
0.627307 0.106822 0.265871 
0.627173 0.200067 0.17276 
0.627039 0.0136582 0.359303 
0.626905 0.351781 0.0213145 
0.626771 0.165292 0.207937 
0.626637 0.258692 0.114671 
0.626503 0.0720368 0.30146 
0.626369 0.305582 0.068049 
0.626235 0.118809 0.254956 
0.626102 0.212326 0.161572 
0.625968 0.025386 0.348646 
