0.49605 0.338578 0.165372
0.514756 0.456438 0.0288059
0.672545 0.0467445 0.280711
0.678209 0.176852 0.144938
0.270894 0.510115 0.218991
0.289194 0.438348 0.272458
0.401971 0.444344 0.153686
0.516422 0.272309 0.21127
0.221091 0.445575 0.333333
0.852188 0.147812 1.11022e-16
0.304247 0.560446 0.135307
0.0138222 0.940893 0.0452849
0.717104 0.206155 0.0767405
0.258902 0.741098 0
0.598115 0.0685516 0.333333
0.0665509 0.862792 0.0706573
0.148028 0.518639 0.333333
0.579779 0.420221 1.11022e-16
0.349113 0.606652 0.0442352
0.147872 0.65408 0.198048
0.23281 0.708682 0.0585073
0.435829 0.230838 0.333333
0.47678 0.243589 0.279632
0.554516 0.193324 0.25216
5.55392e-17 1 1.11022e-16
0.388783 0.277884 0.333333
0.245321 0.421345 0.333333
0.944497 0.0555029 1.11022e-16
0.269479 0.397188 0.333333
0.641607 0.153336 0.205057
0.147207 0.852793 1.11022e-16
0.884551 0.0822045 0.0332443
0.568479 0.303527 0.127994
0.832838 9.24636e-17 0.167162
0.665506 0.334494 1.11022e-16
0.0495496 0.617117 0.333333
0.229914 0.600488 0.169598
3.70261e-17 0.666667 0.333333
0.748177 8.30644e-17 0.251823
0.360973 0.394928 0.244099
2.03e-28 6.39451e-18 1
0.552097 0.11457 0.333333
0.596443 0.227826 0.175732
0.123525 0.543142 0.333333
0.773528 0.0466325 0.179839
0.666667 7.40149e-17 0.333333
0.0247508 0.641916 0.333333
0.788294 0.175566 0.0361402
0.812762 0.100827 0.0864112
0.17247 0.494197 0.333333
0.605612 0.122406 0.271982
0.37413 0.528452 0.0974181
0.410449 0.32138 0.268171
0.341493 0.325174 0.333333
0.178436 0.579524 0.24204
0.0334886 0.685037 0.281475
0.336836 0.477667 0.185497
0.640484 0.259265 0.100251
0.607612 0.348291 0.0440975
0.505763 0.160904 0.333333
0.643874 0.022793 0.333333
0.758294 0.241706 1.11022e-16
1 1.11022e-16 1.11022e-16
0.412324 0.254342 0.333333
0.0842182 0.915782 1.11022e-16
0.0988793 0.567787 0.333333
0.109706 0.621485 0.268809
0.0871272 0.798178 0.114695
0.482494 0.184172 0.333333
0.459164 0.207503 0.333333
0.274183 0.637324 0.0884923
0.365108 0.301559 0.333333
0.699777 0.0864576 0.213765
0.414734 0.585266 1.11022e-16
0.072248 0.711631 0.216121
0.209657 0.518252 0.272091
0.156745 0.761757 0.0814978
4.91058e-17 0.884165 0.115835
0.470266 0.415409 0.114324
0.924395 1.02628e-16 0.0756047
0.439092 0.492383 0.0685248
0.31758 0.349087 0.333333
0.074206 0.592461 0.333333
0.689318 0.27944 0.0312427
4.22802e-17 0.761269 0.238731
0.529007 0.13766 0.333333
0.19266 0.679695 0.127644
0.744958 0.127971 0.127071
0.538506 0.379443 0.082051
0.62102 0.0456462 0.333333
0.0133314 0.815358 0.171311
0.856548 0.0330829 0.110369
0.191523 0.79441 0.0140675
0.575115 0.0915512 0.333333
0.434354 0.364806 0.20084
0.478524 0.521476 1.11022e-16
0.112814 0.731484 0.155702
0.196883 0.469784 0.333333
0.293533 0.373134 0.333333
0.326113 0.673887 1.11022e-16
