0.501101 0.165566 0.333333
0.113 0.762849 0.124151
0.35726 0.309406 0.333333
0.573683 0.178947 0.24737
0.595939 0.0707272 0.333333
0.213122 0.453545 0.333333
1 0 0
0.428908 0.374299 0.196793
0.50051 0.33723 0.16226
0.309078 0.357588 0.333333
0.434284 0.492193 0.0735238
0.622224 0.117551 0.260225
0.36216 0.531409 0.106431
0.289808 0.44429 0.265902
0.750481 0 0.249519
0.673189 0.163791 0.16302
0.512813 0.460461 0.0267258
0.677148 0.0442103 0.278641
0.189217 0.477449 0.333333
0.165382 0.501284 0.333333
0.0941198 0.572547 0.333333
0.357732 0.642268 1.11022e-16
0.775514 0.0468543 0.177632
0.150172 0.793021 0.0568071
0.619553 0.047114 0.333333
0.250675 0.532335 0.216991
0.94423 0.0557698 1.11022e-16
0.665565 0.334435 1.11022e-16
0.38135 0.285317 0.333333
0.322995 0.607128 0.0698767
0.125689 0.655401 0.21891
0.666667 0 0.333333
0.574295 0.297868 0.127837
0.323339 0.489579 0.187082
0.850544 0.149456 1.11022e-16
0.712773 0.20449 0.0827367
4.24974e-17 0.765436 0.234564
0.216115 0.501557 0.282327
0.459022 0.29524 0.245738
0.642767 0.251695 0.105539
0.548559 0.118108 0.333333
0.812873 0.10206 0.0850668
0.176543 0.823457 1.11022e-16
0.0712065 0.840191 0.0886023
0.236958 0.429708 0.333333
0.1416 0.525067 0.333333
0.0942305 0.622812 0.282958
0.429369 0.237298 0.333333
0.500179 0.221655 0.278165
0.0470222 0.619644 0.333333
0.0235138 0.643153 0.333333
3.70149e-17 0.666667 0.333333
0.285802 0.569916 0.144281
0.685823 0.278557 0.0356201
0.00741033 0.924398 0.0681913
0.117817 0.54885 0.333333
0.535634 0.259707 0.204658
4.82686e-17 0.869352 0.130648
0.20274 0.722077 0.0751821
0.405448 0.261218 0.333333
0.28938 0.688436 0.0221846
0.387464 0.336519 0.276017
0.884535 0.0835161 0.0319491
0.107689 0.877118 0.0151926
0.0790573 0.727238 0.193705
0.285035 0.381632 0.333333
0.477229 0.189437 0.333333
0.333164 0.333503 0.333333
0.354569 0.40805 0.237381
0.246766 0.753234 1.11022e-16
0 0 1
0.786276 0.177977 0.0357478
0.0275186 0.804535 0.167946
0.643108 0.0235585 0.333333
0.572302 0.0943649 0.333333
0.404849 0.57466 0.0204914
0.453311 0.213356 0.333333
0.24643 0.648835 0.104735
5.55199e-17 1 1.11022e-16
0.834691 0 0.165309
0.609396 0.209613 0.180991
0.0615135 0.938487 1.11022e-16
0.608457 0.347045 0.0444982
0.163799 0.688233 0.147967
0.745444 0.12865 0.125905
0.26099 0.405677 0.333333
0.468766 0.416766 0.114468
0.0705628 0.596104 0.333333
0.70257 0.0890677 0.208362
0.394644 0.451466 0.15389
0.578524 0.421476 0
0.924818 0 0.0751821
0.524864 0.141803 0.333333
0.755742 0.244258 1.11022e-16
0.207136 0.611666 0.181198
0.0339324 0.698042 0.268025
0.85712 0.0343103 0.10857
0.47174 0.52826 1.11022e-16
0.169325 0.575487 0.255187
0.538965 0.379665 0.0813702
