0.149394 0.596724 0.253882
0.072129 0.594538 0.333333
0.31695 0.349717 0.333333
0.3417 0.324966 0.333333
0.0193929 0.825301 0.155307
0.566869 0.0997979 0.333333
0.389504 0.451137 0.159358
0.0928988 0.907101 0
0.10429 0.775455 0.120256
0.532492 0.384213 0.0832945
0.193613 0.473054 0.333333
0.0762187 0.64104 0.282741
0.691603 0.265188 0.0432082
0.917804 1.01897e-16 0.082196
0.803668 0.128864 0.0674676
0.641743 0.0249233 0.333333
0 0.893348 0.106652
0.501531 0.21959 0.27888
0.277205 0.567287 0.155508
0.601489 0.363782 0.0347292
0.938796 0.0403435 0.0208606
0.623944 0.0925333 0.283523
0.504731 0.464307 0.0309629
0.591853 0.0748135 0.333333
0.7704 0.200219 0.0293809
0.355295 0.530134 0.114571
0.898382 0.101618 1.11022e-16
0.565564 0.304459 0.129978
0.466706 0.199961 0.333333
0.516831 0.149836 0.333333
0.662194 0.115878 0.221928
0.853921 9.48043e-17 0.146079
0.458553 0.293984 0.247463
0.491771 0.174896 0.333333
0.190359 0.730887 0.0787536
0 0.779473 0.220527
0.189246 0.537073 0.273682
0.46773 0.53227 1.11022e-16
0.416578 0.250089 0.333333
0.666667 7.40149e-17 0.333333
0.625058 0.29003 0.0849114
0.139377 0.806867 0.0537558
0.15431 0.69568 0.150011
0.664351 0.335649 1.11022e-16
0.0240399 0.642627 0.333333
0.837569 0.162431 1.11022e-16
0.248838 0.519112 0.23205
0.399981 0.570417 0.0296018
0.616813 0.0498533 0.333333
0.840442 0.0646828 0.0948752
0.787554 0.0316477 0.180799
0.144757 0.52191 0.333333
0.0711611 0.741377 0.187461
0.218215 0.448452 0.333333
0 4.83503e-11 1
0.575736 0.168532 0.255731
0.386296 0.336497 0.277207
0.441628 0.225038 0.333333
0.756125 0.0980496 0.145826
0.463191 0.417748 0.119061
0.0683313 0.856224 0.0754451
0.365378 0.634622 1.11022e-16
0.747026 0.252974 1.11022e-16
0.75955 8.4327e-17 0.24045
0.242707 0.423959 0.333333
0.569145 0.430855 1.11022e-16
0.3186 0.487109 0.194291
0.230007 0.769993 1.11022e-16
0.726078 0.177289 0.0966337
0.112143 0.669777 0.21808
0.267514 0.399153 0.333333
0.347365 0.408908 0.243727
0.649572 0.226643 0.123785
0.541851 0.124816 0.333333
0.609428 0.203749 0.186823
0.161464 0.838536 1.11022e-16
0.0227913 0.94077 0.0364391
0.0481253 0.618541 0.333333
0.292176 0.374491 0.333333
0.689749 0.146173 0.164077
1 1.11022e-16 1.11022e-16
0.169073 0.497594 0.333333
0.700101 0.040696 0.259203
0.198309 0.611942 0.189749
0.297691 0.702309 1.11022e-16
0 0.666667 0.333333
0.42883 0.492815 0.0783558
0.120488 0.546178 0.333333
0.0963624 0.570304 0.333333
5.76376e-104 1 1.11022e-16
0.0202865 0.714298 0.265415
0.536545 0.256409 0.207046
0.423754 0.375232 0.201014
0.495568 0.337806 0.166626
0.366555 0.300112 0.333333
0.317405 0.604506 0.0780889
0.267498 0.678039 0.0544638
0.276489 0.448137 0.275374
0.391531 0.275135 0.333333
0.233338 0.646406 0.120256
