0.184097 0.482569 0.333333
0.189922 0.614354 0.195723
0.500314 0.499686 1.11022e-16
0.879091 0.120909 1.11022e-16
0.39291 0.273757 0.333333
0.6215 0.0451668 0.333333
1 1.11022e-16 1.11022e-16
0.010291 0.935147 0.0545619
0.302529 0.621708 0.0757631
0.60931 0.39069 1.11022e-16
0.0229014 0.643765 0.333333
0.728615 0.04909 0.222295
0.530638 0.136029 0.333333
0.0917424 0.574924 0.333333
0.109149 0.647241 0.243609
0.462005 0.204662 0.333333
0.540705 0.436395 0.0228997
0.0687508 0.597916 0.333333
0.610556 0.172483 0.216961
0.422802 0.29428 0.282918
0.452857 0.475863 0.07128
0.572455 0.145987 0.281558
0.324436 0.47556 0.200005
0.0750503 0.72845 0.1965
0.79008 0.140345 0.0695749
3.70333e-17 0.666667 0.333333
0.134922 0.865078 1.11022e-16
0.380918 0.378623 0.240458
0.409689 0.434496 0.155815
0.150603 0.690225 0.159172
0.300196 0.36647 0.333333
0.80768 0.19232 1.11022e-16
0.0239355 0.810943 0.165121
0.920865 1.02237e-16 0.0791349
0.528365 0.267634 0.204
0.711939 0.00579494 0.282267
0.380677 0.589247 0.0300755
4.25112e-17 0.765279 0.234721
0.759603 0.0902229 0.150174
0.687296 0.129742 0.182962
0.666732 0.323796 0.00947199
0.323363 0.343304 0.333333
0.825074 0.058152 0.116774
0.598809 0.0678577 0.333333
0.941729 0.0500881 0.00818242
0.137823 0.528844 0.333333
0.207255 0.459411 0.333333
0.644099 0.0225674 0.333333
0.507801 0.158865 0.333333
0.160935 0.505732 0.333333
0.736703 0.263297 1.11022e-16
0.37625 0.500378 0.123372
0.152163 0.57285 0.274987
1.45754e-29 3.4423e-18 1
0.506882 0.224777 0.268341
0.623274 0.283419 0.0933072
0.539628 0.323625 0.136747
0.576147 0.09052 0.333333
0.416019 0.250647 0.333333
0.666667 7.40149e-17 0.333333
0.577137 0.357092 0.0657715
0.276968 0.389699 0.333333
0.256403 0.47827 0.265327
0.439128 0.227538 0.333333
0.729344 0.171577 0.0990787
0.346116 0.552408 0.101476
0.857416 9.51923e-17 0.142584
0.191629 0.728525 0.079846
0.226497 0.538742 0.234762
0.271895 0.70085 0.0272553
0.587716 0.241109 0.171175
0.11477 0.551896 0.333333
0.437977 0.562023 1.11022e-16
0.860921 0.0844838 0.0545954
0.230542 0.653023 0.116436
0.272072 0.568934 0.158994
0.553454 0.113213 0.333333
0.451128 0.368157 0.180715
0.232196 0.767804 1.11022e-16
0.110928 0.770957 0.118115
0.369768 0.296899 0.333333
0.65134 0.0879698 0.26069
0.466962 0.311674 0.221365
0.316061 0.413331 0.270608
0.230485 0.436182 0.333333
0.073926 0.846639 0.0794354
0.0343832 0.690379 0.275238
0.253719 0.412947 0.333333
0.339318 0.660682 1.11022e-16
0.0458195 0.620847 0.333333
0.161013 0.80386 0.0351267
0.657645 0.205598 0.136757
0.494763 0.401388 0.103849
4.87863e-17 0.878242 0.121758
5.555e-17 1 1.11022e-16
0.34659 0.320077 0.333333
0.793916 0 0.206084
0.700937 0.239065 0.0599979
0.484883 0.181784 0.333333
0.0771398 0.921776 0.00108417
