0.481875 0.518125 2.22045e-16
0.61981 0.290562 0.0896278
0.45253 0.424639 0.122831
0 0 1
0.168394 0.79867 0.0329359
0.543922 0.207243 0.248835
0.724271 0.275729 1.11022e-16
0.371818 0.587972 0.0402099
0.339265 0.414985 0.24575
0.301963 0.61417 0.0838667
0.454978 0.306983 0.238039
0.340176 0.537891 0.121933
0.939236 0.0607641 2.22045e-16
0.589074 0.0775923 0.333333
3.7008e-17 0.666667 0.333333
0.286817 0.379849 0.333333
0.0941711 0.572496 0.333333
0.336169 0.330498 0.333333
4.72295e-17 0.850799 0.149201
0.38583 0.280837 0.333333
0.878268 0 0.121732
0.489473 0.340945 0.169582
0.262342 0.404325 0.333333
0.769777 0.212472 0.0177512
0.117876 0.548791 0.333333
0.195716 0.723514 0.0807708
0.646125 0.216621 0.137253
0.617763 0.167717 0.21452
0.165601 0.501065 0.333333
0.37578 0.461068 0.163153
0.879506 0.0978303 0.0226635
0.0872435 0.674062 0.238694
0.2138 0.452867 0.333333
0.799475 0.133984 0.0665414
0.141719 0.524947 0.333333
0.0620486 0.751165 0.186786
0.699088 0.0873255 0.213586
0.563286 0.103381 0.333333
0.682676 0.144773 0.172551
0.666667 0 0.333333
0.461431 0.205236 0.333333
0.416163 0.503069 0.0807681
0.138323 0.706726 0.154951
0.299021 0.49584 0.20514
0.927055 0.00904037 0.0639045
1 0 2.22045e-16
0.726223 0.175327 0.0984498
0.381906 0.341461 0.276633
0.659868 0.340132 1.11022e-16
0.551375 0.317475 0.131151
0.733629 0 0.266371
0.0696882 0.930312 2.22045e-16
0.568514 0.431486 2.22045e-16
0.311222 0.355445 0.333333
0.238348 0.761652 2.22045e-16
0.524959 0.389173 0.0858683
0.111917 0.771111 0.116972
0.263861 0.566753 0.169386
0.482474 0.245508 0.272018
0.268274 0.453289 0.278436
0.537668 0.128998 0.333333
0.586507 0.132183 0.28131
0.0529382 0.890834 0.0562281
0.614832 0.0518345 0.333333
0.43618 0.230486 0.333333
0.215489 0.524202 0.260309
0.272818 0.693725 0.0334569
5.13713e-17 0.925409 0.0745911
0.0705535 0.596113 0.333333
0.410959 0.255707 0.333333
0.339307 0.660693 1.11022e-16
0.0234725 0.643194 0.333333
0.165432 0.64943 0.185137
0.486856 0.17981 0.333333
0.192417 0.585119 0.222464
0.189728 0.476938 0.333333
0.428958 0.571042 2.22045e-16
0.83536 0.16464 2.22045e-16
5.5512e-17 1 1.11022e-16
0.640708 0.0259584 0.333333
0.360972 0.305694 0.333333
0.237871 0.428795 0.333333
0.596342 0.3648 0.0388575
0.233365 0.642334 0.124302
0.568039 0.251958 0.180003
0.661613 0.0643912 0.273995
0.767104 0.0942823 0.138613
0.122826 0.604156 0.273018
0 0.780515 0.219485
0.688328 0.24957 0.0621023
0.498552 0.459722 0.0417266
0.759503 0.0374529 0.203044
0.512203 0.154464 0.333333
0.0814802 0.828947 0.0895731
0.841434 0.0626034 0.0959631
0.139366 0.860634 2.22045e-16
0.414578 0.384825 0.200598
0.81885 0 0.18115
0.0469762 0.61969 0.333333
0.0167251 0.709995 0.27328
