0.137671 0.448749 0.41358
0.830034 0.169966 0
0.130548 0.324009 0.545443
0.28009 0.117162 0.602748
0.100846 0.531815 0.367339
3.58288e-17 0.645434 0.354566
0.787699 0.212301 0
0.205046 0.285535 0.50942
0.0803782 0.16769 0.751932
0.542314 0.033361 0.424325
0.607043 6.73953e-17 0.392957
0.2458 0.7542 0
0.914877 0.0851235 0
0.745482 0.254518 0
0.218478 0.531522 0.25
0.0823698 0.283738 0.633892
0.280529 6.229e-17 0.719471
0.059507 0.359364 0.581129
0.169613 0.36871 0.461677
0.0275719 0.142107 0.830321
2.88885e-17 0.520409 0.479591
0.466369 0.0801458 0.453485
0.75 8.32667e-17 0.25
0.122787 0.0874864 0.789726
0.369638 0.630362 0
0.150193 0.575335 0.274472
0.163675 0.836325 0
0.502741 0.124102 0.373156
0.505714 0.244286 0.25
0.324083 0.0258932 0.650024
0.212755 0.412685 0.374561
0 0.75 0.25
0.452552 0.547448 0
0.42841 0.163619 0.407971
1.17194e-17 0.211118 0.788882
0.285277 0.375539 0.339185
0.279661 0.24534 0.474999
0.316652 0.1615 0.521848
0.692971 7.69353e-17 0.307029
0.661363 0.338637 0
0.535786 0.464214 0
0.17462 7.75468e-17 0.82538
5.55112e-17 1 0
0.241788 0.0792672 0.678945
0.393086 0.117749 0.489165
4.01343e-17 1.53769e-17 1
0.872392 0.127608 0
0.467053 0.205438 0.327509
0.95743 0.0425701 0
5.61653e-18 0.101178 0.898822
1.76632e-17 0.318192 0.681808
0.1036 2.30039e-17 0.8964
1 0 0
0.411088 0.588912 0
0.065189 0.486514 0.448297
0.494107 0.505893 0
0.0783126 0.0632165 0.858471
0.607293 0.142707 0.25
0.354912 0.204118 0.44097
0.204559 0.795441 0
0.577646 0.422354 0
0.0143305 0.575066 0.410604
0.209303 0.0318475 0.758849
0.0300319 0.689631 0.280337
0.00885791 0.450869 0.540273
0.542788 0.173606 0.283607
0.436348 0.0268424 0.53681
0.0698263 0.60534 0.324834
0.61947 0.38053 0
0.32247 0.42753 0.25
0.393914 0.248014 0.358072
0.0817427 0.918257 0
0.318113 0.288255 0.393631
0.0918595 0.407985 0.500156
0.355726 0.329151 0.315124
0.504521 5.60131e-17 0.495479
0.570428 0.0895627 0.340009
0.16322 0.121296 0.715484
0.118687 0.205604 0.675709
0.438034 0.289733 0.272232
0.240378 0.202451 0.557172
0.393298 4.36648e-17 0.606702
0.104215 0.645785 0.25
0.703376 0.296624 0
0.177116 0.492592 0.330292
0.162203 0.244229 0.593567
0.0304595 0.250305 0.719235
0.391845 0.358155 0.25
0.255903 0.460347 0.28375
0.200258 0.162609 0.637133
2.16336e-17 0.389717 0.610283
0.0408654 0.959135 0
0.0309403 0.0285202 0.94054
0.673785 0.0762154 0.25
0.286897 0.713103 0
0.328166 0.671834 0
0.244684 0.329921 0.425394
0.12263 0.87737 0
0.634689 0.0465083 0.318802
0.355392 0.0778249 0.566783
