4.97401e-18 3.48987e-19 1
0.0276896 0.036146 0.936164
0.0302463 0.609308 0.360445
0.604352 0.0722049 0.323443
0.339463 0.660537 0
0.409424 0.226642 0.363935
1 0 0
4.16334e-17 0.75 0.25
0.355538 0 0.644462
0.960757 0.0392434 0
3.13076e-17 0.563988 0.436012
0.186674 0.0319785 0.781347
0.371513 0.180826 0.447661
0.0328945 0.238873 0.728232
0.210895 0.0847532 0.704352
0.75 0 0.25
0.530596 0.105487 0.363917
0.255646 0.180282 0.564072
0.921517 0.0784828 0
0.488664 0.185213 0.326123
0.492848 0.507152 0
0.153446 0 0.846554
0 0.379288 0.620712
0.149056 0.120208 0.730736
0.222074 0.138892 0.639034
5.54596e-18 0.0999072 0.900093
0.209489 0.265812 0.524699
0.130951 0.308959 0.56009
0.803917 0.196083 0
0.0632167 0.680907 0.255877
0.764696 0.235304 0
0.488257 0.0656254 0.446118
0.335991 0.414009 0.25
1.70383e-17 0.306935 0.693065
0.291009 0.222422 0.486569
0.686581 0.313419 0
0.689177 0.0312761 0.279547
0.326572 0.265405 0.408023
1.1152e-17 0.200897 0.799103
0.725599 0.274401 0
0.196538 0.399182 0.40428
0.254899 0 0.745101
0.309673 0.385188 0.305138
0.263272 0.736728 0
0.0321798 0.125968 0.841852
0.385161 0.0403728 0.574466
0.608799 0.391201 0
0.105745 0.576131 0.318124
0.155161 0.489167 0.355673
0.187644 0.812356 0
0.416114 0.583886 0
2.50704e-17 0.451629 0.548371
0.843082 0.156918 0
0.112376 0.887624 0
0.137275 0.612725 0.25
0.647663 0.352337 0
0.162562 0.355169 0.482268
0.124992 0.192756 0.682252
0.365307 0.305769 0.328924
0.243094 0.309074 0.447832
0.64395 0.10605 0.25
0.231416 0.44246 0.326124
0.0766268 0.525737 0.397637
0.171353 0.224446 0.604201
0.192615 0.538612 0.268773
0.225272 0.774728 0
0.115904 0.444291 0.439805
0.531406 0.468594 0
0.30467 0.0916095 0.60372
0.524711 0.225289 0.25
5.55112e-17 1 0
0.454543 0.545457 0
0.575073 0.0174746 0.407452
0.453713 0.270267 0.27602
0.276994 0.349527 0.373479
0.0771499 0.159348 0.763502
3.71944e-17 0.670035 0.329965
0.573147 0.155391 0.271462
0.091459 0 0.908541
0.570241 0.429759 0
0.523996 0 0.476004
0.411006 0.338994 0.25
0.285907 0.0366833 0.677409
0.10708 0.0754866 0.817433
0.337356 0.134568 0.528076
0.454242 0 0.545758
0.301345 0.698655 0
0.448954 0.143791 0.407255
0.0854142 0.270553 0.644033
0.882285 0.117715 0
0.377593 0.622407 0
0.41446 0.0926699 0.49287
0.0277381 0.491438 0.480824
0.0748069 0.925193 0
0.645759 0 0.354241
0.0579689 0.348526 0.593505
0.0818104 0.400957 0.517233
0.0374061 0.962594 0
0.149945 0.850055 0
0.260937 0.489063 0.25
