0.0782793 0.921721 0
4.16386e-17 0.75 0.25
0.409886 0.0681457 0.521969
0.886418 0.113582 0
0.132884 0.531842 0.335274
0.56181 6.23735e-17 0.43819
0.924328 0.0756725 0
0.145865 0.147284 0.706851
0.466182 0.533818 0
0.292489 0.190165 0.517346
0.178745 0.571255 0.25
0.84852 0.15148 0
0.219192 7.30058e-17 0.780808
0.0896271 0.388661 0.521712
0.66785 0.0211596 0.31099
0.0344998 0.470311 0.495189
0.287004 9.55916e-17 0.712996
1.88855e-17 0.34021 0.65979
0.734512 0.265488 0
0.413608 0.188973 0.39742
0.253695 0.276229 0.470076
0.109711 0.277842 0.612447
0.102502 1.13801e-17 0.897498
0.0914188 0.23402 0.674561
0.53495 0.0672569 0.397793
0.259355 0.143229 0.597417
0.336994 0.0989598 0.564046
0.328766 0.358421 0.312813
0.37168 0.149294 0.479025
0.107305 0.10698 0.785715
0.216058 0.369461 0.414481
0.962176 0.0378236 0
0.176576 0.189579 0.633845
0.374345 0.275781 0.349874
0 0 1
0.0703998 0.072061 0.857539
0.389277 0.610723 0
0.582937 0.0933939 0.323669
0.0205562 0.684799 0.294645
0.175212 0.454847 0.369942
0.0682159 0.185932 0.745852
1.25254e-17 0.225636 0.774364
0.253836 0.4119 0.334264
0.0405776 0.574648 0.384774
0.494341 0.0223231 0.483336
3.00431e-17 0.541208 0.458792
0.696226 0.303774 0
0.454155 0.106525 0.43932
5.55112e-17 1 0
0.448113 9.95011e-17 0.551887
3.55397e-17 0.640226 0.359774
0.218587 0.500129 0.281284
0.0196548 0.277702 0.702643
0.498032 0.147053 0.354914
0.309907 0.0465841 0.643509
0.333163 0.233768 0.433069
0.234235 0.765765 0
0.543131 0.456869 0
0.504641 0.495359 0
0.541633 0.187592 0.270775
0.20918 0.232461 0.558359
0.427696 0.572304 0
0.772574 0.227426 0
0.679992 0.070008 0.25
0.152053 0.0196891 0.828258
0.311845 0.688155 0
0.117374 0.882626 0
0.0998089 0.604199 0.295992
0.810586 0.189414 0
0.658094 0.341906 0
0.180299 0.333009 0.486692
0.379913 8.43575e-17 0.620087
0.350531 0.649469 0
0.273072 0.726928 0
0.0391414 0.960859 0
0.229946 0.0975711 0.672483
0.619883 0.380117 0
0.0447251 0.360833 0.594442
0.130899 0.419465 0.449636
0.419416 0.317877 0.262707
0.195287 0.804713 0
0.144086 0.308392 0.547523
0 0.103288 0.896712
0.188869 0.0670117 0.744119
0.629771 6.99186e-17 0.370229
1 0 0
0.581463 0.418537 0
0.292074 0.319353 0.388573
0.453038 0.227336 0.319626
0.087643 0.497104 0.415253
0.0857504 0.66425 0.25
0.490618 0.259382 0.25
0.0163017 0.155695 0.828003
2.4163e-17 0.435282 0.564718
0.360948 0.389052 0.25
0.0293184 0.0301037 0.940578
0.156338 0.843662 0
0.288074 0.461926 0.25
0.610029 0.139971 0.25
0.75 8.32667e-17 0.25
