0.92087 0.0791295 0
0.75 8.32667e-17 0.25
0.613389 0.0303861 0.356225
0.451225 0.1076 0.441176
0.482153 0.517847 0
0.0776056 0.231776 0.690618
0.473197 5.25354e-17 0.526803
8.74667e-17 2.35556e-17 1
1.76982e-17 0.318823 0.681177
0.000608702 0.0774885 0.921903
0.441947 0.558053 0
0.164172 0.121207 0.714621
0.617694 0.132306 0.25
0 0.146072 0.853928
0.258196 0.261978 0.479826
0.361382 0.638618 0
1 0 0
0.0345823 0.449111 0.516307
0.522409 0.477591 0
0.80195 0.19805 0
0.429855 0.320145 0.25
0.168909 1.87526e-17 0.831091
0.166058 0.559209 0.274732
0.108285 0.311188 0.580527
0.121261 0.628739 0.25
0.881287 0.118713 0
0.134294 0.0759309 0.789775
0.215474 0.348212 0.436314
0.333134 0.350062 0.316803
0.76221 0.23779 0
0.212453 0.026495 0.761052
0.57107 6.34015e-17 0.42893
0.120215 0.879785 0
0.682555 0.317445 0
0.683293 0.0606453 0.256061
5.55112e-17 1 0
0.200475 0.799525 0
0.0618122 0 0.938188
0.0643851 0.108016 0.827599
0.337552 0.224564 0.437884
0.672437 7.46555e-17 0.327563
0.0885271 0.472222 0.43925
3.71378e-17 0.669015 0.330985
7.19324e-32 0.257176 0.742824
0.080562 0.594185 0.325253
0.233474 0.516526 0.25
0.160313 0.839687 0
0.134805 0.25029 0.614904
0.496987 0.0335464 0.469467
0.315545 0.034853 0.649602
1.16048e-31 0.414898 0.585102
0.562552 0.437448 0
0.0526683 0.684829 0.262503
0.295333 0.307788 0.396879
0.13261 0.392052 0.475337
0.364612 0.383642 0.251746
0.298419 0.178168 0.523414
0.602625 0.397375 0
0.17227 0.431147 0.396582
0.180552 0.299136 0.520312
0.412493 0.0496715 0.537836
0.454909 0.227868 0.317223
0.301293 0.448707 0.25
0.960448 0.0395516 0
0.722456 0.277544 0
0.339455 0.0910885 0.569456
0.021807 0.193092 0.785101
0.546075 0.186511 0.267414
0.209008 0.472663 0.318329
0.375997 0.138445 0.485557
0.236802 0.0828866 0.680312
2.87088e-17 0.517171 0.482829
0.414339 0.187314 0.398346
0.0825776 0.373441 0.543981
0.0801106 0.919889 0
0.531815 0.075982 0.392203
4.16334e-17 0.75 0.25
0.384695 4.27097e-17 0.615305
0.496612 0.150927 0.352462
0.841619 0.158381 0
0.321106 0.678894 0
0.64258 0.35742 0
0.581231 0.102985 0.315784
0.0971833 0.0285246 0.874292
0.0415977 0.548403 0.409999
0.401666 0.598334 0
0.126542 0.514561 0.358897
0.0353926 0.341809 0.622798
0.378514 0.272396 0.34909
0.256791 0.39454 0.348669
0.180342 0.173934 0.645725
0.0400412 0.959959 0
0.280556 3.1148e-17 0.719444
3.38967e-17 0.610629 0.389371
0.240663 0.759337 0
0.217939 0.217115 0.564946
0.263513 0.130831 0.605656
0.497167 0.252833 0.25
0.0993295 0.161086 0.739585
0.280898 0.719102 0
