0.0282518 0.611081 0.360667
0.343728 0.136417 0.519855
0.237404 0.762596 0
0.0688053 0.531916 0.399279
0.120304 1.33565e-17 0.879696
0.476407 0.523593 0
0.0188707 0.304478 0.676652
0.151481 0.0598501 0.788669
0.458329 0.264138 0.277533
0.717275 0.282725 0
0.596602 0.403398 0
0.106414 0.137942 0.755645
0.054653 0.684746 0.260601
0.197697 0.802303 0
0.79787 0.20213 0
0.306637 0.0903984 0.602964
0.41351 0.33649 0.25
0.959524 0.0404761 0
0.668977 7.42714e-17 0.331023
0.59205 0.15795 0.25
7.07779e-17 0.253462 0.746538
0.4867 0.0098935 0.503406
0.49127 0.173361 0.335369
4.16334e-17 0.75 0.25
0.273259 3.03379e-17 0.726741
0.524251 0.225749 0.25
0.19494 0.55506 0.25
0.396492 0.603508 0
0.75 8.32667e-17 0.25
0.558437 0.12171 0.319853
0.222615 0.489625 0.28776
0.556482 0.443518 0
0.251726 0.421805 0.326469
0.259793 0.303645 0.436562
0.301059 0.219147 0.479793
0.757573 0.242427 0
1 0 0
0.264081 0.176629 0.55929
0.430601 0.0886008 0.480798
0.339106 0.259 0.401894
7.86696e-18 0.141719 0.858281
0.516413 0.483587 0
0.222118 0.261712 0.516171
0.225273 0.136948 0.637779
0.219314 0.387744 0.392942
0.0789318 0.921068 0
0.0715027 0.217941 0.710557
0.602945 0.0277003 0.369354
0.526176 0.0749802 0.398844
0.384672 0.0604146 0.554914
0.878618 0.121382 0
0.196594 0 0.803406
0.154959 0.43117 0.413871
0.381596 0.174966 0.443438
0.103182 0.263317 0.633502
0.183524 0.220618 0.595858
0.082539 0.462125 0.455336
0.919054 0.0809455 0
0.557181 6.18596e-17 0.442819
0.349941 3.88512e-17 0.650059
0.158061 0.841939 0
0.00206561 0.0779996 0.919935
0.0737284 0.089498 0.836774
0.0117459 0.49405 0.494204
2.06744e-17 0.372437 0.627563
0.144654 0.504655 0.350691
0.377121 0.299048 0.323831
0.0541987 0.0118783 0.933923
0.838206 0.161794 0
6.9571e-17 9.69625e-17 1
3.71461e-17 0.669165 0.330835
0.676977 0.323023 0
0.356687 0.643313 0
5.55112e-17 1 0
0.342627 0.386229 0.271144
0.630866 0.0861548 0.282979
0.06646 0.346027 0.587513
0.418423 0.217169 0.364408
0.14329 0.304476 0.552233
3.13571e-17 0.564879 0.435121
0.190481 0.0887055 0.720813
0.180104 0.346874 0.473022
2.44998e-17 0.441349 0.558651
0.436453 0.563547 0
0.039472 0.960528 0
0.636754 0.363246 0
0.300418 0.342974 0.356607
0.0242494 0.182172 0.793578
0.692293 0.0577071 0.25
0.459415 0.12698 0.413606
0.277096 0.722904 0
0.259273 0.0583769 0.68235
0.295156 0.454844 0.25
0.424064 4.70805e-17 0.575936
0.0996423 0.390681 0.509676
0.316883 0.683117 0
0.102589 0.582068 0.315343
0.124868 0.625132 0.25
0.148269 0.175918 0.675812
0.118459 0.881541 0
