0.0625636 0.151012 0.786424
0.545973 0.454027 0
0.257517 0.123547 0.618935
0 0.179727 0.820273
2.43288e-17 0.438268 0.561732
0.917682 0.0823177 0
0.52835 0.201525 0.270124
0.0423629 0.957637 0
0.0638338 0.402835 0.533331
0.374365 0.116704 0.508931
0.794007 0.205993 0
0.0143336 0.495934 0.489732
0.176811 0.286604 0.536585
0.958853 0.0411474 0
5.55112e-17 1 0
0.711461 0.288539 0
0.305817 0.0393596 0.654823
0.476024 0.182386 0.34159
4.16334e-17 0.75 0.25
1.23208e-17 4.31903e-17 1
0.285357 3.16809e-17 0.714643
5.98352e-18 0.10779 0.89221
0.244356 0.434614 0.32103
0.0863131 0.455083 0.458604
0.670104 0.329896 0
3.48964e-17 0.628638 0.371362
0.0259309 0.0357572 0.938312
0.0979651 1.08763e-17 0.902035
0.138982 0.242082 0.618936
0.752772 0.247228 0
0.445482 0.142014 0.412504
0.168834 0.409819 0.421347
0.75 8.32667e-17 0.25
0.217239 0.204814 0.577948
0.488769 5.42642e-17 0.511231
0.0654373 0.275829 0.658734
0.628772 0.371228 0
0.191408 0 0.808592
0.379389 0.620611 0
0.322452 0.40606 0.271488
0.196034 0.553966 0.25
0.127119 0.872881 0
0.596901 6.62694e-17 0.403099
0.380175 4.22079e-17 0.619825
0.337496 0.662504 0
0.537867 0.0226698 0.439464
1.71359e-17 0.308694 0.691306
0.566553 0.119316 0.314131
0.420346 0.0289968 0.550657
0.395376 0.237835 0.366789
0.421078 0.578922 0
1 1.11022e-16 0
0.0137399 0.684962 0.301298
0.58743 0.41257 0
0.211517 0.788483 0
0.337578 0.0813135 0.581108
0.137784 0.366088 0.496128
0.096831 0.196088 0.707081
0.27057 0.47943 0.25
0.174313 0.164545 0.661142
0.253653 0.746347 0
0.669781 0.0802194 0.25
0.0847399 0.91526 0
0.265477 0.36549 0.369033
0.22332 0.0299948 0.746685
0.521947 0.0950384 0.383014
0.0106764 0.367308 0.622015
0.462749 0.537251 0
0.304124 0.285954 0.409922
0.16935 0.83065 0
0.688868 7.64797e-17 0.311132
0.347394 0.322269 0.330337
0.131387 0.0407686 0.827844
0.504358 0.495642 0
0.0679784 0.582871 0.349151
0.599726 0.150274 0.25
0.458956 0.0734099 0.467634
0.835267 0.164733 0
0.219996 0.328424 0.45158
0.386644 0.174477 0.438879
0.619934 0.0423966 0.337669
0.119165 0.608404 0.272431
0.254802 0.249553 0.495645
0.0959112 0.324535 0.579554
0.211601 0.0922777 0.696121
0.42787 0.285231 0.286899
0.295871 0.165457 0.538673
0.186389 0.461997 0.351614
0.390572 0.359428 0.25
0.154127 0.531746 0.314128
0.0110511 0.239416 0.749533
3.10464e-17 0.559282 0.440718
0.32836 0.212409 0.45923
0.142046 0.107452 0.750501
0.489813 0.260187 0.25
0.295623 0.704377 0
0.876467 0.123533 0
0.0701458 0.0811373 0.848717
0.0840008 0.665999 0.25
0.104081 0.504059 0.39186
