0.0815094 0.918491 0
0.569494 0.0118071 0.418699
0.185565 0.160771 0.653664
0.164919 0.478302 0.356779
0.604872 0.395128 0
0.175598 0.0560269 0.768375
0.108813 0.445986 0.4452
0.067423 0.156148 0.776429
0.365068 0.634932 0
0.0966159 0.0777714 0.825613
0.162814 0.837186 0
2.40331e-18 2.53523e-17 1
0.58297 0.144152 0.272879
0.287746 0.424835 0.287419
0.263699 0.486301 0.25
0.75 8.32667e-17 0.25
0.270159 0.11536 0.614481
0.537105 0.0982369 0.364658
0.0695192 0.0119044 0.918576
0.0407733 0.959227 0
0.723737 0.276263 0
1 0 0
0.260483 0.245106 0.494411
0.644436 0.355564 0
0.277578 3.08173e-17 0.722422
0.146445 0.366058 0.487497
0.367646 0.258755 0.373599
0.161877 0.588123 0.25
0.306735 0.159001 0.534264
2.43791e-17 0.439173 0.560827
0.0291444 0.601016 0.36984
0.335815 0.20596 0.458225
0.802828 0.197172 0
0.404664 0.170161 0.425175
0.565023 0.434977 0
0.0701549 0.403756 0.526089
0.684146 0.315854 0
0.470534 0.279466 0.25
1.74602e-17 0.314534 0.685466
0.18279 0.284539 0.532671
0.202863 0.514232 0.282905
0.324929 0.675071 0
3.10193e-17 0.558792 0.441208
0.464292 0.139918 0.39579
0.015673 0.369186 0.615141
0.284453 0.715547 0
0.188579 0.41068 0.400741
0.229564 0.079587 0.690849
0 0.0666645 0.933336
0.132909 1.47559e-17 0.867091
0.142491 0.124639 0.73287
0.088485 0.629081 0.282434
4.16335e-17 0.75 0.25
0.479248 0.0695319 0.45122
0.881817 0.118183 0
0.640259 7.1083e-17 0.359741
0.405569 0.31306 0.281371
0.363753 0.386247 0.25
0.145654 0.241589 0.612757
0.117211 0.554481 0.328308
0.100658 0.203581 0.695761
0.538754 0.211246 0.25
0.0201562 0.489269 0.490575
0.504079 0.179715 0.316206
0.122125 0.877875 0
0.435969 0.226217 0.337814
0.350579 0.0759638 0.573457
0.203447 0.796553 0
0.329345 0.34057 0.330085
0.525254 0.474746 0
0.763284 0.236716 0
0.607317 0.0661122 0.326571
0.69029 0.0239537 0.285757
0.921235 0.0787648 0
0.294433 0.293151 0.412416
0.960661 0.0393386 0
0.43899 0.022274 0.538736
0.318401 0.0263489 0.65525
0.48534 0.51466 0
0.226191 0.199925 0.573884
0.44545 0.55455 0
3.71069e-17 0.668456 0.331544
0.39061 4.33664e-17 0.60939
0.0681304 0.280583 0.651286
0.0588506 0.691149 0.25
0.243918 0.756082 0
0.013378 0.244526 0.742096
0.405321 0.594679 0
0.255123 0.380521 0.364356
0 0.186538 0.813462
0.0183024 0.114296 0.867402
0.102192 0.32553 0.572277
0.0770837 0.518544 0.404372
0.221433 0.329041 0.449527
5.55113e-17 1 0
0.842331 0.157669 0
0.205213 2.27832e-17 0.794787
0.651998 0.0980015 0.25
0.510062 5.66283e-17 0.489938
0.39046 0.111327 0.498213
