0.179839 0.0633665 0.756794
0 0 1
0.312937 0.168975 0.518088
0.0304251 0.625563 0.344012
0.370237 0.629763 0
0.0446593 0.078617 0.876724
0.52483 0.120017 0.355153
0.668112 0.331888 0
0.226322 0.460567 0.313111
0.479154 0.200957 0.319889
0.273216 0.12566 0.601123
0.190431 0.296799 0.512769
0.295832 0.704168 0
0.317124 0.420103 0.262773
0.570921 0.0277942 0.401285
0.852895 0.147105 0
1.21331e-17 0.21857 0.78143
0.519276 0.480724 0
0.641713 0.108287 0.25
3.23026e-17 0.581912 0.418088
0.0201745 0.511556 0.468269
4.16334e-17 0.75 0.25
0.569386 0.165179 0.265435
0.280588 9.34547e-17 0.719412
0.0964464 0.102215 0.801339
0.110674 0.889326 0
0.438306 0.164935 0.396759
0.64417 7.15172e-17 0.35583
0.0368683 0.963132 0
0.18847 0.421843 0.389686
0.531338 5.89903e-17 0.468662
0.444655 0.555345 0
0.514106 0.235894 0.25
0.186698 0.563302 0.25
0.146018 0.138249 0.715733
0.0196835 0.266645 0.713671
0.458536 1.01815e-16 0.541464
0.116131 0.596235 0.287635
0.779145 0.220855 0
0.19027 0.172846 0.636884
3.23678e-18 0.0583086 0.941691
0.0833413 9.25275e-18 0.916659
0.705172 0.294828 0
1.87331e-17 0.337466 0.662534
0.105539 0.219601 0.67486
0.147603 0.852397 0
0.556516 0.443484 0
0.481941 0.518059 0
0.0186352 0.388954 0.592411
0.352033 0.0849602 0.563007
3.8271e-17 0.689428 0.310572
0.40739 0.59261 0
1 0 0
0.0719125 0.299697 0.628391
0.96324 0.0367604 0
0.075755 0.546225 0.37802
0.0667234 0.178089 0.755188
0.601429 0.0774962 0.321075
0.312687 0.292539 0.394774
0.75 8.32667e-17 0.25
0.221593 0.778407 0
0.272026 0.252728 0.475246
0.630983 0.369017 0
0.593776 0.406224 0
8.30409e-18 0.149593 0.850407
0.443052 0.291217 0.265731
0.393438 0.130874 0.475688
0.398155 0.249325 0.352521
0.816043 0.183957 0
0.385727 4.28243e-17 0.614273
0.352289 0.329336 0.318375
0.107854 0.466688 0.425458
0.388016 0.361984 0.25
0.926533 0.0734666 0
0.232268 0.0876935 0.680038
0.207358 4.60426e-17 0.792642
0.482808 0.0829905 0.434202
0.272427 0.378659 0.348914
0.231704 0.337332 0.430964
0.889728 0.110272 0
0.184584 0.815416 0
0.0720951 0.422679 0.505225
0.333025 0.666975 0
0.107194 0.341821 0.550984
0.232173 0.211448 0.556379
0.742155 0.257845 0
0.0829685 0.667032 0.25
0.258681 0.741319 0
5.55112e-17 1 0
0.0737476 0.926252 0
0.316205 0.0350448 0.648751
0.150981 0.256199 0.59282
0.687993 0.0322259 0.279782
0.259103 0.490897 0.25
0.150604 0.380342 0.469054
0.354418 0.210995 0.434587
2.55528e-17 0.460319 0.539681
0.151665 0.509867 0.338467
0.135901 0.0172956 0.846803
0.429642 0.0580803 0.512278
