0.195914 0.102785 0.701301
0.75 8.32667e-17 0.25
0.797405 0.202595 0
0.467595 0.532405 0
0.107333 0.642667 0.25
0.637822 7.08125e-17 0.362178
3.58194e-17 1.02959e-16 1
0.0177934 0.400961 0.581246
0.329618 0.221391 0.448991
0.550784 0.449216 0
0.878779 0.121221 0
0.0683693 0.098918 0.832713
0.919321 0.0806794 0
0.484477 0.142684 0.372839
7.24933e-18 0.130592 0.869408
0.256565 0.743435 0
0.159827 0.570463 0.269711
1.96094e-17 0.353252 0.646748
0.230182 0.0227574 0.747061
0.172299 0.298661 0.52904
1 0 0
0.468485 0.088195 0.44332
0.00715934 0.059579 0.933262
0.425765 0.574235 0
0.29908 0.70092 0
0.0843101 0.485364 0.430326
0.18275 2.02893e-17 0.81725
0.128513 0.871487 0
0.959701 0.0402987 0
0.715382 0.284618 0
3.58735e-17 0.64624 0.35376
0.327221 0.342749 0.33003
0.293882 3.26274e-17 0.706118
0.11856 0.525747 0.355693
0.287859 0.302769 0.409372
0.171205 0.828795 0
2.65218e-17 0.468741 0.531259
0.585236 0.164764 0.25
0.373614 0.140491 0.485895
0.457679 5.08126e-17 0.542321
0.689987 0.0213888 0.288624
0.328331 0.104189 0.56748
0.341259 0.658741 0
0.122274 0.252095 0.625632
0.163673 0.435952 0.400375
0.109719 0.142199 0.748082
0.756468 0.243532 0
4.16334e-17 0.75 0.25
0.135701 0.390763 0.473536
0.610643 0.0731998 0.316158
0.226764 0.523236 0.25
0.545714 0.110456 0.34383
0.444518 0.225066 0.330416
0.369012 0.263447 0.367541
0.0760921 0.603325 0.320583
0.160419 0.177608 0.661973
0.674393 0.325607 0
0.204174 0.220477 0.575349
0.242586 0.143299 0.614115
0.520795 0.196064 0.283141
0.383515 0.616485 0
0.655109 0.0948909 0.25
5.55112e-17 1 0
0.383394 0.0299323 0.586673
2.98264e-17 0.537305 0.462695
0.275445 0.0692701 0.655285
0.412349 0.308342 0.279308
0.300084 0.449916 0.25
0.110346 0.02652 0.863134
0.565926 0.0287203 0.405354
0.357781 3.97217e-17 0.642219
0.0278635 0.287472 0.684664
0.482031 0.267969 0.25
0.0747633 0.318164 0.607073
0.527123 5.85224e-17 0.472877
0.838309 0.161691 0
0.0627972 0.436306 0.500897
0.208225 0.344025 0.447749
0.0779262 0.212945 0.709129
0.592327 0.407673 0
0.0221216 0.179932 0.797947
0.21392 0.78608 0
0.248994 0.260688 0.490318
0 0.246255 0.753745
0.509277 0.490723 0
0.420928 0.0664982 0.512574
0.410484 0.177759 0.411757
0.0286745 0.573456 0.397869
0.633397 0.366603 0
0.0323123 0.688851 0.278837
0.10241 0.351476 0.546114
0.287933 0.181528 0.530539
0.373435 0.376565 0.25
0.0857001 0.9143 0
0.19638 0.478226 0.325394
0.147979 0.070567 0.781454
0.0428507 0.957149 0
0.2737 0.421248 0.305052
0.0781522 8.67663e-18 0.921848
0.241229 0.385698 0.373073
