0.209282 0.518972 0.271746
0.398556 0.601444 0
0.501301 5.56556e-17 0.498699
0.3916 0.105227 0.503173
0.685548 0.0401248 0.274327
0.111133 0.442972 0.445895
0.71799 0.28201 0
0.389737 0.226428 0.383835
0.0230401 0.48806 0.4889
0.062144 0.160407 0.777449
0.438345 0.561655 0
0.31106 0.273533 0.415407
0.47202 0.0650001 0.46298
0.0598652 0.599929 0.340206
1.78161e-18 2.5974e-17 1
0.318876 0.401205 0.279919
0.878877 0.121123 0
0.227448 0.196633 0.575919
0.0399874 0.960013 0
0.237019 0.435971 0.32701
0.188102 0.279212 0.532687
0.677854 0.322146 0
2.44478e-17 0.440413 0.559587
0.267118 0.113862 0.619019
0.279245 0.720755 0
0.919212 0.0807878 0
0.598601 0.0480134 0.353385
0.0687508 0.282166 0.649083
5.55112e-17 1 0
0.75 8.32667e-17 0.25
0.474103 0.179452 0.346445
0.0138629 0.0530071 0.93313
0.278359 0.471641 0.25
0.637843 0.362157 0
0.137352 0.127454 0.735194
0.517221 0.0917929 0.390986
0.11987 0.88013 0
0.597848 0.402152 0
0.0178027 0.370057 0.61214
0.31905 0.68095 0
0.79832 0.20168 0
0.162192 0.587808 0.25
0.308154 0.15304 0.538806
0.838541 0.161459 0
0.346524 0.0736973 0.579779
0.4254 0.262944 0.311656
0.64544 0.10456 0.25
0.159551 0.479798 0.360651
0.478211 0.521789 0
0.661218 7.34099e-17 0.338782
0.274366 0.357258 0.368375
0.557955 0.442045 0
0.269114 0.235161 0.495725
0.193026 0.398849 0.408125
0.126618 0.55726 0.316123
0.0724333 0.402101 0.525465
0.0988073 0.205416 0.695777
0.386359 0.363641 0.25
0.512084 0.222318 0.265598
0.0849365 0.0874197 0.827644
0.1597 0.8403 0
0.758121 0.241879 0
0.432201 0.144273 0.423526
0.224328 0.0804526 0.695219
6.65318e-18 0.119853 0.880147
1 0 0
0.959598 0.0404024 0
0.350172 0.188803 0.461026
1.0627e-17 0.191438 0.808562
3.0944e-17 0.557438 0.442562
0.571542 6.34539e-17 0.428458
0.0807343 0 0.919266
0.270083 2.99853e-17 0.729917
0.381643 4.23709e-17 0.618357
0 0.31837 0.68163
0.197742 4.39075e-17 0.802258
0.0786901 0.520337 0.400972
3.50919e-17 0.632159 0.367841
0.183239 0.160815 0.655946
0.0923052 0.657695 0.25
0.199588 0.800412 0
0.432316 0.0187066 0.548977
0.311248 0.0262717 0.66248
0.239431 0.760569 0
0.231509 0.317447 0.451043
0.151086 0.360132 0.488782
0.51809 0.48191 0
0.554548 0.129349 0.316103
0.578339 0.171661 0.25
0.125851 0.0155676 0.858581
4.16334e-17 0.75 0.25
0.146597 0.240672 0.612732
0.358802 0.641198 0
0.0799507 0.920049 0
0.457701 0.292299 0.25
0.350936 0.315129 0.333935
0.169418 0.0592936 0.771288
0.105356 0.323505 0.571139
0.0182718 0.688001 0.293728
0.0129333 0.248727 0.73834
