0.348672 0.401328 0.25
0.449938 0.300062 0.25
0.235325 0.141503 0.623172
0.253908 0.318121 0.427971
2.0275e-17 0.365241 0.634759
0.485315 0.197089 0.317596
0.337158 0.279786 0.383056
0.642154 0.107846 0.25
0.174289 7.73998e-17 0.825711
0.204001 0.520776 0.275223
0.275874 0.474126 0.25
0.275393 9.17244e-17 0.724607
1.68233e-20 5.54943e-17 1
0.0289599 0.0323895 0.938651
0.0758213 0.222484 0.701695
0.395422 0.0415067 0.563071
0.21637 0.0309926 0.752637
0.162107 0.474813 0.363079
5.55112e-17 1 0
0.0797488 0.670251 0.25
0.152626 0.188348 0.659026
1.4394e-17 0.2593 0.7407
0.0362444 0.963756 0
0.345793 0.14182 0.512387
3.03238e-17 0.546265 0.453735
0.587133 0.412867 0
0.465611 1.03386e-16 0.534389
0.300224 0.232678 0.467098
0.452101 0.14797 0.399929
0.924501 0.0754992 0
0.413836 0.24231 0.343854
0.401904 0.598096 0
0.19751 0.104195 0.698295
0.159454 0.590546 0.25
0.0778771 0.512559 0.409564
0.136195 0.0791206 0.784685
5.92324e-18 0.106704 0.893296
0.133113 0.324249 0.542638
0.849151 0.150849 0
0.55143 6.1221e-17 0.44857
0.163573 0.360558 0.475869
0.316501 0.0952342 0.588265
0.117977 0.142398 0.739625
0.103959 0.277746 0.618295
0.648119 7.19557e-17 0.351881
0.604034 0.0773441 0.318622
0.145296 0.854704 0
0.736453 0.263547 0
0.0574289 0.379265 0.563306
0.255096 0.744904 0
0.0782183 0.0684775 0.853304
0.296516 0.360511 0.342973
0.181789 0.818211 0
0.20568 0.397136 0.397184
0.624376 0.375624 0
1 0 0
0.773983 0.226017 0
0.886795 0.113205 0
0.218122 0.275385 0.506493
0.570776 0.0369508 0.392274
0.0389297 0.469333 0.491737
0.689161 0.0333976 0.277442
0.365923 4.06256e-17 0.634077
0.18503 0.232489 0.582481
0.0647872 0.629307 0.305906
0.103282 2.29333e-17 0.896718
0.438781 0.561219 0
0.108852 0.891148 0
0.115836 0.431536 0.452628
0.380179 0.32914 0.290681
0.266716 0.186869 0.546414
0.419287 0.0977786 0.482934
0.1134 0.554406 0.332194
0.570933 0.160721 0.268346
0.247423 0.435249 0.317328
0.490519 0.0546176 0.454863
0.526364 0.114335 0.359302
0.0290564 0.304993 0.665951
0.661649 0.338351 0
0.365153 0.634847 0
1.01576e-17 0.182983 0.817017
3.74243e-17 0.674176 0.325824
0.29166 0.70834 0
0.69897 0.30103 0
0.75 8.32667e-17 0.25
0.962253 0.0377473 0
0.512742 0.487258 0
0.0156336 0.599269 0.385097
0.328319 0.671681 0
2.48815e-17 0.448225 0.551775
0.811512 0.188488 0
0.475691 0.524309 0
0.21836 0.78164 0
0.378018 0.191527 0.430455
0.550004 0.449996 0
0.289075 0.048973 0.661952
0.0550635 0.155707 0.78923
4.16334e-17 0.75 0.25
0.0724893 0.927511 0
0.520101 0.229899 0.25
