0.0323893 0.297335 0.670275
0.105696 0.644304 0.25
0.611005 6.78351e-17 0.388995
0.0885279 0.326844 0.584628
0.00412457 0.0752736 0.920602
0.0331801 0.691719 0.275101
0.915423 0.0845773 0
8.75631e-17 5.12148e-17 1
0.0658977 0.397077 0.537025
0.285042 0.464958 0.25
0.431039 0.287813 0.281148
0.746794 0.253206 0
0.75 8.32667e-17 0.25
0.830935 0.169065 0
0.581994 0.072168 0.345838
0.686566 0.0634337 0.25
2.40617e-17 0.432328 0.567672
0.0231449 0.188367 0.788488
0.704918 0.295082 0
0.957704 0.042296 0
0.0638737 7.0914e-18 0.936126
0.159905 0.177487 0.662608
2.01748e-17 0.363437 0.636563
0 0.258086 0.741914
0.207313 0.213754 0.578933
0.0253579 0.584337 0.390305
0.339959 0.205551 0.45449
0.371589 0.628411 0
1 0 0
0.328777 0.0965202 0.574703
0.105714 0.0229606 0.871326
0.34899 0.0243299 0.62668
0.873169 0.126831 0
7.94984e-18 0.143212 0.856788
0.537732 0.462268 0
0.270898 0.0692859 0.659816
0.0412209 0.958779 0
0.271118 0.363027 0.365855
0.23324 0.0158411 0.750919
0.462023 0.203005 0.334972
0.501174 0 0.498826
5.42355e-19 0.543008 0.456992
0.392045 0.357955 0.25
0.662895 0.337105 0
0.0243889 0.476683 0.498928
0.162806 0.475366 0.361828
5.55112e-17 1 0
0.501059 0.114344 0.384597
0.621099 0.378901 0
0.288843 0.711157 0
3.62128e-17 0.652352 0.347648
0.30107 3.34254e-17 0.69893
0.14732 0.0688703 0.78381
0.109143 0.144489 0.746368
0.242163 0.139542 0.618294
0.378084 0.124843 0.497073
0.0777978 0.507324 0.414878
0.178015 1.97636e-17 0.821985
0.32133 0.399759 0.278911
0.143495 0.361252 0.495253
0.159953 0.57317 0.266877
0.206251 0.793749 0
0.535651 0.153071 0.311278
4.16334e-17 0.75 0.25
0.194085 0.10075 0.705165
0.123701 0.876299 0
0.0738374 0.610952 0.315211
0.173351 0.288101 0.538548
0.29221 0.171813 0.535977
0.110622 0.436605 0.452773
0.498705 0.251295 0.25
0.460362 0.0810644 0.458574
0.42602 0.040803 0.533177
0.237041 0.440752 0.322207
0.120096 0.541825 0.338079
0.12258 0.254068 0.623352
0.304143 0.283905 0.411952
0.349609 0.320731 0.32966
0.671246 0.00591898 0.322835
0.0824561 0.917544 0
0.256629 0.247859 0.495512
0.247539 0.752461 0
0.385308 0.244113 0.370579
0.330167 0.669833 0
0.622678 0.108094 0.269228
0.0776718 0.218838 0.703491
0.406483 9.02573e-17 0.593517
0.223871 0.323898 0.452231
0.570745 0.179255 0.25
0.420815 0.162902 0.416283
0.788819 0.211181 0
0.496043 0.503957 0
0.220389 0.529611 0.25
0.191134 0.399817 0.409049
0.0695595 0.101555 0.828886
0.164976 0.835024 0
0.454465 0.545535 0
0.579385 0.420615 0
0.413031 0.586969 0
0.543178 0.027171 0.429651
