0.279143 0.234677 0.48618
0 0.0606819 0.939318
0.191574 2.1269e-17 0.808426
0.109603 0.890397 0
0.203507 0.27191 0.524582
0.2402 0.5098 0.25
0.146265 0.853735 0
0.478245 0.521755 0
1 0 0
0.652578 0.0974225 0.25
0.161882 0.359349 0.478769
0.0340665 0.0915194 0.874414
0.115932 0.445131 0.438938
0.0380331 0.203507 0.75846
0.239829 0.186873 0.573298
9.15683e-17 1.94541e-17 1
0.366992 0.633008 0
0.474431 0.0715861 0.453983
0.0263488 0.492076 0.481575
0.250776 0.445414 0.303811
0.201236 0.405354 0.39341
0.389554 4.32492e-17 0.610446
0.129789 0.307888 0.562322
3.13815e-17 0.565318 0.434682
0.396967 0.108785 0.494248
0.925545 0.0744551 0
0.43486 0.154127 0.411013
0.164072 0.222729 0.613199
0.100686 0.576055 0.323259
0.813716 0.186284 0
0.75 8.32667e-17 0.25
0.182921 0.817079 0
0.0919211 0.254672 0.653407
0.5159 0.104638 0.379463
0.473414 0.195274 0.331312
0.0818391 0.401259 0.516902
0.330116 0.669884 0
0.157125 0.485514 0.357361
0.396208 0.353792 0.25
3.79475e-17 0.683601 0.316399
0.264198 2.93318e-17 0.735802
0.319536 0.0158948 0.664569
0 0.16533 0.83467
0.317634 0.280243 0.402123
1.47227e-17 0.265221 0.734779
0.073033 0.926967 0
0.627115 0.372885 0
0.579439 0.170561 0.25
0.44056 0.019219 0.540221
0.962772 0.0372282 0
0.35404 0.0716105 0.57435
0.326864 0.423136 0.25
0.196319 0.141908 0.661773
0.549401 0.144059 0.30654
0.021319 0.617175 0.361506
0.776387 0.223613 0
0.506351 0.243649 0.25
0.598876 0.0699209 0.331203
0.0840363 9.32991e-18 0.915964
0.664455 0.335545 0
0.739064 0.260936 0
0.564735 0.0163828 0.418882
0.51103 5.67357e-17 0.48897
4.16334e-17 0.75 0.25
0.157835 0.0879691 0.754196
0.701771 0.298229 0
0.282262 0.367381 0.350357
0.181366 0.535519 0.283115
0.888278 0.111722 0
0.357215 0.194765 0.44802
0.0749257 0.526881 0.398193
2.50069e-17 0.450484 0.549516
0.0616684 0.345341 0.59299
0.851026 0.148974 0
0.240556 0.320952 0.438492
0.293182 0.706818 0
5.55112e-17 1 0
0.316681 0.1513 0.532019
0.0365003 0.9635 0
0.515434 0.484566 0
0.0733937 0.668844 0.257762
0.687659 0.0231361 0.289205
0.231537 0.0643914 0.704072
0.256444 0.743556 0
2.09988e-17 0.37828 0.62172
0.121284 0.0344118 0.844305
0.441065 0.558935 0
0.219686 0.780314 0
0.396152 0.24034 0.363509
0.636491 0 0.363509
0.552656 0.447344 0
0.355488 0.324965 0.319548
0.0825015 0.122935 0.794564
0.140277 0.609723 0.25
0.0190197 0.305381 0.6756
0.438576 0.283685 0.277739
0.276826 0.103214 0.619959
0.589856 0.410144 0
0.40407 0.59593 0
0.11896 0.173939 0.707101
