0.625744 6.94715e-17 0.374256
1.08454e-17 0.195373 0.804627
0.196087 0.0314614 0.772451
0.0564932 0.460444 0.483063
0.633792 0.366208 0
0.130258 0.430119 0.439623
0.274194 0.725806 0
0.564804 6.27059e-17 0.435196
0.795946 0.204054 0
0.353376 0.646624 0
0.0547824 0.350618 0.5946
0.473028 0.526972 0
0.332849 0.398135 0.269015
0.244875 0.188275 0.56685
0.159938 0.590062 0.25
0.57893 0.17107 0.25
0.195549 0.804451 0
0.918291 0.0817092 0
0.513028 0.486972 0
0.453084 0.137503 0.409414
0.0813107 0.393068 0.525621
0.128758 0.30914 0.562102
0.112426 0.0738334 0.81374
0.836632 0.163368 0
0 0 1
1 0 0
0.117152 0.882848 0
0.416219 4.62095e-17 0.583781
0.0813167 0.51355 0.405133
4.16334e-17 0.75 0.25
0.617306 0.108214 0.27448
0.0389996 0.961 0
0.238823 0.0708494 0.690327
0.0807979 0.272287 0.646915
0.877505 0.122495 0
4.69698e-17 0.0936647 0.906335
0.280849 0.105459 0.613692
0.429106 0.0789369 0.491957
0.245682 0.43229 0.322028
0.166551 0.350917 0.482532
0.0345124 0.0295705 0.935917
0.393169 0.606831 0
0.3491 0.0424987 0.608402
0.402826 0.347174 0.25
0.262581 2.91524e-17 0.737419
0.208082 0.52051 0.271408
1.72845e-17 0.31137 0.68863
0.288191 0.23006 0.481749
0.0780027 0.921997 0
0.755313 0.244687 0
0.324532 0.155611 0.519857
0.477875 5.30548e-17 0.522125
3.77784e-17 0.674581 0.325419
0.714734 0.285266 0
0.156944 0.112389 0.730667
0.674455 0.0112357 0.314309
0.0251 0.241348 0.733552
0.367162 0.308426 0.324412
0.166123 0.475525 0.358352
0.0187248 0.599667 0.381608
0.313715 0.686285 0
0.161533 1.79338e-17 0.838467
0.0986109 0 0.901389
0.331066 0.265624 0.40331
0.412701 0.224571 0.362728
0.683935 0.0660654 0.25
0.290409 0.351821 0.35777
0.363077 0.0944464 0.542477
0.234842 0.765158 0
0.280065 0.469935 0.25
0.163026 0.230541 0.606433
0.500408 0.0480884 0.451504
0.75 8.32667e-17 0.25
0.207997 0.269068 0.522935
3.05971e-17 0.551188 0.448812
0.491334 0.18492 0.323746
0.156306 0.843694 0
0.0773099 0.155894 0.766796
2.18523e-17 0.391446 0.608554
0.674108 0.325892 0
0.553128 0.446872 0
0.0652311 0.629865 0.304904
7.86993e-17 0.471533 0.528467
0.248875 0.310696 0.440429
0.513958 0.236042 0.25
0.198902 0.151564 0.649534
0.115414 0.195162 0.689424
0.208465 0.391145 0.40039
0.448552 0.274672 0.276776
0.593384 0.406616 0
0.116231 0.554497 0.329272
0.433069 0.566931 0
5.55112e-17 1 0
0.327101 3.63155e-17 0.672899
0.528087 0.104684 0.36723
0.0346111 0.118746 0.846643
0.375449 0.178744 0.445808
0.589413 0.0695637 0.341023
0.0799749 0.670025 0.25
0.959166 0.040834 0
