0.31455 0.363142 0.322308
8.19878e-17 0.293531 0.706469
0.112117 0.40873 0.479153
0.112645 0.52979 0.357565
2.27538e-17 0.409895 0.590105
0.245906 0.139677 0.614417
0.237671 0.278284 0.484045
0.477569 0.16205 0.360381
0.275335 0.322679 0.401987
9.02594e-18 1.3824e-18 1
0.402376 0.0484728 0.549151
0.39975 0.202157 0.398093
0.198578 0.237758 0.563663
0.601332 0.0317371 0.366931
0.0820075 0.917992 0
0.123 0.877 0
0.553812 0.120552 0.325637
0.726802 0.273198 0
0.0978529 0.181736 0.720411
0.961088 0.0389115 0
0.195738 0.364254 0.440008
4.16334e-17 0.75 0.25
0.0409441 0.0215001 0.937556
0.844283 0.155717 0
0.407846 0.592154 0
0.321246 0.0895637 0.589191
0.488588 0.511412 0
0.568573 0.431427 0
1 0 0
0.668879 0 0.331121
0.245673 0.754327 0
0.922203 0.0777971 0
0.168615 0.0195212 0.811864
0.280153 0.45059 0.269258
0.0700404 0.255941 0.674018
0.0609278 0.138651 0.800421
0.316088 0.241276 0.442635
0.401034 0.329406 0.26956
0.0310904 0.689012 0.279897
0.75 0 0.25
0.305439 0 0.694561
0.587986 0.162014 0.25
0.435594 0.242718 0.321687
0.528684 0.471316 0
0.562293 0 0.437707
0.648052 0.351948 0
0.691269 0.0587313 0.25
0.0749152 0.488674 0.436411
0.10609 0.64391 0.25
0.448317 0.551683 0
0.163937 0.836063 0
0.278623 0.0594169 0.66196
0.286378 0.713622 0
0.0829717 0.0685997 0.848429
0.376276 0 0.623724
0.357349 0.284334 0.358318
0.156978 0.323964 0.519058
0.471068 0.278932 0.25
0.350345 0.399655 0.25
0.349168 0.129207 0.521625
0.154695 0.445942 0.399363
0.765984 0.234016 0
0 0.0956313 0.904369
0.234507 0 0.765493
0.110326 0.293006 0.596668
0.519475 0.0799945 0.400531
0.629267 0.0894578 0.281276
0.229308 0.520692 0.25
0.115093 0 0.884907
0.608416 0.391584 0
0.367545 0.632455 0
0.021695 0.340331 0.637974
0.327039 0.672961 0
0.159446 0.572941 0.267613
0.0123825 0.225075 0.762543
0.366289 0.165776 0.467935
5.55112e-17 1 0
0.441806 0.112034 0.44616
0.486418 0.036197 0.477385
0.208879 0.0772535 0.713868
0.687605 0.312395 0
0.192549 0.485893 0.321557
9.28567e-18 0.167276 0.832724
0.0748029 0.370435 0.554763
0.0409916 0.959008 0
0.883266 0.116734 0
0.236563 0.406452 0.356984
0.204837 0.795163 0
2.91975e-17 0.525976 0.474024
0.805179 0.194821 0
0.177373 0.151158 0.671469
0.519593 0.208174 0.272233
0.136112 0.102097 0.761792
3.58054e-17 0.645013 0.354987
0.0230835 0.455994 0.520923
0.277218 0.189724 0.533058
0.149209 0.21553 0.63526
0.464775 0 0.535225
0.0741083 0.603886 0.322005
0.0211551 0.574051 0.404794
