0.116738 0.0806166 0.802645
0.323188 0.676812 0
0.19884 0.0312169 0.769943
0.030272 0.119835 0.849893
0.165194 0.500969 0.333837
0.591933 6.57178e-17 0.408067
0.72255 0.27745 0
0.226353 0.216915 0.556732
0.657992 7.30518e-17 0.342008
0.445414 0.0894896 0.465096
0.275324 0.389394 0.335282
0.374348 0.145858 0.479794
0.0404988 0.959501 0
0.282881 0.717119 0
0.160572 1.78271e-17 0.839428
0.498766 5.53742e-17 0.501234
0.841581 0.158419 0
0.682841 0.317159 0
0.310028 0.310353 0.379619
0.0857481 0.537 0.377252
0.523582 0.476418 0
0.0717289 0.299137 0.629134
0.691758 0.0392057 0.269036
0.0880534 0.0334121 0.878534
0.469688 0.127205 0.403107
0.75 8.32667e-17 0.25
0.033857 0.231196 0.734947
1.59823e-17 0.287912 0.712088
0.227582 0.0851243 0.687293
0.121393 0.878607 0
0.483591 0.516409 0
0 0 1
0.567391 0.182609 0.25
0.153679 0.122958 0.723363
0.494548 0.255452 0.25
5.55112e-17 1 0
3.17308e-17 0.571611 0.428389
0.0630857 0.606797 0.330117
0.353859 0.360917 0.285224
0.335358 0.0922822 0.572359
0.301688 0.179225 0.519087
0.0274133 0.689882 0.282705
0.613201 0.0707076 0.316091
1.05286e-17 0.189666 0.810334
0.0809725 0.919027 0
4.16334e-17 0.75 0.25
0.421619 0.328381 0.25
0.0294284 0.504337 0.466235
0.161863 0.838137 0
0.36335 0.63665 0
0.960382 0.039618 0
0.0770084 0.421896 0.501096
2.56613e-17 0.462273 0.537727
0.460309 0.231697 0.307995
0.0588499 6.53365e-18 0.94115
0.762222 0.237778 0
0.0783598 0.157063 0.764577
0.109984 0.341489 0.548527
1.95673e-17 0.352494 0.647506
0.101023 0.648977 0.25
0.268206 2.97768e-17 0.731794
0.920783 0.0792174 0
4.53369e-18 0.0816718 0.918328
0.187221 0.171784 0.640995
0.109413 0.210811 0.679776
0.263363 0.130794 0.605842
0.643153 0.356847 0
0.232807 0.344182 0.423012
1 0 0
0.155249 0.381697 0.463054
0.302595 0.0387334 0.658671
0.801892 0.198108 0
0.550823 0.0918715 0.357305
0.267576 0.262851 0.469574
0.117364 0.462001 0.420635
0.403483 0.596517 0
0.198809 0.425075 0.376116
0.343509 0.227962 0.428529
0.403458 0.0616769 0.534866
0.637928 0.112072 0.25
3.57384e-17 0.643805 0.356195
0.210156 0.539844 0.25
0.189584 0.300254 0.510162
0.242611 0.757389 0
0.432818 4.80524e-17 0.567182
0.881186 0.118814 0
0.603323 0.396677 0
0.51365 0.160528 0.325822
0.141001 0.579507 0.279492
0.443606 0.556394 0
0.419551 0.195925 0.384524
0.14872 0.256491 0.594788
0.384364 0.277555 0.338081
0.247245 0.470487 0.282268
0.202232 0.797768 0
0.563528 0.436472 0
0.366854 4.0729e-17 0.633146
0.0268954 0.390144 0.582961
0.524988 0.0396799 0.435332
0.317486 0.432514 0.25
