0.161423 0.201873 0.636704
0.224174 0.439533 0.336293
0.18806 0.526279 0.285661
0.961684 0.0383163 0
0.465466 0.284534 0.25
0.123826 0.158674 0.7175
0.75 8.32667e-17 0.25
0.627428 0.0896584 0.282914
3.74723e-17 0.675021 0.324979
3.34327e-17 0.600079 0.399921
0.0966881 0.562968 0.340344
0.214515 0.785485 0
0.32302 0.67698 0
0.732465 0.267535 0
0.581521 0.418479 0
0.286502 0.0788441 0.634654
0 0 1
0.0835959 0.0423001 0.874104
0.667356 7.40914e-17 0.332644
0.26055 0.48945 0.25
0.154152 0.595848 0.25
1 0 0
0.619263 0.380737 0
0.0998459 0.104117 0.796037
0.846691 0.153309 0
0.885034 0.114966 0
0.257078 0.0273045 0.715618
0.11558 0.287415 0.597004
0.770425 0.229575 0
0.442078 4.90806e-17 0.557922
0.0594746 1.9809e-17 0.940525
0.286781 0.713219 0
0.106986 0.893014 0
0.237047 0.287222 0.475731
0.690485 0.0595155 0.25
0.241656 0.162149 0.596195
0.0933874 0.445184 0.461429
0.172513 0.0713427 0.756144
0.469948 0.530052 0
0.169294 0.418864 0.411842
0.352582 0.297589 0.349829
0.0356452 0.964355 0
0.0284627 0.123617 0.84792
0.598758 0.0307156 0.370527
0.551238 0.121652 0.32711
0.402152 0.0791882 0.518659
0.439514 0.11977 0.440717
0.371338 0.0263281 0.602333
0.474891 0.167168 0.357941
0.694741 0.305259 0
0.396124 0.603876 0
0.142688 0.857312 0
0.279202 0.204363 0.516435
0.272034 0.338162 0.389804
0.486294 0.0261444 0.487562
0.432894 0.567106 0
0.0821388 0.366779 0.551082
2.6328e-16 0.502785 0.497215
0.250599 0.749401 0
0.557293 6.18719e-17 0.442707
0.151192 5.03572e-17 0.848808
0.517092 0.212536 0.270372
3.1402e-17 0.0807706 0.919229
0.656808 0.343192 0
0.0771525 0.672848 0.25
5.5513e-17 1 0
0.217642 0 0.782358
0.197859 0.362636 0.439504
0.515963 0.0799565 0.404081
0.586365 0.163635 0.25
0.507094 0.492906 0
7.18222e-17 0.184727 0.815273
0.394093 0.343008 0.262898
0.0712696 0.92873 0
0.544297 0.455703 0
0.0807695 0.243898 0.675333
0.430185 0.249705 0.320109
0.196624 0.247659 0.555717
0.808492 0.191508 0
0.206575 0.115952 0.677474
1.20289e-18 0.284524 0.715476
0.0437413 0.52996 0.426299
0.358473 0.164195 0.477331
0.0392353 0.207411 0.753354
4.16564e-17 0.75 0.25
0.134648 0.491281 0.374071
0.0282347 0.32876 0.643005
0.315541 0.251297 0.433162
0.328175 3.64347e-17 0.671825
0.334578 0.415422 0.25
0.032114 0.434836 0.53305
0.923392 0.0766081 0
0.30202 0.3839 0.31408
0.178627 0.821373 0
6.63476e-17 0.396742 0.603258
0.151861 0.334554 0.513585
0.0598816 0.631748 0.30837
0.394408 0.207691 0.397901
0.359346 0.640654 0
0.324048 0.118024 0.557928
