0.530184 0.185171 0.284644
0.453227 0.0957017 0.451072
0.0783015 0.921698 0
0.50742 5.6335e-17 0.49258
0.314383 0.357536 0.328081
0.11097 0.528129 0.3609
0.195583 0.804417 0
0.166465 0.0799739 0.753561
1 0 0
0.345528 0.404472 0.25
0.368981 0.0215669 0.609452
4.98568e-17 5.65437e-18 1
0.598442 0.151558 0.25
0.283563 0.0755044 0.640933
2.22909e-17 0.401558 0.598442
0.238261 0.277517 0.484222
0.494017 0.255983 0.25
0.20946 0 0.79054
0.773414 0.226586 0
0.119322 0.164404 0.716274
0.735473 0.264527 0
0.100169 1.11209e-17 0.899831
0.602535 6.68948e-17 0.397465
0.140714 0.0279193 0.831367
4.16334e-17 0.75 0.25
0.75 8.32667e-17 0.25
0.320787 0.230595 0.448618
0.156477 0.843523 0
0.0737437 0.602694 0.323562
0.962345 0.0376553 0
0.65925 0.34075 0
0.489042 0.13853 0.372428
0.392875 0.301253 0.305872
0.676267 7.50807e-17 0.323733
0.194913 0.362188 0.442899
0.697452 0.302548 0
0.0274674 0.0318615 0.940671
0.674218 0.0757823 0.25
0.321132 3.56528e-17 0.678868
0.117424 0.882576 0
0.15999 0.20062 0.63939
0.533622 0.0444112 0.421967
0.113238 0.284665 0.602097
0.153456 0.44386 0.402684
9.76126e-18 0.175843 0.824157
0.0863031 0.123856 0.789841
0.437814 4.86071e-17 0.562186
0.0209862 0.45103 0.527984
0.250973 0.0264514 0.722576
0.24224 0.15645 0.601311
0.632446 0.0595367 0.308017
0.0301545 0.211968 0.757878
5.80432e-18 0.104561 0.895439
0.0227979 0.330854 0.646348
0.358286 0.266854 0.37486
0.419754 0.330246 0.25
0.282136 0.192905 0.524959
0.0744762 0.363955 0.561569
0.582933 0.417067 0
1.57613e-17 0.283931 0.716069
0.0391419 0.960858 0
0.110083 0.405828 0.484089
0.406533 0.182981 0.410486
0.0626979 0.0787208 0.858581
0.0774629 0.244927 0.67761
0.924668 0.075332 0
0.276662 0.317061 0.406277
0.0193009 0.57233 0.408369
0.277146 0.448653 0.274201
0.312639 0.687361 0
0.351481 0.648519 0
0.106914 0.643086 0.25
0.326891 0.108341 0.564768
0.563379 0.0969523 0.339669
5.55112e-17 1 0
0.446324 0.221845 0.33183
0.46755 0.53245 0
3.57457e-17 0.643937 0.356063
0.849266 0.150734 0
0.506134 0.493866 0
0.273613 0.726387 0
0.155809 0.322189 0.522002
2.89486e-17 0.521492 0.478508
0.235961 0.403109 0.36093
0.366149 0.147432 0.486419
0.234592 0.765408 0
0.0312298 0.688496 0.280274
0.19813 0.239684 0.562186
0.229591 0.520409 0.25
0.621186 0.378814 0
0.0735858 0.485508 0.440907
0.886995 0.113005 0
0.408919 0.0670041 0.524077
0.159037 0.571512 0.269451
0.203945 0.116434 0.679621
0.191381 0.484518 0.324101
0.544638 0.455362 0
0.428931 0.571069 0
0.811363 0.188637 0
0.39025 0.60975 0
