0.167379 0.15525 0.677371
5.55112e-17 1 0
0.511027 0.488973 0
0.392035 0.155641 0.452324
0 0.118958 0.881042
0.0869825 0.0752598 0.837758
0.20102 0.186824 0.612156
0.431085 0.0748512 0.494064
0.159663 0.269041 0.571295
0.110682 0.534468 0.35485
0.140983 7.82614e-17 0.859017
0.0340083 0.690085 0.275907
0.543647 0.0788497 0.377504
0.142175 0.467141 0.390684
1.0714e-17 0.193007 0.806993
0.128566 0.344098 0.527337
6.18024e-19 7.91793e-17 1
0.071904 0.607364 0.320731
0.130899 0.114873 0.754228
0.583966 0.109724 0.30631
0.243474 0.354527 0.402
0.00794944 0.257621 0.73443
0.213768 0.536232 0.25
0.237845 0.231905 0.53025
0.280006 0.274166 0.445828
0.274503 0.0339631 0.691534
0.396358 0.277178 0.326463
0.433622 0.198789 0.36759
0 0.399598 0.600402
0.318877 0.431123 0.25
0.338008 0.661992 0
0.172919 0.034666 0.792415
0.508029 0.160995 0.330976
0.339393 3.76802e-17 0.660607
0.114561 0.236487 0.648952
0.29537 0.70463 0
0.125952 0.874048 0
0.367886 0.0436472 0.588467
0.108458 0.641542 0.25
0.686303 0.313697 0
0 0.649678 0.350322
0.269065 0.151969 0.578966
0.58466 3.24552e-16 0.41534
0.0837943 0.916206 0
0.313755 0.193872 0.492373
0.154008 0.566516 0.279476
0.775102 0.224898 0
0.321948 0.316314 0.361738
0.0669753 0.497724 0.4353
0.209382 0.0853043 0.705313
0.62121 0.036566 0.342224
0.954907 0.0450927 0
4.16334e-17 0.75 0.25
0.348169 0.115862 0.53597
0.28373 0.3931 0.32317
0.0831 0.202762 0.714138
0.16817 0.83183 0
0.43451 0.31549 0.25
0.485314 5.38806e-17 0.514686
0.356203 0.235178 0.408619
1.81034e-17 0.326121 0.673879
0.423947 0.576053 0
0.0582208 0.375876 0.565904
0.240435 1.06774e-16 0.759565
0.0418935 0.958106 0
0.252849 0.747151 0
0.819806 0.180194 0
0.425302 0 0.574698
0.24538 0.476384 0.278236
0.38086 0.61914 0
0.00801155 0.463424 0.528565
0.0747286 0.304042 0.621229
0.730574 0.269426 0
0.169264 0.389873 0.440863
0.467264 0.532736 0
0.909674 0.0903264 0
0.864761 0.135239 0
0.514572 0.0327249 0.452703
0.0779305 0.00188439 0.920185
2.95012e-17 0.531447 0.468553
0.0194507 0.579842 0.400708
0.613624 0.136376 0.25
0.475864 0.245362 0.278774
0.678378 0 0.321622
0.469124 0.116783 0.414093
0.203739 0.310273 0.485987
0.21036 0.78964 0
0.366285 0.361371 0.272344
0.012329 0.0533591 0.934312
0.598213 0.401787 0
0.092569 0.424572 0.482859
0.684503 0.0651022 0.250395
0.542186 0.207814 0.25
0.0583078 0.154164 0.787528
0.289453 0.0865518 0.623995
0.75 8.32667e-17 0.25
0.642111 0.357889 0
1 0 0
0.554738 0.445262 0
0.208381 0.4398 0.351819
