0.505522 0.0718135 0.422665
0.0373627 0.323769 0.638869
0.0321649 0.690021 0.277814
0.667452 0.332548 0
0.444719 0 0.555281
0.166387 0.833613 0
0.124728 0.875272 0
0.160524 0.214539 0.624937
0.505236 0.177325 0.317439
0.0831153 0.916885 0
0.330124 0.143183 0.526692
1 0 0
0.152052 0.0990648 0.748883
0.156389 0.449563 0.394049
0.265972 2.95288e-17 0.734028
0.115631 0.412892 0.471477
0.315794 0.0215423 0.662664
0.0246292 0.578268 0.397103
1.09332e-16 1.68983e-18 1
0.460769 0.144403 0.394828
0.414856 0.10637 0.478774
0.46896 0.0323229 0.498717
0.232185 0.0694199 0.698395
0.500404 0.499596 0
0.115907 0.533208 0.350885
0.536922 0.213078 0.25
0.629462 0.0611044 0.309433
0.237695 0.405579 0.356726
0.875467 0.124533 0
0.416763 0.583237 0
0.197204 0.36909 0.433705
0.333195 0.666805 0
0.833903 0.166097 0
0.362123 0.0692059 0.568671
0.203416 0.252098 0.544486
0.673836 7.48108e-17 0.326164
0.243437 0.28785 0.468713
0.75 8.32667e-17 0.25
0.23151 0.51849 0.25
0.277805 0.317746 0.40445
0.95849 0.0415101 0
0.0357216 0.462981 0.501298
0.197231 0.141326 0.661443
0.374963 0.625037 0
0.58399 0.41601 0
0.118633 0.291989 0.589378
0.249802 0.750198 0
0.208109 0.791891 0
0.291531 0.708469 0
0.162046 0.574019 0.263935
0.293798 0.218134 0.488068
0.098268 0.0689533 0.832779
0.113654 0.175875 0.710471
5.55112e-17 1 0
0.0842917 0 0.915708
0.0192419 0.0457995 0.934959
9.90767e-18 0.178481 0.821519
0.345334 0.404666 0.25
1.59711e-17 0.287709 0.712291
0.282528 0.101889 0.615584
0.246347 0.177844 0.575809
0.542992 6.02842e-17 0.457008
0.382627 0.30359 0.313782
2.12641e-17 0.383061 0.616939
0.278834 0.447949 0.273217
6.15345e-18 0.110851 0.889149
0.376939 0.184053 0.439007
2.4393e-17 0.439425 0.560575
0.625725 0.374275 0
0.0265426 0.21997 0.753488
2.9756e-17 0.536036 0.463964
0.105919 0.644081 0.25
0.159568 0.3306 0.509832
0.598665 0.010978 0.390357
0.0798 0.249496 0.670704
0.42471 0.223293 0.351997
0.0783338 0.495424 0.426242
0.0795367 0.371194 0.549269
0.194954 0.0200547 0.784991
3.59903e-17 0.648344 0.351656
0.312795 0.357037 0.330168
0.674027 0.0759729 0.25
0.750716 0.249284 0
0.0415615 0.958438 0
0.345743 0.262212 0.392046
0.194255 0.486392 0.319353
0.458586 0.541414 0
0.552277 0.101243 0.346481
0.598984 0.144815 0.2562
0.542218 0.457782 0
0.709074 0.290926 0
0.379954 4.21834e-17 0.620046
0.075283 0.606244 0.318473
4.16334e-17 0.75 0.25
0.0688054 0.139048 0.792147
0.149955 1.66483e-17 0.850045
0.917009 0.0829912 0
0.79234 0.20766 0
0.46842 0.264912 0.266668
0.415828 0.334172 0.25
