0.488926 0.180254 0.33082
0.2381 0.482393 0.279507
0.182603 0.320368 0.497029
0.268838 0.39828 0.332882
0.684731 0.0488842 0.266385
0.0344424 0.685506 0.280051
0.0794948 0.920505 0
0.925559 0.074441 0
0.198078 0.801922 0
0.462336 0.262859 0.274806
0.209328 2.32401e-17 0.790672
0.385101 0.0377929 0.577106
0.348576 0.371432 0.279992
0.354894 0.645106 0
0.352399 3.91241e-17 0.647601
0.276808 0.723192 0
0.440898 0.147161 0.411941
0.45183 5.01632e-17 0.54817
0.119099 0.880901 0
2.27679e-17 0.410151 0.589849
0.408728 0.226232 0.36504
0.19739 0.552608 0.250002
1.52912e-17 0.275462 0.724538
0.0397993 0.960201 0
0.604791 0.0550413 0.340167
0.569722 0.145312 0.284966
0.0292207 0.0313491 0.93943
3.63854e-17 0.655461 0.344539
0.154332 0.514667 0.331
0.738432 0.261568 0
0.624892 0.375108 0
0.222658 0.239861 0.537481
0.851082 0.148918 0
0.432838 0.567162 0
0.128835 0.166119 0.705046
0.471458 0.528542 0
0.0952208 0.36455 0.54023
0.393831 0.606169 0
0.00141876 0.473526 0.525055
3.03181e-23 0.104888 0.895112
0.0911313 0.124725 0.784144
0.30259 0.0836255 0.613785
0.308138 0.191667 0.500195
0.813688 0.186312 0
0.548214 0.451786 0
0.418115 0.331883 0.250002
0.145201 0.400894 0.453905
5.55112e-17 1 0
0.414789 0.0957168 0.489495
0.0762294 0.560895 0.362876
0.48807 0.0641569 0.447773
0.315822 0.684178 0
5.05982e-17 4.91293e-18 1
0.142127 0.0315783 0.826295
0.529452 0.0976201 0.372928
0.888367 0.111633 0
0.237416 0.762584 0
0.0638978 0.0803877 0.855714
0.0886086 0.243331 0.668061
0.585384 6.49907e-17 0.414616
0.120977 0.592615 0.286407
1 0 0
0.0398023 0.207298 0.752899
4.16332e-17 0.749998 0.250002
0.378219 0.291245 0.330535
0.776164 0.223836 0
0.662831 0.337169 0
0.700673 0.299327 0
0.212563 0.129263 0.658174
0.17219 0.0842477 0.743563
1.90305e-17 0.342823 0.657177
0.518677 5.75847e-17 0.481323
0.250848 0.0578801 0.691272
0.280917 3.11881e-17 0.719083
0.309269 0.313856 0.376875
0.102772 1.141e-17 0.897228
0.0998949 0.484786 0.415319
0.0989248 0.651073 0.250002
0.53214 0.217858 0.250002
0.0624187 0.317178 0.620403
0.227597 0.357081 0.415322
0.668297 7.41959e-17 0.331703
0.635808 0.11419 0.250002
0.749998 8.32665e-17 0.250002
0.346515 0.123702 0.529783
2.98793e-17 0.538258 0.461742
0.510019 0.489981 0
0.173928 0.205281 0.62079
9.81932e-18 0.176889 0.823111
0.188722 0.439751 0.371528
0.158648 0.841352 0
0.357803 0.208574 0.433622
0.962821 0.0371785 0
0.139406 0.281782 0.578812
0.259885 0.161497 0.578618
0.308169 0.441829 0.250002
0.269739 0.273556 0.456706
0.586496 0.413504 0
0.0117197 0.590976 0.397305
0.0661289 0.441517 0.492354
