0.398755 0.601245 0
0.26182 0.209508 0.528672
0.341689 0.0325591 0.625752
0.479803 0.270197 0.25
0.0497317 0.684587 0.265681
0.318608 0.681392 0
2.87384e-17 0.517705 0.482295
0.680107 0.319893 0
0.479042 0.520958 0
0.667621 0.0823795 0.25
0.0812886 9.02484e-18 0.918711
0.0706736 0.243234 0.686092
0.118786 0.0299191 0.851295
0.438093 0.187073 0.374833
0 0.278197 0.721803
0.406153 0.139905 0.453943
0.75 8.32667e-17 0.25
5.53793e-17 1.31859e-19 1
0.408164 4.53153e-17 0.591836
0.800381 0.199619 0
0.104284 0.287598 0.608118
0.629966 0.0353876 0.334647
0.303436 0.255148 0.441417
0.406857 0.331408 0.261736
0.0795402 0.92046 0
0.438854 0.561146 0
0.0200121 0.450247 0.529741
0.358654 0.641346 0
0.920259 0.0797407 0
0.188412 0.370872 0.440716
0.593506 6.58924e-17 0.406494
0.270232 0.330838 0.398929
0.335539 0.17331 0.491151
2.22077e-17 0.400059 0.599941
0.599345 0.123661 0.276994
0.233751 0.0264282 0.739821
0.515264 0.15636 0.328376
0.27863 0.72137 0
0.880385 0.119615 0
0.238714 0.761286 0
0.224117 0.164606 0.611277
0.357144 0.294246 0.34861
0.159027 0.840973 0
0.119258 0.880742 0
0 0.0585067 0.941493
0.147714 0.203456 0.64883
0.0557271 0.605877 0.338395
0.347402 0.402598 0.25
0.375517 0.22323 0.401254
0.147628 0.450083 0.402289
4.16334e-17 0.75 0.25
0.152033 0.0786549 0.769312
0.263267 0.0804887 0.656244
0.115037 0.634963 0.25
0.44311 0.0635616 0.493328
0.223161 0.526839 0.25
0.526429 0.0210743 0.452497
3.25316e-17 0.586037 0.413963
0.039699 0.960301 0
0.450232 0.240005 0.309763
5.55112e-17 1 0
0.692225 7.68525e-17 0.307775
0.599674 0.400326 0
0.0175506 0.330528 0.651922
0.225845 0.290532 0.483622
0.478277 5.30995e-17 0.521723
0.186259 0.489343 0.324398
0.482476 0.105296 0.412228
0.149765 0.569961 0.280274
0.147566 0.328771 0.523662
0.554965 0.195035 0.25
0.720224 0.279776 0
0.10061 0.533114 0.366276
0.188016 0.118635 0.693349
0.639892 0.360108 0
0.275713 0.456636 0.267651
0.0673717 0.491065 0.441563
0.231767 0.411934 0.356299
0.107214 0.163618 0.729168
0 0.160549 0.839451
0.311963 0.36909 0.318947
0.184236 0.248133 0.567632
0.556299 0.078282 0.365419
0.198848 0.801152 0
3.71315e-17 0.668901 0.331099
0.760296 0.239704 0
0.189939 2.10875e-17 0.810061
0.840463 0.159537 0
0.0209994 0.207669 0.771331
0.960121 0.0398788 0
1 0 0
0.29998 0.123809 0.57621
0.302806 3.36182e-17 0.697194
0.0760747 0.119188 0.804737
0.55948 0.44052 0
0.0706941 0.36527 0.564036
0.519286 0.480714 0
0.105082 0.410843 0.484075
0.0324473 0.0879902 0.879562
0.372048 0.0873312 0.540621
