0.243065 0.338491 0.418444
0.617969 0.0985447 0.283487
0.401158 0.340634 0.258208
0.120216 0.461279 0.418505
0.230055 0.117636 0.652309
0.44398 0.243324 0.312696
0.587036 0.162964 0.25
0.521162 0.0854253 0.393413
0.111047 0.343421 0.545532
0.532304 0.00901468 0.458681
0.27069 0.154587 0.574724
0.0772553 0 0.922745
1 0 0
0.433105 0.0712328 0.495662
0.094498 0.655502 0.25
7.14577e-18 0.128727 0.871273
0.400027 0.0211866 0.578787
0.601969 6.6832e-17 0.398031
0.686796 0.0632041 0.25
0.383698 0.158769 0.457533
0.352921 3.91821e-17 0.647079
0.470973 5.22885e-17 0.529027
0.185173 0.187489 0.627338
0.066327 0.209135 0.724538
0.957601 0.0423991 0
0.123218 0.876782 0
0.00765662 0.059127 0.933216
0.672565 7.46697e-17 0.327435
3.20796e-17 0.577895 0.422105
1.38864e-17 0.250155 0.749845
0.177685 1.9727e-17 0.822315
0.31339 0.075892 0.610718
0.53675 0.46325 0
0.296425 0.358386 0.345189
0.195455 0.0891508 0.715395
2.84215e-17 2.70896e-17 1
1.78042e-17 0.320731 0.679269
0.343569 0.249828 0.406604
0.620143 0.379857 0
0.527332 0.203474 0.269194
0.0763347 0.290247 0.633419
0.495174 0.504826 0
0.275333 0.27287 0.451797
0.0920716 0.541459 0.366469
0.114584 0.21968 0.665735
0.75 8.32667e-17 0.25
0.164311 0.835689 0
0.156092 0.381631 0.462277
0.0410622 0.958938 0
0.4588 0.116087 0.425112
0.193546 0.30591 0.500544
0.0691299 0.607864 0.323006
0.248783 0.438554 0.312662
0.288027 0.711973 0
5.55112e-17 1 0
0.246734 0.753266 0
0.74606 0.25394 0
0.368641 0.301191 0.330168
0.246696 2.73888e-17 0.753304
0.152172 0.265012 0.582816
0.203137 0.413223 0.383639
3.57898e-17 0.644732 0.355268
0.0176137 0.180306 0.802081
0.582941 0.0638296 0.35323
0.158286 0.591714 0.25
0.0821377 0.917862 0
8.03015e-17 0.481852 0.518148
0.329318 0.670682 0
0.205485 0.794515 0
0.034549 0.362721 0.60273
0.500067 0.157435 0.342498
0.915196 0.0848039 0
0.203057 0.529851 0.267092
0.273853 0.476147 0.25
6.97396e-17 0.418479 0.581521
0.0743541 0.426119 0.499527
0.453625 0.546375 0
0.344462 0.405538 0.25
0.231178 0.229569 0.539252
0.872789 0.127211 0
0.70402 0.29598 0
0.105756 0.0295581 0.864685
0.37072 0.62928 0
0.0388313 0.509408 0.451761
0.412233 0.587767 0
0.473231 0.276769 0.25
0.0240447 0.691152 0.284804
0.0700734 0.101483 0.828444
0.165921 0.496183 0.337897
0.417347 0.201653 0.381
0.830463 0.169537 0
0.353844 0.110657 0.535499
0.662074 0.337926 0
0.578474 0.421526 0
0.115907 0.143318 0.740776
4.16334e-17 0.75 0.25
0.310717 0.19541 0.493873
0.150589 0.0647764 0.784635
0.788257 0.211743 0
0.281673 0.029725 0.688602
