0.144773 0.162718 0.692509
0.0716465 0.678353 0.25
0.264743 0.0298756 0.705381
0.377161 0.056515 0.566324
0.152975 0.0244469 0.822579
0.588675 6.53561e-17 0.411325
0.584142 0.415858 0
0.332465 3.6911e-17 0.667535
0.405389 0 0.594611
0.105616 1.17258e-17 0.894384
0.75 8.32667e-17 0.25
0.146648 0.289572 0.56378
3.21211e-17 0.578643 0.421357
0.182561 0.0796306 0.737809
0.478322 0 0.521678
0.319267 0.30806 0.372674
0.0297104 0.0319729 0.938317
0.962365 0.0376348 0
0.660363 0.339637 0
0.43037 0.56963 0
0.0524962 0.636397 0.311107
0.924837 0.0751633 0
0.126747 0.493086 0.380167
2.03792e-17 0.367119 0.632881
2.74528e-17 0.494546 0.505454
1 0 0
0.487722 0.23534 0.276938
0.469121 0.530879 0
0.300472 0.0821477 0.61738
5.3083e-17 2.4282e-18 1
0.622309 0.377691 0
0.507575 0.492425 0
0.545979 0.454021 0
0.196652 0.803348 0
0.774233 0.225767 0
0.0394195 0.96058 0
0.342953 0.127609 0.529438
0.0136825 0.294723 0.691594
0.103721 0.119036 0.777243
0.600147 0.120093 0.27976
0.558714 0.191286 0.25
0.887297 0.112703 0
0.262743 0.164622 0.572635
0.266833 0.287686 0.445482
0.223885 0.11947 0.656644
0.105866 0.374715 0.519419
0.553141 0.0786145 0.368245
0.446987 0.303013 0.25
5.98837e-18 0.107877 0.892123
0.274883 0.725117 0
0.0865897 0.572284 0.341126
0.736349 0.263651 0
0.199631 0.459423 0.340946
0.222757 0 0.777243
0.0763616 0.453426 0.470213
0.305751 0.205146 0.489103
0.516985 0.154618 0.328397
0.0686017 0.201562 0.729836
3.6877e-17 0.664316 0.335684
0.340391 0.409609 0.25
0.0787985 0.921202 0
0.352895 0.647105 0
0.691084 7.67257e-17 0.308916
0.225212 0.247525 0.527263
0.0710217 0.0768926 0.852086
0.170335 0.539476 0.290188
0.43118 0.0795503 0.489269
0.475025 0.113458 0.411517
5.55112e-17 1 0
0.518895 0.0275428 0.453562
0.0693588 0.330526 0.600116
0.118186 0.881814 0
0.235773 0.764227 0
0.296887 0.368418 0.334695
0.849613 0.150387 0
0.0141864 0.165677 0.820137
0.0555661 0.53205 0.412384
0.188047 0.332622 0.479331
0.391611 0.158524 0.449864
0.3139 0.6861 0
0.0169019 0.42227 0.560828
0.402434 0.267703 0.329863
0.272489 0.441167 0.286344
0.438675 0.193806 0.367518
0.154024 0.414149 0.431827
0.240259 0.509741 0.25
4.16334e-17 0.75 0.25
1.31592e-17 0.237055 0.762945
0.628591 0.0330349 0.338374
0.668136 0.0818645 0.25
0.698418 0.301582 0
0.811933 0.188067 0
0.391634 0.608366 0
0.101187 0.249359 0.649454
0.229729 0.379424 0.390847
0.157505 0.842495 0
0.183112 0.205798 0.61109
0.37726 0.343526 0.279214
0.143324 0.606676 0.25
0.35333 0.235038 0.411631
