0.958547 0.041453 0
0.509394 0.490606 0
0.641917 7.12671e-17 0.358083
0.228615 0.0739015 0.697483
0.153102 0.104385 0.742513
0.0770906 0.922909 0
0.538746 5.98128e-17 0.461254
0.284162 0.465838 0.25
0.305315 0.0316001 0.663084
0.0769708 0.137381 0.785648
0.194558 0.149156 0.656286
2.75485e-17 0.496269 0.503731
9.37866e-18 0.168951 0.831049
0.163772 0.347822 0.488405
3.45158e-18 0.0621782 0.937822
0.373844 0.0505682 0.575588
0.194245 0.0210227 0.784732
0.262822 2.91791e-17 0.737178
1 0 0
0.130499 0.42863 0.440871
0.271606 0.728394 0
0.0292517 0.097794 0.872954
0.75 8.32667e-17 0.25
2.36086e-17 0.425295 0.574705
0.0366713 0.209083 0.754246
0.0843896 0.514318 0.401293
0.688531 0.0257379 0.285731
0.402971 0.095819 0.50121
0.580154 0.169846 0.25
3.14891e-17 0.567257 0.432743
0.280078 0.105783 0.614139
0.508296 0.241704 0.25
0.651918 0.0980821 0.25
0.207253 0.387684 0.405063
0.124731 0.54962 0.32565
0.154462 0.845538 0
0.362411 0.308983 0.328606
0 0 1
0.323415 0.139524 0.537061
0.035576 0.35572 0.608704
0.0780377 0.000496428 0.921466
0.281888 0.22405 0.494062
0.450075 4.99684e-17 0.549925
0.793554 0.206446 0
0.599995 0.0724725 0.327533
0.311095 0.688905 0
0.513122 0.102833 0.384046
0.752491 0.247509 0
0.239285 0.186007 0.574708
1.46743e-17 0.264348 0.735652
0.147161 0 0.852839
0.3618 0.182351 0.455849
0.670733 0.329267 0
0.362428 4.02376e-17 0.637572
0.322609 0.265942 0.411449
0.567567 0.0284243 0.404009
0.331379 0.395022 0.273599
0.549376 0.450624 0
4.16334e-17 0.75 0.25
0.036818 0.599275 0.363907
0.711491 0.288509 0
0.401005 0.227367 0.371628
0.0837178 0.389449 0.526833
0.193416 0.806584 0
0.401011 0.348989 0.25
0.0385592 0.961441 0
0.168584 0.471648 0.359768
1.8126e-17 0.326529 0.673471
0.23248 0.76752 0
0.429406 0.570594 0
0.630058 0.369942 0
0.0577084 0.466001 0.476291
0.875684 0.124316 0
0.548683 0.143678 0.307639
0.439204 0.140456 0.42034
0.0750982 0.271343 0.653559
0.200389 0.267159 0.532452
5.55112e-17 1 0
0.286689 0.349404 0.363907
0.834563 0.165437 0
0.0597318 0.690268 0.25
0.165849 0.584151 0.25
0.244056 0.30678 0.449164
0.10781 0.0648782 0.827312
0.11844 0.309769 0.57179
0.589414 0.410586 0
0.350445 0.649555 0
0.0927896 0.627559 0.279652
0.469364 0.530636 0
0.113613 0.187015 0.699372
0 0.668759 0.331241
0.476426 0.0493261 0.474248
0.213294 0.514835 0.271871
0.246764 0.428692 0.324544
0.474937 0.18989 0.335173
0.917076 0.0829242 0
0.441817 0.27687 0.281313
0.3899 0.6101 0
0.15621 0.228692 0.615098
0.115733 0.884267 0
