0.959309 0.0406906 0
2.44448e-17 0.440358 0.559642
0.297453 0.342411 0.360136
8.43808e-18 4.70731e-17 1
0.386197 0.0657118 0.548091
0.689429 7.6542e-17 0.310571
5.55112e-17 1 0
0.300022 0.219567 0.480411
0.0661583 0.211484 0.722358
0.0370184 0.472224 0.490758
0.75 0 0.25
0.485937 5.39498e-17 0.514063
0.514859 0.485141 0
0.342558 0.14021 0.517232
0.0968095 0.135519 0.767671
0.08849 0.388354 0.523156
6.34871e-18 0.114368 0.885632
0.315828 0.684172 0
0.345461 0.0292873 0.625251
0.13783 0.0589445 0.803226
0.0126456 0.300164 0.68719
0.0201897 0.0414213 0.938389
0.625583 0.0297357 0.344682
0.417761 4.63808e-17 0.582239
0.519783 0.230217 0.25
3.01096e-17 0.542406 0.457594
0.259185 0.179617 0.561199
0.0976793 0.258591 0.64373
0.341514 0.386506 0.271981
0.174976 0.461954 0.36307
0.422427 0.217434 0.360139
0.375279 0.300013 0.324708
0.22087 0.13406 0.64507
0.384816 0.175641 0.439542
0.180777 0.0910911 0.728132
0.223231 0.503872 0.272898
0.298597 0.101629 0.599773
0.232518 0 0.767482
0.546276 0.0869355 0.366788
3.41533e-17 0.615251 0.384749
0.0931386 0 0.906861
0.411103 0.338897 0.25
0.671559 0.0784409 0.25
0.255194 0.420256 0.324549
0.162847 1.80796e-17 0.837153
0.21346 0.382172 0.404368
0.256912 0.301594 0.441494
0.58551 6.50047e-17 0.41449
1 0 0
0.595126 0.404874 0
0.456033 0.266611 0.277356
0.554938 0.445062 0
0.138012 0.535689 0.326298
0.0786646 0.921335 0
1.34802e-17 0.242837 0.757163
0.178883 0.217789 0.603328
0.339243 0.258614 0.402143
0.877954 0.122046 0
0.583084 0.166916 0.25
0.635263 0.364737 0
0.236409 0.763591 0
0.39538 0.60462 0
0.474998 0.525002 0
0.17312 0.343733 0.483147
0.177014 0.572986 0.25
0.46744 0.130416 0.402144
0.218048 0.260566 0.521386
0.0766846 0.673315 0.25
0.715867 0.284133 0
0.0668692 0.0829927 0.850138
0.293494 0.456506 0.25
0.117996 0.882004 0
0.142371 0.173458 0.68417
0.128295 0.426159 0.445546
0.918625 0.0813754 0
0.431749 0.0908629 0.477388
0.062758 0.33976 0.597482
0.039307 0.960693 0
4.16334e-17 0.75 0.25
0.515081 0.0384605 0.446459
0.675558 0.324442 0
0.0120905 0.173144 0.814765
0.0877388 0.503685 0.408576
0.598481 0.107777 0.293742
0.355617 0.644383 0
0.196873 0.803127 0
0.138254 0.300548 0.561198
0.435133 0.564867 0
0.157466 0.842534 0
0.00429791 0.683381 0.312321
0.256789 0.0496537 0.693557
2.05131e-17 0.369532 0.630468
0.837375 0.162625 0
0.0606752 0.580838 0.358486
0.501487 0.175335 0.323178
0.276119 0.723881 0
0.101874 0.614802 0.283325
0.318325 3.53411e-17 0.681675
0.796786 0.203214 0
0.756278 0.243722 0
