2.86602e-17 0.516296 0.483704
0.721965 0.278035 0
0.568657 0.181343 0.25
1.86906e-17 3.68206e-17 1
0.0187902 0.566735 0.414475
0.633868 0.0307987 0.335333
0.318326 0.118762 0.562912
0.249829 0.405489 0.344681
0.0236387 0.446399 0.529963
0.0775081 0.362934 0.559558
0.0228637 0.688346 0.28879
0.0140194 0.148804 0.837177
0.11505 0.403443 0.481507
0.362407 0.637593 0
1.21455e-17 0.218793 0.781207
0.0419297 0.0177762 0.940294
0.442596 0.557404 0
0.0608036 0.189399 0.749797
0.322301 0.677699 0
5.55112e-17 1 0
0.463286 0.186557 0.350157
0.671326 0.0786743 0.25
0.880888 0.119112 0
0.317838 0.250952 0.43121
0.319044 3.5421e-17 0.680956
0.0768835 0.0633445 0.859772
0.642431 0.357569 0
0.0743133 0.479237 0.446449
0.693782 7.70253e-17 0.306218
3.53997e-17 0.637705 0.362295
0.240838 0.159361 0.599801
0.392972 0.217657 0.389372
0.605604 0.112938 0.281458
0.406007 0.343992 0.25
0.84118 0.15882 0
0.118484 1.31544e-17 0.881516
0.282139 0.717861 0
0.495057 0.0951715 0.409771
0.431393 4.78942e-17 0.568607
0.360893 0.297341 0.341767
0.391692 0.0834623 0.524846
0.801459 0.198541 0
0.278067 0.20454 0.517392
0.920596 0.079404 0
0.602532 0.397468 0
0.283825 0.33061 0.385565
0.201688 0.365305 0.433007
0.250075 0.0175096 0.732416
0.761709 0.238291 0
0.107876 0.518427 0.373697
0.562625 0.437375 0
0.0403576 0.959642 0
0.333849 0.37534 0.290811
0.159497 0.324062 0.516441
0.167175 0.0702947 0.76253
0.307255 0.442744 0.25
0.522617 0.477383 0
0.528887 0.150232 0.320881
4.16334e-17 0.75 0.25
0.530641 5.8913e-17 0.469359
0.19398 2.15361e-17 0.80602
0.163487 0.199081 0.637433
0.201599 0.798401 0
0.199406 0.243469 0.557124
0.0700172 0.600713 0.32927
0.0826214 0.24237 0.675009
0.75 0 0.25
0.168992 0.581008 0.25
1 0 0
1.61268e-17 0.290514 0.709486
0.281518 0.0754509 0.643031
0.502473 0.247527 0.25
2.22218e-17 0.400313 0.599687
0.0963655 0.653634 0.25
0.117333 0.284047 0.59862
0.202621 0.476168 0.321211
0.160005 0.440307 0.399688
0.362926 0.0271795 0.609895
0.426821 0.131944 0.441235
0.482619 0.517381 0
0.402579 0.597421 0
0.960294 0.0397062 0
0.353582 0.168652 0.477766
0.682227 0.317773 0
0.561283 0.0696281 0.369089
0.161348 0.838652 0
0.241862 0.758138 0
0.241568 0.508432 0.25
0.240244 0.286534 0.473222
5.23739e-18 0.0943485 0.905651
0.466126 0.0383934 0.495481
0.143896 0.551501 0.304603
0.207864 0.109765 0.682371
0.0806916 0.919308 0
0.121019 0.878981 0
0.0286843 0.329429 0.641887
0.132295 0.153506 0.714199
0.436325 0.270745 0.29293
0.595522 6.61162e-17 0.404478
0.0984318 0.106479 0.795089
