0.347919 0.156871 0.49521
0.76461 0.23539 0
0.42261 4.69191e-17 0.57739
0.353755 0.0219878 0.624257
0.31004 0.108316 0.581644
0.122517 0.877483 0
3.76732e-17 0.67866 0.32134
0.238459 2.64742e-17 0.761541
0.156297 0.593703 0.25
0.163159 0.836841 0
1.43236e-17 0.258031 0.741969
0.146943 0.430754 0.422303
0.312484 0.236712 0.450804
0.0771484 8.56519e-18 0.922852
0.572589 0.167084 0.260327
0.690112 0.0331584 0.27673
0.725063 0.274937 0
3.28762e-18 0.0592244 0.940776
0.117975 0.138313 0.743712
0.486424 0.513576 0
0.438366 0.26371 0.297924
0.231813 0.270269 0.497919
0.485085 0.196162 0.318754
0.365969 0.634031 0
0.649239 7.208e-17 0.350761
0.353815 0.387985 0.2582
0.289237 0.460763 0.25
0.316689 0.35234 0.330971
0.307435 3.41322e-17 0.692565
0.423241 0.114826 0.461933
0.882566 0.117434 0
0.154541 0.181418 0.664042
0.0709159 0.464619 0.464465
0.645899 0.354101 0
0.360422 0.281878 0.357701
0.0408919 0.959108 0
0.0754583 0.220927 0.703615
0.803986 0.196014 0
0.217349 0.523232 0.259419
0.921791 0.0782095 0
0.259385 0.429416 0.311198
0.446409 0.553591 0
0.0781746 0.671825 0.25
0.456451 0.15972 0.383829
2.76991e-17 0.498982 0.501018
0.606776 0.0760192 0.317205
0.190764 0.227226 0.582011
0.385087 0.0752128 0.539701
0.498442 0.0766254 0.424933
0.14413 1.60017e-17 0.85587
0.244454 0.755546 0
0.0471479 0.071551 0.881301
0.106488 0.387818 0.505694
0.122731 0.556895 0.320374
0.203783 0.796217 0
0.270797 0.190811 0.538392
4.84094e-17 9.73074e-17 1
0.642875 0.107125 0.25
0.685458 0.314542 0
0.231486 0.146058 0.622456
0.8433 0.1567 0
0.0979479 0.51646 0.385592
0.960898 0.0391017 0
8.23527e-18 0.148353 0.851647
0.511018 0.238982 0.25
0.0292121 0.186006 0.784781
0.0246702 0.547532 0.427798
0.526388 0.473612 0
0.28505 0.71495 0
2.09732e-17 0.377819 0.622181
0.189003 0.349484 0.461513
0.417991 0.332009 0.25
3.37138e-17 0.607335 0.392665
0.535049 5.94024e-17 0.464951
0.0817008 0.918299 0
0.227328 0.390103 0.382569
0.579772 0.0233811 0.396846
0.566173 0.433827 0
4.16334e-17 0.75 0.25
0.75 8.32667e-17 0.25
0.181084 0.475834 0.343082
0.168521 0.0439771 0.787501
0.072004 0.343307 0.584689
1 0 0
0.0875176 0.0975197 0.814963
0.466922 0.0249711 0.508107
0.150886 0.306491 0.542623
0.108801 0.26523 0.625969
0.389197 0.204418 0.406385
0.606099 0.393901 0
0.27382 0.312662 0.413518
0.40621 0.59379 0
5.55112e-17 1 0
0.0204774 0.307722 0.6718
0.536109 0.115841 0.34805
0.269475 0.066693 0.663832
0.063714 0.627886 0.3084
0.196629 0.0949447 0.708426
0.0185796 0.429472 0.551948
0.325471 0.674529 0
