0.13274 0.61726 0.25
0.16639 0.320595 0.513014
0.40145 0.59855 0
0.381358 0.271663 0.346979
0.0807 0.476878 0.442422
0.295231 0.437479 0.26729
0.291544 0.0907263 0.617729
0.381762 0.154547 0.463691
0.241029 0.758971 0
0.293382 0.313533 0.393084
9.14104e-17 1.09383e-17 1
0.800622 0.199378 0
0.208172 0.357439 0.434389
0.366708 0 0.633292
0.340351 0.117997 0.541652
0.512636 0.0200318 0.467332
0.033124 0.332164 0.634712
0.139765 0.156382 0.703853
0.582851 6.47094e-17 0.417149
0.100606 0 0.899394
0.920237 0.0797631 0
0.960124 0.0398765 0
0.521467 0.478533 0
0.164667 0.435467 0.399867
0.687201 0.0412743 0.271525
2.9128e-17 0.104944 0.895056
0.880357 0.119643 0
0.463306 0.222877 0.313817
6.73127e-17 0.404197 0.595803
0.36138 0.63862 0
0.46444 5.15632e-17 0.53556
0.251501 0.394925 0.353574
0.29596 0.197876 0.506164
0.0635392 0.197338 0.739122
0.281171 0.718829 0
0.496206 0.253794 0.25
0.47004 0.107425 0.422535
0.143656 0.0274226 0.828921
0.0040328 0.684535 0.311433
8.28337e-17 0.298439 0.701561
6.34611e-17 0.228642 0.771358
0.634331 0.115669 0.25
3.45876e-17 0.623062 0.376938
0.840491 0.159509 0
0.252005 0.277246 0.470749
0.069528 0.67177 0.258702
0.561385 0.438615 0
0.390026 0.0365438 0.57343
0.424945 0.313823 0.261232
0.160738 0.839262 0
0.561256 0.18226 0.256484
0.205802 0.471339 0.32286
0.44148 0.55852 0
1 0 0
0.0803897 0.91961 0
0.028045 0.446207 0.525748
0.720912 0.279088 0
0.6412 0.3588 0
2.8641e-17 0.515951 0.484049
0.207616 0 0.792384
0.172435 0.198877 0.628687
0.0402008 0.959799 0
0.0875987 0.245734 0.666667
0.365759 0.384241 0.25
0.252452 0.162789 0.584759
0.51289 0.145605 0.341506
0.551126 0.0650041 0.38387
0.121628 0.515878 0.362495
0.304478 0.0285281 0.666994
0.101124 0.115522 0.783354
0.0143524 0.160152 0.825495
0.120552 0.879448 0
0.0276091 0.0319455 0.940445
0.1243 0.283641 0.592059
0.338538 0.234459 0.427003
0.33275 0.349638 0.317612
0.424166 0.188189 0.387645
0.209541 0.241221 0.549238
0.0813942 0.363255 0.55535
0.681063 0.318937 0
0.601332 0.398668 0
0.171362 0.551991 0.276647
0.220518 0.108696 0.670786
0.75 8.32667e-17 0.25
0.120366 0.400428 0.479206
0.425867 0.0765747 0.497559
0.59723 0.0879822 0.314788
5.55112e-17 1 0
0.0310136 0.556286 0.4127
4.16334e-17 0.75 0.25
0.654073 7.26167e-17 0.345927
0.181506 0.0724682 0.746026
0.0675655 0.0751894 0.857245
0.24305 0.50695 0.25
0.270836 0 0.729164
0.200898 0.799102 0
0.760763 0.239237 0
0.481489 0.518511 0
0.081672 0.590928 0.3274
0.321299 0.678701 0
