0.0477457 0.54098 0.411274
0.96367 0.0363302 0
0.242003 0.757997 0
0.360819 0.639181 0
0.606028 0.100954 0.293018
0.187632 0.562368 0.25
0.0828581 0.5926 0.324542
0.578616 0.0414683 0.379915
0.458078 0.291922 0.25
0.125029 0.624971 0.25
0.0331498 0.462971 0.503879
0.477305 0.0319625 0.490733
0.164148 0.212057 0.623795
0.477545 0.522455 0
0.43902 4.8741e-17 0.56098
0.285157 0.32913 0.385713
0.198329 0.378682 0.42299
0.890746 0.109254 0
0.461838 0.176463 0.3617
8.56731e-17 0.307177 0.692823
0.75 8.32667e-17 0.25
0 0 1
0.685846 0.0213359 0.292818
0.104031 1.15498e-17 0.895969
0.630481 0.369519 0
0.503626 0.0867423 0.409631
0.546356 6.06577e-17 0.453644
0.438842 0.561158 0
3.78982e-17 0.682712 0.317288
0.354412 0.170171 0.475417
0.668164 0.331836 0
4.16335e-17 0.75 0.25
0.0111093 0.164471 0.824419
1 0 0
0.201999 0.798001 0
0.319228 0.258612 0.42216
0.148799 0.0255531 0.825648
0.161996 0.838004 0
0.81724 0.18276 0
0.554092 0.445908 0
0.664517 0.0854826 0.25
0.156493 0.342197 0.50131
0.350012 0.399988 0.25
0.19841 0.256451 0.54514
0.385169 0.217808 0.397023
0.409193 0.261315 0.329492
0.780255 0.219745 0
0.0781247 0.381183 0.540693
0.854071 0.145929 0
0.109795 0.431547 0.458657
0.0811817 0.918818 0
0.258703 0.0286199 0.712677
0.535041 0.133995 0.330964
0.287794 0.0813943 0.630812
0.387577 0.332855 0.279569
0.155364 0.458557 0.386079
0.500223 0.222773 0.277005
0.592327 0.407673 0
0.0632898 0.671596 0.265114
0.642966 7.13836e-17 0.357034
0.570631 0.179369 0.25
0.211868 0.121538 0.666594
0.0687784 0.0761377 0.855084
0.0279114 0.347371 0.624717
0.217833 2.41843e-17 0.782167
0.321312 0.678688 0
0.39997 0.60003 0
0.0613806 0.203564 0.735055
0.281926 0.718074 0
0.321928 0.123498 0.554574
0.0828312 0.257202 0.659967
0.27904 0.213196 0.507764
2.32992e-17 0.41972 0.58028
0.210956 0.4955 0.293544
0.0297587 0.030734 0.939507
2.92965e-17 0.523222 0.476778
0.39767 0.0826739 0.519656
0.134193 0.165475 0.700333
0.243331 0.169205 0.587463
0.282178 0.467822 0.25
5.55113e-17 1 0
0.705924 0.294076 0
0.430447 0.127266 0.442287
0.515964 0.484036 0
5.82986e-18 0.105021 0.894979
0.17599 0.0801623 0.743848
0.369207 0.0294378 0.601355
0.743227 0.256773 0
0.927209 0.0727914 0
0.240897 0.417266 0.341837
3.41677e-17 0.615491 0.384509
0.328771 3.6501e-17 0.671229
0.0980297 0.120137 0.781833
0.0406401 0.95936 0
9.15904e-17 0.234879 0.765121
0.317151 0.364394 0.318455
0.11654 0.299851 0.583609
0.23819 0.296448 0.465363
0.121664 0.878336 0
0.127042 0.523327 0.349631
