0.299866 0.136584 0.563551
0.0252973 0.57699 0.397712
0.269722 0.3374 0.392878
0.342879 0.407121 0.25
0.160196 0.151061 0.688744
0.444117 0 0.555883
0.545338 6.05447e-17 0.454662
2.32452e-17 0.418747 0.581253
0.102971 0.647029 0.25
0.373451 0.626549 0
0.464365 0.171745 0.36389
0.686297 0.0199823 0.293721
5.88427e-18 0.106001 0.893999
0.213681 4.74468e-17 0.786319
0.0780571 0.606588 0.315355
0.537578 0.130609 0.331813
0.75 8.32667e-17 0.25
0.575574 0.174426 0.25
0.208865 0.791135 0
0.38942 0.0866754 0.523904
3.58648e-17 0.646048 0.353952
0 0.75 0.25
0.080002 0.373278 0.54672
0.246265 0.0368461 0.716889
0.427322 0.126425 0.446253
0.393601 0.338023 0.268375
0.167223 0.832777 0
0.291275 0.708725 0
0.413951 0.586049 0
9.55863e-17 7.09471e-17 1
0.666342 0.0836582 0.25
0.113217 0.418994 0.467789
0.578439 0.0398213 0.38174
0.425166 0.251472 0.323363
0.250065 0.749935 0
0.192946 0.249811 0.557242
0.0773301 0.496485 0.426185
0.174031 0.575969 0.25
0.377232 8.37623e-17 0.622768
0.642536 7.13358e-17 0.357464
0.507755 0.216692 0.275553
0.0210336 0.275311 0.703655
0.182145 0.0819857 0.73587
0.76977 0.23023 0
0.0615696 0.316358 0.622073
0.193268 0.379608 0.427124
0.652661 0.347339 0
0.49455 0.50545 0
0.349034 0.296299 0.354667
0.0260564 0.461576 0.512368
0.808373 0.191627 0
5.55112e-17 1 0
0.202609 0.50681 0.290581
0.119337 0.537138 0.343525
0.84672 0.15328 0
0.125541 0.874459 0
1 0 0
0.257815 0.0963931 0.645792
0.21234 0.177722 0.609937
0.130393 0.280159 0.589448
0.692165 0.307835 0
0.0419201 0.95808 0
0.103698 2.30257e-17 0.896302
0.885017 0.114983 0
0.386256 0.211031 0.402713
0.463026 0.286974 0.25
0.923343 0.0766569 0
0.107153 0.115071 0.777776
0.0181143 0.158934 0.822952
0.573885 0.426115 0
0.50309 0.0861925 0.410717
0.234359 0.424454 0.341187
0.474257 0.0361934 0.489549
0.0837998 0.9162 0
0.148812 0.0269555 0.824232
0.332438 0.667562 0
0.310307 3.4451e-17 0.689693
0.534493 0.465507 0
0.307309 0.377806 0.314886
0.0746301 0.189526 0.735844
0.156195 0.334853 0.508952
0.454129 0.545871 0
0.231423 0.294771 0.473806
0.0705337 0.075271 0.854195
0.347087 0.170037 0.482875
0.110624 0.229468 0.659908
0.0292589 0.0315182 0.939223
0.267075 0.212748 0.520176
2.95516e-17 0.531956 0.468044
0.272447 0.477553 0.25
1.26268e-17 0.227464 0.772536
0.961664 0.038336 0
0.157789 0.460312 0.3819
0 0.345747 0.654253
0.339875 0.0619069 0.598218
0.613239 0.386761 0
0.730997 0.269003 0
0.308829 0.253744 0.437427
0.607801 0.097406 0.294793
0.0295784 0.689836 0.280586
