0.567566 6.30125e-17 0.432434
0.367925 0.304421 0.327653
0.0599416 0.690058 0.25
0.529653 0.0811169 0.38923
0.657628 0.342372 0
0.578693 0.103884 0.317423
0.542728 0.457272 0
0.465763 0.534237 0
0.0777906 0.922209 0
0.45325 0.126278 0.420472
0.66972 0 0.33028
0.460267 5.10999e-17 0.539733
0.272224 0.727776 0
0.294304 0.219075 0.486621
0.445929 0.267747 0.286324
0.116694 0.883306 0
0.581101 0.418899 0
0.498086 0.0319492 0.469965
0.62092 0.12908 0.25
0.143918 0.0680223 0.78806
0.683262 0.0577433 0.258994
0.490518 0.166331 0.34315
0.0314868 0.59788 0.370633
0.21327 0.264102 0.522629
0.374541 0.17467 0.450789
3.09137e-17 0.556892 0.443108
0.38741 0.0390222 0.573567
3.70229e-17 0.666944 0.333056
0.233175 0.0778387 0.688986
0.107028 0.0269023 0.866069
0.88627 0.11373 0
4.16334e-17 0.75 0.25
0.427151 0.572849 0
0.194545 0.805455 0
0.331933 0.261167 0.406901
0.547227 0.183343 0.26943
0.168496 0.349934 0.48157
0.405955 0.344045 0.25
0.772239 0.227761 0
0.290953 0.348259 0.360788
0.0147483 0.19149 0.793762
0.301281 0.0925697 0.60615
1.24769e-17 1.40093e-18 1
1 0 0
0.504261 0.495739 0
0.0762733 0 0.923727
0.810318 0.189682 0
0.167526 0.111112 0.721361
2.48096e-17 0.44693 0.55307
0.0388911 0.961109 0
0.695836 0.304164 0
0.338262 0.131491 0.530247
0 0.133803 0.866197
0.924188 0.0758117 0
0.619399 0.380601 0
0.030622 0.484176 0.485202
0.610017 0.0306651 0.359318
0.36053 4.00269e-17 0.63947
0.164774 0.585226 0.25
2.07544e-17 0.373878 0.626122
0.00448552 0.0619714 0.933543
0.311011 0.688989 0
0.0872692 0.154937 0.757794
0.335483 0.393283 0.271235
0.169827 0.226747 0.603426
0.248135 0.42833 0.323535
0.207358 0.389618 0.403024
7.04969e-17 0.253984 0.746016
0.251457 2.79174e-17 0.748543
0.388461 0.611539 0
0.285052 0.464948 0.25
0.507624 0.242376 0.25
0.848311 0.151689 0
0.155622 0.844378 0
0.0905977 0.626661 0.282741
0.0646478 0.10119 0.834162
0.133068 0.307206 0.559727
0.296862 0.0255691 0.677569
0.417422 0.0863529 0.496225
0.251374 0.305731 0.442896
0.0872577 0.266409 0.646333
0.118206 0.19501 0.686784
0.73401 0.26599 0
0.349789 0.650211 0
0.233384 0.766616 0
0.167742 0.472487 0.359771
0.208569 0.148736 0.642695
0.181319 2.01305e-17 0.818681
5.55112e-17 1 0
0.0851566 0.396634 0.518209
0.75 0 0.25
0.0815017 0.514363 0.404135
0.0603501 0.346624 0.593026
0.255101 0.179375 0.565524
0.213138 0.515457 0.271404
0.412793 0.217204 0.370003
0.0148263 0.301457 0.683717
0.12276 0.435312 0.441928
0.962104 0.0378959 0
0.122749 0.549914 0.327337
