3.71143e-20 9.71074e-17 1
0.698477 0.301523 0
0.363332 0.171515 0.465153
0.924885 0.0751147 0
0.151985 0.598015 0.25
0.444407 0.263751 0.291843
0.192828 0.37941 0.427762
0.276021 0.334925 0.389054
0.669502 0.00517307 0.325325
0.887325 0.112675 0
0.44593 0.134595 0.419476
0.962482 0.0375179 0
0.1968 0.8032 0
0.660589 0.339411 0
4.16334e-17 0.75 0.25
1.66958e-17 0.300764 0.699236
0.472623 0.0672048 0.460172
0.687458 0.0625419 0.25
0.345144 0.404856 0.25
0.239397 2.65784e-17 0.760603
0.75 8.32667e-17 0.25
0.240004 0.172836 0.587159
0.236038 0.763962 0
0.541141 0.0306214 0.428237
0.0210955 0.349276 0.629629
6.36036e-18 0.114578 0.885422
0.236584 0.295561 0.467855
0.503191 5.58655e-17 0.496809
0.0721581 0.506018 0.421824
5.55112e-17 1 0
1 0 0
0.111072 0.30193 0.586998
0.19607 0.256524 0.547406
0.538548 0.142484 0.318968
0.153869 0.339565 0.506566
0.4344 4.82281e-17 0.5656
0.400921 0.217478 0.381601
0.0745506 0.262052 0.663397
0.622662 0.377338 0
0.0808492 0.626083 0.293068
2.3336e-17 0.420385 0.579615
0.736418 0.263582 0
0.330826 3.67291e-17 0.669174
0.156542 0.217096 0.626362
0.0586067 0.691393 0.25
0.609136 6.76277e-17 0.390864
0.584552 0.415448 0
0.415542 0.334458 0.25
0.118251 0.881749 0
0.0680488 0.144723 0.787228
0.185757 0.500578 0.313664
0.280464 0.212623 0.506914
0.623017 0.0991782 0.277805
0.315695 0.370925 0.31338
0.0818665 9.08901e-18 0.918133
0.151232 0.105257 0.743511
0.107544 0.42452 0.467937
0.157531 0.842469 0
0.108869 0.549236 0.341895
0.221693 0.528307 0.25
0.774307 0.225693 0
0.507696 0.492304 0
0.320203 0.2546 0.425196
0.391814 0.608186 0
0.476685 0.178212 0.345102
0.569897 0.0733663 0.356736
0.323065 0.128146 0.548789
3.69548e-17 0.665718 0.334282
0.0219315 0.230406 0.747663
0.275874 0.459831 0.264295
0.580567 0.169433 0.25
0.078896 0.921104 0
0.36305 0.296495 0.340456
0.812038 0.187962 0
0.150411 0.461308 0.388281
0.110072 0.18336 0.706568
0.546191 0.453809 0
0.314065 0.685935 0
1.02058e-17 0.183851 0.816149
0.0211188 0.595201 0.383681
0.275094 0.724906 0
0.145288 4.83907e-17 0.854712
0.849746 0.150254 0
0.366137 0.0363856 0.597477
0.0184204 0.472333 0.509246
0.179423 0.0355586 0.785018
0.400034 0.0885981 0.511368
0.234151 0.418799 0.347051
0.430518 0.569482 0
0.252357 0.0471805 0.700463
0.0730223 0.382413 0.544565
0.469148 0.530852 0
0.512081 0.237919 0.25
0.284829 0.0887266 0.626444
0.0933948 0.0726879 0.833917
3.02157e-17 0.544318 0.455682
0.0394616 0.960538 0
0.199419 0.133641 0.66694
0.0163716 0.0490865 0.934542
0.352892 0.647108 0
