0.961033 0.0389671 0
0.31739 0.267584 0.415026
0.312638 0.16018 0.527182
0.205809 0.54419 0.25
1.83978e-17 0.331426 0.668574
0 0.102512 0.897488
0.277531 0 0.722469
0.352044 0.0771353 0.57082
0.0738284 0.294294 0.631878
0.487164 0.512836 0
0.152982 0.252831 0.594187
0.319153 0.0278965 0.652951
0.303894 0.446106 0.25
0.158742 0.12613 0.715129
0.065484 0.541221 0.393295
0.190418 0.295688 0.513895
0.232336 0.207076 0.560587
0.173861 7.721e-17 0.826139
0.111778 0.213457 0.674765
0 0 1
0.105628 0.464119 0.430253
1 0 0
0.18726 0.428152 0.384587
0.503724 5.59246e-17 0.496276
0.0301188 0.0296196 0.940262
0.566962 0.433038 0
0.475751 0.0659825 0.458267
0.122836 0.877164 0
0.341712 0.378358 0.27993
0.0756485 0.597546 0.326805
0.406778 0.593222 0
0.0259673 0.145066 0.828967
0.586274 0.163726 0.25
0.0771903 0.173018 0.749792
0.765149 0.234851 0
0.101236 0.648763 0.25
0 0.214937 0.785063
0.669964 2.97524e-16 0.330036
0.516697 0.233303 0.25
2.76866e-20 0.451168 0.548832
0.261759 0.401833 0.336408
0.527007 0.472993 0
0.120283 0.0904684 0.789249
0.804552 0.195448 0
0.285647 0.714353 0
0.572923 6.36072e-17 0.427077
0.6467 0.3533 0
0.0292377 0.687952 0.28281
0.435587 0.0220962 0.542317
0.725778 0.274222 0
0.151738 0.505281 0.342981
0.437979 0.146354 0.415666
0.237153 0.0820205 0.680827
0.62956 0.0927825 0.277657
0.449748 0.268692 0.28156
0.0203734 0.381344 0.598283
0.245051 0.754949 0
4.16334e-17 0.75 0.25
0.269351 0.246606 0.484043
0.071914 0.417456 0.51063
0.479802 0.184307 0.335891
0.402179 0.226656 0.371164
0.20434 0.79566 0
0.0409789 0.959021 0
0.27464 0.119808 0.605552
0.922021 0.0779795 0
0.519999 0.0929502 0.387051
0.0778432 0.0642149 0.857942
0.691363 0.058637 0.25
0.205829 0.0347148 0.759456
0.294702 0.331271 0.374027
0.193707 0.168015 0.638277
0.0231441 0.260552 0.716304
0.75 8.32667e-17 0.25
0.108471 0.337969 0.55356
0.388493 4.31314e-17 0.611507
0.411258 0.338741 0.25
0.686335 0.313665 0
0.369797 0.300319 0.329884
0.552344 0.132793 0.314863
0.225914 0.343364 0.430721
0.103012 9.14929e-17 0.896988
0.882998 0.117002 0
0.0819114 0.918089 0
3.58139e-17 0.645166 0.354834
0.366487 0.633513 0
0.141235 0.578174 0.280591
0.149489 0.380647 0.469864
0.843736 0.156264 0
5.55112e-17 1 0
0.600944 0.0406648 0.358391
0.326131 0.673869 0
0.447028 0.552972 0
0.0171576 0.503911 0.478931
0.163632 0.836368 0
0.396015 0.108847 0.495139
0.606846 0.393154 0
3.18629e-17 0.573991 0.426009
0.232983 0.477601 0.289417
0.355978 0.191519 0.452503
