0.468002 0.198594 0.333404
0.568518 0.181482 0.25
0.363512 0.0774941 0.558994
0.238685 0.202471 0.558844
0.496964 0.253036 0.25
0.264503 2.93657e-17 0.735497
0.0759608 0.157734 0.766305
0.114236 0.19879 0.686974
0.307181 0.0567003 0.636118
0.15629 0.117153 0.726557
0.202899 0.797101 0
0.114151 0.0809454 0.804903
0.0834631 0.401732 0.514805
0.88119 0.11881 0
0.274979 0.126012 0.599009
1 0 0
0.0583584 0 0.941642
0.349876 0.328294 0.321829
0.385126 0.364874 0.25
0.157966 1.75378e-17 0.842034
0.841599 0.158401 0
0.659086 7.31732e-17 0.340914
0.184516 0.561862 0.253621
0.394612 0.24227 0.363118
0.553683 6.14712e-17 0.446317
0.0398952 0.687847 0.272258
0.283743 0.716257 0
0.0334241 0.48149 0.485086
0.079884 0.274848 0.645268
3.62637e-17 0.653225 0.346775
0.484409 0.515591 0
8.1324e-19 5.46979e-17 1
0.585663 0.085149 0.329188
0.43831 0.14876 0.41293
0.314227 0.421265 0.264508
0.564092 0.435908 0
4.54544e-18 0.0818833 0.918117
0.404481 0.595519 0
0.960371 0.0396292 0
0.127015 0.317365 0.55562
0.464761 5.15989e-17 0.535239
0.920798 0.0792022 0
0.238589 0.328962 0.432449
0.336278 3.73343e-17 0.663722
0.51267 0.0999654 0.387365
0.222176 0.462449 0.315375
0.444485 0.555515 0
3.04962e-17 0.54937 0.45063
0.0868626 0.599802 0.313335
0.0266833 0.123036 0.850281
0.484389 0.0500588 0.465552
0.802029 0.197971 0
0.0812702 0.91873 0
0.280157 0.242254 0.477588
0.364253 0.635747 0
0.162552 0.36442 0.473029
5.55112e-17 1 0
0.60388 0.39612 0
0.11448 0.63552 0.25
0.195449 0.160908 0.643642
0.273759 0.375951 0.35029
0.75 8.32667e-17 0.25
0.401433 0.00612472 0.592442
0.0567367 0.35044 0.592824
0.683233 0.316767 0
0.124017 0.443629 0.432354
0.141421 0.520253 0.338327
0.53827 0.154093 0.307637
0.0855913 0.035128 0.879281
0.640071 0.109929 0.25
0.431391 0.291721 0.276888
0.3214 0.158607 0.519993
0.524305 0.475695 0
4.16334e-17 0.75 0.25
0.595562 0.0215638 0.382874
0.20244 0.282148 0.515412
0.643609 0.356391 0
0.243429 0.756571 0
0.159416 0.239243 0.601342
0.0867322 0.507173 0.406095
0.0406548 0.959345 0
0.257048 0.492952 0.25
0.324021 0.675979 0
0.121801 0.878199 0
0.315834 0.285151 0.399015
0.0267575 0.239015 0.734228
1.69501e-17 0.305345 0.694655
2.08962e-17 0.376432 0.623568
0.033779 0.582174 0.384047
0.197028 0.0304353 0.772537
1.07772e-17 0.194144 0.805856
0.232279 0.0810036 0.686717
0.406623 0.104234 0.489142
0.685821 0.0415686 0.27261
0.722893 0.277107 0
0.194359 0.416643 0.388998
0.360547 0.196488 0.442965
0.762487 0.237513 0
2.484e-17 0.447477 0.552523
0.162331 0.837669 0
