0.171506 0.111353 0.717141
0.521757 0.228243 0.25
0.490197 0.509803 0
0.0138165 0.325325 0.660858
4.16352e-17 0.75 0.25
0.477217 0.0388124 0.48397
0.486895 0.191236 0.32187
0.270386 0.729614 0
1.5125e-17 0.272466 0.727534
0.579088 0.0294865 0.391425
0.0829094 0.551242 0.365848
0.283257 0.466743 0.25
0.576745 0.423255 0
0.958137 0.0418628 0
0.367109 0.0701367 0.562754
0.0906707 0.909329 0
0.192856 0.557144 0.25
0.747396 0.252604 0
0.407906 0.104667 0.487427
0.451776 0.271882 0.276342
0.0619994 0.492828 0.445173
0.704888 0.295112 0
0.363447 0.312116 0.324437
0.210779 0.155126 0.634094
0.203878 0.416638 0.379484
0.348495 0.401505 0.25
0.454229 1.00859e-16 0.545771
1.70819e-17 0.102081 0.897919
0.00915679 0.454788 0.536055
0.117441 0.593898 0.28866
0.326035 0.0274421 0.646522
0.180778 0.819222 0
0.619582 0.380418 0
1.13406e-17 0.204293 0.795707
0.874158 0.125842 0
0.13067 0.456901 0.412429
0.75 8.32667e-17 0.25
0.0938451 0.656155 0.25
0.137983 0.0671189 0.794898
0.662435 0.337565 0
0.275064 0.359483 0.365453
0.0302239 0.030814 0.938962
2.91485e-17 0.525093 0.474907
0.301133 0.390334 0.308533
0.545785 6.05943e-17 0.454215
0.413698 0.336302 0.25
0.0949355 0.280604 0.62446
0.40668 0.233929 0.359391
0.284255 3.15587e-17 0.715745
0.789748 0.210252 0
0.28793 0.235588 0.476482
0.209917 0.279871 0.510212
0.533475 0.466525 0
0.0911773 0.155617 0.753206
0.574462 0.160623 0.264914
0.390332 8.6671e-17 0.609668
0.062756 0.233925 0.703319
0.324872 0.274958 0.40017
0.10149 1.12676e-17 0.89851
0.227514 0.476135 0.29635
0.0739463 0.0755755 0.850478
5.55116e-17 1 0
0.60721 0.0758628 0.316928
0.0284215 0.684579 0.286999
0.135698 0.323069 0.541233
0.32842 0.152249 0.519331
0.217357 0.0222485 0.760395
1 0 0
0.446821 0.553179 0
0.225635 0.774365 0
0.0921963 0.411542 0.496262
0.532563 0.117194 0.350243
0.650266 7.21941e-17 0.349734
0.359309 0.640691 0
0.368135 0.19115 0.440714
0.24366 0.321539 0.434801
0.690525 0.0328587 0.276616
0.135574 0.194468 0.669958
0.168934 0.369626 0.46144
0.249805 0.195275 0.55492
0.493108 0.0843263 0.422565
0.644275 0.105725 0.25
0.0453511 0.954649 0
0.171883 0.238529 0.589588
0.403149 0.596851 0
0.170474 1.89264e-17 0.829526
0.0114898 0.584914 0.403596
3.59502e-17 0.647619 0.352381
0.1575 0.508443 0.334057
0.0642917 0.362014 0.573694
0.13583 0.86417 0
0.289448 0.111594 0.598958
0.246888 0.0755832 0.677529
0.916219 0.0837806 0
0.314558 0.685442 0
0.445767 0.154139 0.400094
1.86443e-19 1.36913e-17 1
6.7253e-17 0.394802 0.605198
0.0315682 0.140995 0.827437
0.832049 0.167951 0
