0.147725 0.277444 0.574831
0.380254 0.150679 0.469068
0.026522 0.564302 0.409176
0 0.171057 0.828943
0.241896 2.68558e-17 0.758104
0.0410115 0.958989 0
0.465135 5.16403e-17 0.534865
0.201278 0.313375 0.485347
0.310612 0.078442 0.610946
0.286361 0.713639 0
0.474548 0.0987589 0.426693
0.341819 0.345666 0.312514
0.594169 6.5966e-17 0.405831
0.237971 0.356689 0.405341
0.348382 3.86781e-17 0.651618
0 0 1
0.688805 0.061195 0.25
0.236554 0.232645 0.530801
0.961122 0.0388779 0
0.429745 0.0705417 0.499713
0.528142 0.471858 0
0.647336 0.352664 0
0.0942129 0.135167 0.77062
0.883197 0.116803 0
0.326954 0.673046 0
0.522307 0.0126403 0.465053
2.89828e-17 0.522107 0.477893
0.0145006 0.454214 0.531285
0.147312 0.602688 0.25
0.372443 0.377557 0.25
0.041842 0.0221391 0.936019
0.922248 0.0777519 0
0.245517 0.754483 0
0.309015 0.307134 0.383851
0.600653 0.149347 0.25
0.367315 0.632685 0
1 1.11022e-16 0
2.21152e-17 0.398393 0.601607
0.462168 0.217974 0.319858
0.0979133 0.248121 0.653966
0.18901 0.199795 0.611195
0.0996382 0.422968 0.477393
0.0524089 0.0969595 0.850632
0.163984 0.836016 0
0.0869059 0.663094 0.25
0.169352 0.538111 0.292538
4.78524e-18 0.0862029 0.913797
0.123047 0.876953 0
3.51765e-17 0.633684 0.366316
0.044693 0.326492 0.628815
0.276974 0.261555 0.46147
0.805034 0.194966 0
0.0700544 0.369418 0.560528
0.19842 0.454999 0.346581
0.188386 0.0843663 0.727248
0.232511 0.119972 0.647517
0.667559 7.4114e-17 0.332441
0.607913 0.392087 0
0.0800764 0.590209 0.329714
0.394859 0.0229552 0.582186
0.407873 0.592127 0
0.38578 0.262985 0.351235
0.120945 0.506493 0.372561
0.844157 0.155843 0
0.204887 0.795113 0
0.561893 0.0627467 0.375361
0.241044 0.508956 0.25
0.34364 0.220831 0.435529
0.105899 0 0.894101
0.0179514 0.684656 0.297393
0.276575 0.0316708 0.691754
0.168233 0.403586 0.428181
0.277629 0.16316 0.559211
0.617141 0.0847109 0.298148
0.135935 0.0615325 0.802532
0.726566 0.273434 0
1.68965e-17 0.30438 0.69562
0.75 8.32667e-17 0.25
0.427654 0.179313 0.393033
0.542287 0.18152 0.276194
0.268584 0.403991 0.327425
0.447945 0.552055 0
0.427525 0.307108 0.265367
0.568107 0.431893 0
0.0728551 0.485184 0.441961
0.349815 0.114592 0.535592
0.488007 0.511993 0
0.146222 0.164521 0.689257
0.132557 0.347186 0.520257
0.515419 0.13584 0.348741
0.765797 0.234203 0
5.55112e-17 1 0
0.0636474 0.207802 0.728551
4.16334e-17 0.75 0.25
0.0819936 0.918006 0
0.300794 0.443541 0.255665
0.173915 1.93084e-17 0.826085
0.495818 0.254182 0.25
0.687159 0.312841 0
1.31963e-17 0.237723 0.762277
