0.517485 0.232515 0.25
0.461457 0.0302502 0.508293
8.34254e-18 0.150286 0.849714
0.120857 0.459895 0.419249
0.846231 0.153769 0
0.215929 0.0990476 0.685023
0.259964 0.459877 0.280158
0.258452 2.86939e-17 0.741548
0.222178 0.527822 0.25
0.0796798 0.67032 0.25
0.622301 0.0434256 0.334274
0.15471 0.84529 0
3.81379e-17 0.687031 0.312969
0.961571 0.0384295 0
0.0617939 6.8605e-18 0.938206
1.9108e-18 8.13559e-17 1
4.16334e-17 0.75 0.25
0.0327784 0.621588 0.345634
0.20704 0.298774 0.494186
0.172603 0.255731 0.571666
0.27955 0.0720743 0.648376
0.537272 0.09621 0.366518
0.75 8.32667e-17 0.25
2.24972e-17 0.405273 0.594727
0.292437 0.377336 0.330227
0.923141 0.0768594 0
0.418055 0.120501 0.461444
0.115681 0.574185 0.310134
0.292599 0.25535 0.45205
1.60468e-17 0.289073 0.710927
0.161597 1.79409e-17 0.838403
0.336792 0.169396 0.493813
0.374771 0.210161 0.415068
0.3335 0.4165 0.25
0.884686 0.115314 0
0.577548 0.422452 0
0.355843 0.032772 0.611385
0.0753888 0.422657 0.501955
1 0 0
0.500912 0.499088 0
0.308959 0.691041 0
0.462588 0.537412 0
0.569596 0.126909 0.303496
0.0906343 0.301807 0.607559
0.0774056 0.922594 0
0.116091 0.883909 0
0.0387232 0.961277 0
0.446384 0.303616 0.25
0.424497 4.71286e-17 0.575503
0.45422 0.158908 0.386872
0.615859 0.384141 0
0.195564 0.0388316 0.765604
0.654225 0.345775 0
0.30337 0.124094 0.572536
0.126332 0.0858813 0.787786
0.193308 0.806692 0
0.596364 6.62097e-17 0.403636
0.157254 0.13777 0.704976
0.0904736 0.0367501 0.872776
0.498214 0.0702702 0.431516
0.413183 0.252842 0.333975
0.689369 7.65354e-17 0.310631
0.529598 5.87972e-17 0.470402
0.381185 0.0834766 0.535338
4.40306e-18 0.0793186 0.920681
0.169676 0.496449 0.333875
0.0185796 0.342622 0.638799
3.22326e-17 0.580651 0.419349
0.116236 0.346315 0.537449
0.385872 0.614128 0
0.489318 0.194737 0.315944
0.270398 0.729602 0
0.0585307 0.118393 0.823076
0.322759 3.58334e-17 0.677241
0.163978 0.380596 0.455426
0.0847184 0.173704 0.741577
0.150927 0.599073 0.25
0.137031 0.212897 0.650073
0.424262 0.575738 0
0.593008 0.156992 0.25
0.255503 0.212302 0.532195
0.209592 0.419709 0.370699
0.807794 0.192206 0
0.0806065 0.536782 0.382612
0.0631406 0.25063 0.68623
0.249593 0.337855 0.412552
0.00310872 0.217369 0.779522
0.347439 0.652561 0
0.0297885 0.507982 0.46223
0.769374 0.230626 0
0.334316 0.296825 0.368859
0.231833 0.768167 0
0.222663 0.166548 0.610789
5.55112e-17 1 0
0.692599 0.307401 0
2.61446e-17 0.47098 0.52902
0.377433 0.34349 0.279078
0.539237 0.460763 0
0.730976 0.269024 0
0.668527 0.0814728 0.25
