0.0995124 0.551116 0.349372
0.513313 0.228714 0.257973
0.206727 2.29513e-17 0.793273
0.49379 5.48217e-17 0.50621
1.60554e-17 0.289229 0.710771
0.278794 0.199661 0.521546
0.118586 0.881414 0
0.0839352 0.12734 0.788725
0.180569 0.498868 0.320563
0.236764 0.763236 0
0.587792 0.162208 0.25
0.317999 0.238106 0.443895
0.546996 0.453004 0
2.27649e-17 0.410097 0.589903
0.470236 0.529764 0
0.0275759 0.217178 0.755246
0.623608 0.376392 0
1 0 0
0.099333 2.20564e-17 0.900667
0.234464 0.285893 0.479643
0.0395869 0.960413 0
0.69971 0.30029 0
0.304357 0.371666 0.323977
0.353893 0.646107 0
0.399242 0.183852 0.416906
5.89164e-18 0.106134 0.893866
0.0263234 0.0331267 0.94055
9.88933e-18 0.17815 0.82185
0.508802 0.491198 0
4.16334e-17 0.75 0.25
0.0620541 0.0798537 0.858092
5.55112e-17 1 0
0.0720688 0.373534 0.554397
0.36324 0.145872 0.490888
0.322055 0.113924 0.564021
0.274248 0.0821231 0.643629
0.541862 0.145622 0.312516
0.312769 1.04173e-16 0.687231
0.21364 0.53636 0.25
0.599401 6.65469e-17 0.400599
0.35013 0.285422 0.364447
4.31189e-17 1.07802e-16 1
0.407224 9.04219e-17 0.592776
0.420537 0.258228 0.321235
0.016539 0.464253 0.519208
0.385333 0.341896 0.272771
0.392665 0.607335 0
0.63104 0.0426297 0.32633
0.243834 0.0315893 0.724577
0.415593 0.0524803 0.531927
0.314877 0.685123 0
0.070481 0.498995 0.430524
0.0203522 0.338929 0.640719
0.267917 0.463885 0.268199
0.486668 0.12136 0.391972
0.110087 0.292932 0.59698
0.887842 0.112158 0
0.850346 0.149654 0
0.158027 0.841973 0
0.662971 0.0870287 0.25
0.162457 0.0833832 0.75416
0.0244833 0.586851 0.388666
0.197468 0.802532 0
0.156229 0.207613 0.636157
2.97738e-17 0.536358 0.463642
0.0335078 0.682952 0.28354
0.269994 0.327759 0.402246
0.585419 0.414581 0
0.194604 0.247327 0.558069
0.458573 0.194567 0.34686
0.661738 0.338262 0
0.962653 0.0373468 0
0.44681 0.0918574 0.461333
0.52986 0.0324381 0.437702
0.0753136 0.251288 0.673398
3.60367e-17 0.64918 0.35082
0.431534 0.568466 0
0.100667 0.649333 0.25
0.138527 0.0297184 0.831755
0.0791043 0.920896 0
0.145964 0.45831 0.395726
0.75 8.32667e-17 0.25
0.197594 0.123155 0.679251
0.693614 3.08027e-16 0.306386
0.564996 0.0803666 0.354637
0.925259 0.0747409 0
0.152318 0.331416 0.516267
0.775106 0.224894 0
0.337286 0.412714 0.25
0.227825 0.416404 0.355771
0.1053 0.417501 0.477199
0.453554 0.296446 0.25
0.737507 0.262493 0
0.189034 0.373631 0.437335
0.812746 0.187254 0
0.138601 0.587072 0.274327
0.349911 0.0382719 0.611817
0.115285 0.169977 0.714738
0.237784 0.162986 0.59923
0.275874 0.724126 0
