0.377524 0.265572 0.356904
0.537821 0.0403468 0.421832
4.16334e-17 0.75 0.25
0.165743 0.441746 0.392511
0.461763 0.0897709 0.448466
1 0 0
0.674959 0.0750406 0.25
0.332483 0.346464 0.321053
0.0994975 0.223566 0.676937
0.342083 0.657917 0
0.845382 0.154618 0
0.182196 0.183046 0.634758
0.181488 0.568512 0.25
0.405245 4.49912e-17 0.594755
0.384567 0.13299 0.482444
0.120167 0.595837 0.283995
0.420723 0.310388 0.268889
0.264136 0.142407 0.593456
3.81634e-17 0.68749 0.31251
0.189436 0.810564 0
0.434219 0.0386781 0.527103
0.179636 0.0648479 0.755516
0.454095 0.22076 0.325145
0.0684445 0.174141 0.757415
0 0 1
1.14227e-17 0.205773 0.794227
0.767836 0.232164 0
0.151299 0.848701 0
0 0.466852 0.533148
0.380617 0.619383 0
4.62593e-18 0.0833334 0.916667
0.495668 0.135697 0.368636
0.0096885 0.395038 0.595273
0.534879 0.465121 0
0.496265 0.503735 0
0.419107 0.580893 0
0.0848779 0.4873 0.427822
0.148841 1.65247e-17 0.851159
0.0186229 0.134537 0.84684
0.0131634 0.263907 0.72293
0.258465 0.266298 0.475236
1.85522e-17 0.334207 0.665793
0.0661838 0.302545 0.631271
0.0962567 0.350967 0.552776
0.305929 0.0645623 0.629509
0.417961 0.178003 0.404037
0.0414167 0.618346 0.340237
0.612426 0.387574 0
0.143724 0.141178 0.715098
0.107492 0.53561 0.356898
0.604041 6.7062e-17 0.395959
0.214898 0.353126 0.431976
0.303764 0.179764 0.516471
0.224953 0.100321 0.674726
0.566455 0.0954581 0.338087
0.0577499 6.41152e-18 0.94225
0.0634274 0.431836 0.504737
0.104432 0.0935876 0.80198
0.0812331 0.668767 0.25
0.573645 0.426355 0
0.265544 0.734456 0
5.55112e-17 1 0
0.690088 0.309912 0
0.0784791 0.0439546 0.877566
0.350939 0.0917131 0.557348
0.221625 0.224627 0.553747
0.227412 0.772588 0
0.651217 0.348783 0
0.177602 0.309797 0.5126
0.922718 0.0772815 0
0.217193 7.23397e-17 0.782807
0.0122586 0.527281 0.460461
0.142175 0.264974 0.592851
0.113343 0.886657 0
0.677031 7.51655e-17 0.322969
0.249283 0.500717 0.25
0.961368 0.0386316 0
0.136079 0.394529 0.469392
0.267292 0.0172825 0.715425
0.599953 0.150047 0.25
0.339638 0.222143 0.438219
3.28387e-17 0.591569 0.408431
0.806581 0.193419 0
0.75 8.32667e-17 0.25
0.335889 3.72912e-17 0.664111
0.199919 0.480922 0.319159
0.250974 0.396427 0.3526
0.295874 0.433894 0.270232
0.491041 0.258959 0.25
0.295045 0.307931 0.397025
0.634194 0.0586416 0.307164
0.457754 0.542246 0
0.0377463 0.962254 0
0.884063 0.115937 0
0.303769 0.696231 0
0.534077 0.185888 0.280034
0.728955 0.271045 0
0.368271 0.381729 0.25
0.505667 2.80702e-16 0.494333
0.0755242 0.924476 0
