0.53448 0.0990016 0.366518
0.189585 0.364381 0.446034
0.70839 0.29161 0
0.927284 0.0727164 0
0.0953349 0.552377 0.352288
0.301252 3.34457e-17 0.698748
0.0383447 0.528458 0.433197
0.00470334 0.063492 0.931805
0.606419 0.0702359 0.323345
0.468105 5.19701e-17 0.531895
0.56735 0.0244761 0.408174
0.647819 0.102179 0.250001
0.0155361 0.192979 0.791485
0.529832 0.220167 0.250001
0.298899 0.367183 0.333918
0.374353 0.31215 0.313497
0.0762275 0.346135 0.577638
0.151122 0.848878 0
0.146606 0.595625 0.257769
0.0827772 0.451307 0.465916
0.117647 0.38816 0.494193
0.27281 0.0660424 0.661147
0.0378202 0.96218 0
0.487522 0.512478 0
0.332547 0.417452 0.250001
0.191345 0.105382 0.703272
3.31631e-17 0.597414 0.402586
0.265901 0.319644 0.414455
2.11934e-17 0.381787 0.618213
0.781495 0.218505 0
0.460994 0.272147 0.266858
0.495708 0.180361 0.323931
0.338738 0.661262 0
0.155929 0.309833 0.534238
0.275157 0.182588 0.542256
0.193351 0.227908 0.578741
0.440549 0.0804632 0.478988
0.232498 0.0189995 0.748503
0.152214 0.186504 0.661283
0.890907 0.109093 0
1.46173e-17 0.263322 0.736678
0.817982 0.182018 0
0.598106 0.401894 0
1 0 0
4.16333e-17 0.749999 0.250001
0.136211 0.465715 0.398074
0.689776 0.0271404 0.283084
0.405887 0.344112 0.250001
2.75096e-17 0.49557 0.50443
0.0600969 0.627619 0.312284
0.0220026 0.312459 0.665538
0.146505 0.0729543 0.78054
0.357638 0.132568 0.509793
0.0755667 0.924433 0
5.55112e-17 1 0
0.232127 0.272216 0.495657
0.188726 0.811274 0
1.07889e-18 8.21878e-17 1
0.176759 0.502022 0.321219
0.466676 0.127034 0.40629
0.634966 0.365034 0
0.106851 0.0304301 0.862719
0.371205 4.1212e-17 0.628795
0.67176 0.32824 0
0.375927 0.624073 0
0.22035 0.414811 0.364839
0.531002 5.89531e-17 0.468998
0.413223 0.586777 0
0.577484 0.150766 0.27175
0.422361 0.22424 0.353399
0.263796 0.736204 0
0.104086 0.150527 0.745387
0.0776812 0 0.922319
0.233764 0.145193 0.621043
0.0251203 0.426957 0.547922
0.181354 2.01343e-17 0.818646
0.641902 7.12654e-17 0.358098
0.226292 0.773708 0
0.301377 0.698623 0
0.745008 0.254992 0
3.73986e-17 0.673714 0.326286
0.342735 0.269927 0.387338
0.749999 8.32666e-17 0.250001
0.217827 0.532172 0.250001
7.57559e-18 0.13647 0.86353
0.854467 0.145533 0
0.310468 0.225335 0.464196
0.0720233 0.22707 0.700907
0.263128 0.459613 0.27726
0.561182 0.438818 0
0.319005 0.0939413 0.587054
0.963641 0.0363593 0
0.110757 0.268863 0.62038
0.113357 0.886643 0
0.524351 0.475649 0
0.0776974 0.672302 0.250001
0.389936 0.177184 0.43288
0.0665883 0.104861 0.828551
0.39992 0.0413999 0.558681
0.450378 0.549622 0
