1.90816e-17 0.343352 0.656648
0.492061 0.507939 0
0.0414726 0.958527 0
0.0240445 0.385396 0.590559
0.330021 0.669979 0
4.16808e-17 0.75 0.25
0.0897537 0.161496 0.74875
0.689769 7.65798e-17 0.310231
0.484445 0.189665 0.32589
0.0035127 0.0629922 0.933495
0.269077 0.480923 0.25
0.104006 0.560243 0.335751
0.604107 6.70693e-17 0.395893
0.154539 0.595461 0.25
0.523046 0.101023 0.375931
0.0752854 5.01501e-17 0.924715
0.349374 0.0338418 0.616784
0.768668 0.231332 0
0.650843 0.349157 0
0.294755 0.116799 0.588446
0.445467 0.151234 0.403299
0.0648757 0.518509 0.416615
0.75 8.32667e-17 0.25
0.379036 0.0765449 0.544419
0.54776 0.0254654 0.426775
0.172055 0 0.827945
0.152101 0.485876 0.362023
0.246255 0.202689 0.551056
0.611049 0.388951 0
1 0 0
0.211104 0.161856 0.62704
0.155784 0.368976 0.475241
0.248146 0.751854 0
0.690263 0.309737 0
5.22862e-17 3.22492e-18 1
0.923305 0.0766945 0
0.196353 0.528103 0.275544
0.497576 1.10484e-16 0.502424
0.131974 0.202683 0.665343
0.396281 0.353719 0.25
0.846283 0.153717 0
0.407265 0.113529 0.479205
0.807555 0.192445 0
0.283116 0.243082 0.473801
0.322443 0.281497 0.396061
0.44862 0.281892 0.269488
0.199979 0.287301 0.51272
0.0982688 0.0355582 0.866173
0.206972 0.793028 0
0.208017 0.0374488 0.754534
0.451478 0.548522 0
0.517502 0.232498 0.25
0.234789 0.443704 0.321507
0.564151 0.129565 0.306285
0.240218 0.32581 0.433972
0.406259 0.238361 0.35538
0.426129 9.46196e-17 0.573871
0.165729 0.834271 0
0.473579 0.067713 0.458708
0.531818 0.468182 0
0.133299 0.0804584 0.786243
0.0717098 0.417932 0.510359
0.325026 0.409691 0.265283
0.961675 0.0383252 0
0.0829918 0.917008 0
2.55524e-17 0.459789 0.540211
0.194574 0.406444 0.398982
0.00484983 0.201245 0.793905
0.106577 0.450726 0.442696
0.327569 0.159844 0.512587
0.0812146 0.293334 0.625451
1.51031e-17 0.271763 0.728237
0.571403 0.428597 0
0.0591752 0.24076 0.700065
0.113794 0.334512 0.551694
0.163451 0.247782 0.588768
0.172628 0.120127 0.707246
0.370745 0.629255 0
0 0.134749 0.865251
0.281066 0.365831 0.353103
0.124339 0.875661 0
3.7565e-17 0.675943 0.324057
0.618991 0.0500241 0.330985
0.0772808 0.672719 0.25
0.268156 0 0.731844
0.254096 0.0806628 0.665241
0.324854 0 0.675146
0.411259 0.588741 0
0.365732 0.198961 0.435307
0.884972 0.115028 0
5.55744e-17 1 0
0.289026 0.710974 0
0.0615571 0.631212 0.307231
0.667897 0.0821034 0.25
0 0.533741 0.466259
0.0605076 0.10933 0.830162
0.360776 0.319506 0.319717
0.729458 0.270542 0
0.00443512 0.6028 0.392765
0.5927 0.1573 0.25
