0.302031 0.0959623 0.602007
0.284943 0 0.715057
0.148311 0.546638 0.305051
0.110607 0.514619 0.374774
0.567749 0.182251 0.25
0.248867 0.501133 0.25
0.00105261 0.0776204 0.921327
0.475587 0.0371508 0.487262
0.921046 0.0789536 0
0.288557 0.306214 0.405229
0.0776995 0.476709 0.445592
1 0 0
0.468892 0.281108 0.25
4.8179e-17 7.33213e-18 1
5.55112e-17 1 0
0.422056 0.131108 0.446836
0.762823 0.237177 0
0.328711 0.136747 0.534542
0.396995 0.201117 0.401888
2.01088e-17 0.362248 0.637752
0.0211663 0.565972 0.412861
0.351318 0 0.648682
8.13908e-18 0.146621 0.853379
0.443738 0.556262 0
0.881539 0.118461 0
0.563821 0.436179 0
0.723158 0.276842 0
0.201791 0.469103 0.329107
0.174281 0.575719 0.25
0.0405051 0.959495 0
0.49377 0.218087 0.288143
0.75 0 0.25
0.683392 0.316608 0
0.152867 0.18988 0.657253
0.60704 0.0811952 0.311765
0.0659609 0.106259 0.82778
4.16334e-17 0.75 0.25
0.396097 0.0926764 0.511227
0.280009 0.19896 0.521031
0.197825 0.231672 0.570502
0.283008 0.716992 0
0.171213 0 0.828787
0.291511 0.433096 0.275393
0.0252499 0.687535 0.287215
0.099476 0.0274341 0.87309
0.0755402 0.226031 0.698428
0.259709 0.0677819 0.672509
0.0206985 0.194034 0.785268
0.537325 0.129102 0.333573
0.116333 0.270468 0.613199
2.87922e-17 0.518675 0.481325
0.373777 0.270574 0.355649
0.0810045 0.918996 0
0.580808 0.0316852 0.387507
0.140379 0.0733184 0.786302
0.523826 0.476174 0
0.446285 0 0.553715
0.363518 0.636482 0
2.32931e-17 0.419611 0.580389
0.2196 0.0224461 0.757953
0.185104 0.109466 0.70543
0.643668 0.356332 0
0.841983 0.158017 0
0.650795 0 0.349205
0.20226 0.79774 0
0.0724111 0.59866 0.328929
0.960531 0.0394692 0
0.0358955 0.443555 0.520549
0.0624271 0 0.937573
0.241799 0.273205 0.484996
0.641259 0.10874 0.25
0.802431 0.197569 0
0.483774 0.516226 0
0.323271 0.676729 0
0.118517 0.393892 0.487592
0.50173 0.0872321 0.411038
0.545341 0 0.454659
0.0353019 0.30228 0.662418
0.325296 0.349025 0.32568
0.160296 0.311744 0.527961
0.46257 0.173786 0.363644
1.46114e-17 0.263216 0.736784
0.603783 0.396217 0
0.230165 0.152744 0.617091
0.329132 0.222014 0.448854
0.160646 0.432141 0.407213
0.0805901 0.350865 0.568545
0.202943 0.352102 0.444955
0.121457 0.878543 0
0.161891 0.838109 0
0.403618 0.596382 0
0.242631 0.757369 0
0.377632 0.0390665 0.583302
0.246082 0.390614 0.363304
0.0997465 0.650253 0.25
0.104316 0.151239 0.744444
0.689999 0.0346277 0.275373
0.363398 0.386602 0.25
0.408607 0.311205 0.280188
3.54281e-17 0.638216 0.361784
