0.331606 0.668394 0
0.211235 2.34518e-17 0.788765
0.241072 0.0462527 0.712675
0.0932081 0.124495 0.782296
0.265728 0.440793 0.293479
0.36082 0.196777 0.442403
1.71118e-17 0.308258 0.691742
0.165323 0.834677 0
0.279187 0.103879 0.616934
0.0667179 0.0775698 0.855712
0.0595802 0.206151 0.734269
0.0951522 0.608691 0.296157
0.0823333 0.667667 0.25
0.327419 0.0308227 0.641758
0.583692 0.416308 0
0.395402 0.115498 0.4891
0.30126 3.34465e-17 0.69874
0.18514 0.474461 0.340399
0.0825014 0.917499 0
0.162424 0.218771 0.618805
0.709417 0.290583 0
0.130693 0.170905 0.698402
0.318426 0.151596 0.529978
3.56571e-17 0.64234 0.35766
0.0838161 0.510841 0.405343
0.671135 0.0788648 0.25
0.917331 0.0826686 0
0.603059 0.146941 0.25
2.3501e-17 0.423356 0.576644
0.690942 0 0.309058
0.0293194 0.0309034 0.939777
0.0412319 0.958768 0
0.509117 5.65233e-17 0.490883
0.13605 0.540638 0.323312
0.304863 0.340213 0.354925
0.0225999 0.473383 0.504017
0.105072 0.419456 0.475472
5.55112e-17 1 0
0.19638 0.368357 0.435263
0.457469 0.542531 0
0.394268 0.28741 0.318323
0.0810381 0.260082 0.65888
0.338735 0.265438 0.395828
0.248342 0.751658 0
0.427635 0.322365 0.25
0.353717 0.365215 0.281068
0.875807 0.124193 0
0.75 8.32667e-17 0.25
0.102864 1.14201e-17 0.897136
0.499588 0.500412 0
0.143776 0.444361 0.411862
0.170437 0.579563 0.25
0.0379849 0.580195 0.38182
1 0 0
5.79742e-18 0.104437 0.895563
0.53951 0.0454471 0.415043
0.201707 0.262119 0.536174
0.441034 0.0276774 0.531289
0.234605 0.392927 0.372469
0.6675 0.3325 0
0.447928 0.2164 0.335673
0.327445 0.422555 0.25
0.373564 0.626436 0
0.623226 0.0365068 0.340267
0.123888 0.876112 0
0.358557 0.0760375 0.565405
0.958678 0.0413221 0
0.599385 6.65451e-17 0.400615
1.31363e-17 0.236642 0.763358
0.467537 0.0835209 0.448942
0.751181 0.248819 0
0.0080901 0.166583 0.825327
0.49657 0.25343 0.25
0.0189935 0.686613 0.294393
0.792853 0.207147 0
4.16334e-17 0.75 0.25
0.415486 0.584514 0
0.541659 0.458341 0
0.625656 0.374344 0
0.236632 0.513368 0.25
0.157228 0.336814 0.505959
0.206827 0.793173 0
0.289928 0.710072 0
0.024579 0.349831 0.62559
0.400462 0 0.599538
0.168103 0.0866181 0.745278
0.0733425 0.381057 0.5456
0.114901 0.30137 0.583729
0.241004 0.183469 0.575527
0.143821 0.0295713 0.826607
0.575903 0.104157 0.319939
0.283719 0.227913 0.488368
0.251315 0.29999 0.448696
0.205496 0.13322 0.661283
0.42577 0.166876 0.407354
0 0.542308 0.457692
0.501821 0.132449 0.365729
0 0 1
0.533975 0.185834 0.280191
0.834413 0.165587 0
