0.532916 5.91655e-17 0.467084
5.55112e-17 1 0
0.960661 0.0393389 0
0.524432 0.475568 0
0.599926 0.0697152 0.330359
0.763196 0.236804 0
0.640461 7.11054e-17 0.359539
0.214294 0.23621 0.549496
0.140348 0.270914 0.588739
1.86374e-17 9.23849e-17 1
0.118478 0.0997004 0.781821
0.283372 0.716628 0
0.169264 0.0109825 0.819753
0.483803 0.177812 0.338385
0.1031 0.226275 0.670625
0.292793 0.32674 0.380467
0.243019 0.756981 0
0.325586 0.242012 0.432402
0.654777 0.0952231 0.25
0.723605 0.276395 0
0.241732 2.68376e-17 0.758268
0.0774859 0.0681901 0.854324
0.0811519 0.918848 0
0.304223 0.445777 0.25
0.921268 0.0787319 0
0.407542 0.342458 0.25
1.87326e-17 0.337457 0.662543
2.58512e-17 0.465695 0.534305
0.484475 0.515525 0
0.75 8.32667e-17 0.25
0.108969 1.2098e-17 0.891031
1.20501e-17 0.217075 0.782925
0.233339 0.516661 0.25
0.472643 0.0356656 0.491691
0.688666 0.0235459 0.287788
0.134929 0.39992 0.465151
0.33669 0.377468 0.285842
0.252575 0.279189 0.468236
0.0771898 0.60383 0.31898
0.584804 0.165196 0.25
0.512916 0.0961311 0.390953
0.433379 4.81147e-17 0.566621
0.0613376 0.436924 0.501738
0.323709 0.676291 0
0.0405784 0.959422 0
0.644283 0.355717 0
0.564514 0.435486 0
0.122518 0.528202 0.34928
0.329694 0.088155 0.582151
1 0 0
3.58347e-17 0.64554 0.35446
0.202622 0.797378 0
0.204365 0.482529 0.313106
0.362542 4.02502e-17 0.637458
0.363977 0.636023 0
0.35979 0.147867 0.492342
0.553441 0.137625 0.308934
0.444403 0.555597 0
0.180884 0.1854 0.633717
0.449581 0.272062 0.278358
0.095032 0.356489 0.548479
0.0311876 0.688989 0.279824
0.202898 0.067206 0.729896
0.404234 0.595766 0
0.398085 0.0682846 0.53363
0.156983 0.140713 0.702304
2.9794e-17 0.53672 0.46328
0.121708 0.878292 0
0.162159 0.837841 0
5.65817e-18 0.101928 0.898072
0.214398 0.362035 0.423567
0.0180052 0.26778 0.714215
0.255646 0.0958348 0.648519
0.0666939 0.306401 0.626905
0.0749734 0.179699 0.745328
0.254591 0.406458 0.338951
0.0854884 0.487965 0.426546
0.0298491 0.573332 0.396819
0.168484 0.443629 0.387887
0.604427 0.395573 0
0.80284 0.19716 0
0.245733 0.157002 0.597265
0.413465 0.22828 0.358256
0.105878 0.644122 0.25
0.392573 0.191743 0.415684
0.842397 0.157603 0
0.290808 0.189625 0.519568
0.567646 0.0233646 0.40899
0.36667 0.298576 0.334754
0.0111781 0.396194 0.592628
0.683972 0.316028 0
4.16334e-17 0.75 0.25
0.514824 0.235176 0.25
0.164128 0.572914 0.262958
0.881871 0.118129 0
0.440268 0.117793 0.441939
0.0339379 0.0268953 0.939167
0.174366 0.318709 0.506925
0.29638 0.018667 0.684953
0.0242159 0.148243 0.827541
