0.0287824 0.0315838 0.939634
0.700644 0.299356 0
1 0 0
0.0243466 0.332386 0.643268
0.170832 0.0806998 0.748468
0.182086 0.817914 0
0.850422 0.149578 0
0.0764294 0.365568 0.558003
0.20225 0.243777 0.553973
0.283691 0.450138 0.266171
0.925249 0.074751 0
5.55112e-17 1 0
0.514098 0.485902 0
0.116256 0.286731 0.597013
0.367566 0.162475 0.469959
0.353896 0.396104 0.25
0.40987 0.206167 0.383963
0.194129 0.48485 0.321021
0.525328 0.224672 0.25
0.75 8.32667e-17 0.25
0.324696 0.360603 0.3147
0.156813 0.444705 0.398481
0.775547 0.224453 0
0.40275 0.59725 0
0.676082 7.50602e-17 0.323918
0.289114 0.0782368 0.63265
0.671847 0.0781533 0.25
1.58856e-17 0.28617 0.71383
0.663278 0.336722 0
0.122646 0.165728 0.711626
0.36588 0.63412 0
0.074047 0.602811 0.323142
0.444579 4.93582e-17 0.555421
4.16334e-17 0.75 0.25
0.455417 0.25375 0.290833
0.0641675 0.079613 0.856219
0.0888052 0.124716 0.786478
0.0363287 0.963671 0
0.374267 0.0255408 0.600193
0.109142 0.890858 0
0 0 1
0.329136 0.116855 0.554008
0.738095 0.261905 0
0.329047 0.670953 0
0.0752949 0.48602 0.438685
9.86698e-18 0.177748 0.822252
2.89905e-17 0.522246 0.477754
0.521198 0.0803164 0.398486
0.020451 0.571983 0.407566
0.145551 0.854449 0
3.57202e-17 0.643478 0.356522
0.159432 0.572301 0.268267
0.284535 0.323156 0.392309
0.406522 0.0793417 0.514136
0.439762 0.560238 0
0.486163 0.169724 0.344113
0.102674 1.13991e-17 0.897326
0.962637 0.037363 0
0.887843 0.112157 0
0.112901 0.528328 0.35877
0.200135 0.365026 0.43484
0.625895 0.374105 0
0.328799 3.6504e-17 0.671201
2.2397e-17 0.403468 0.596532
0.0794679 0.246682 0.67385
0.555791 6.17052e-17 0.444209
0.21865 0.78135 0
0.446947 0.120858 0.432195
0.487554 0.0287045 0.483741
0.813007 0.186993 0
0.106245 0.643755 0.25
0.372622 0.285568 0.34181
0.16357 0.203062 0.633367
0.0306153 0.688543 0.280842
0.24374 0.28321 0.473051
0.327997 0.243936 0.428067
0.25727 0.0267229 0.716007
0.208775 0.1182 0.673025
0.286499 0.201653 0.511848
0.551368 0.448632 0
0.476885 0.523115 0
0.425448 0.324552 0.25
0.593666 0.156334 0.25
0.0227522 0.451706 0.525542
0.58861 0.41139 0
0.159606 0.324908 0.515486
0.255262 0.744738 0
0.558328 0.120344 0.321329
0.0317916 0.213313 0.754895
0.144343 0.0277949 0.827862
5.85521e-18 0.105478 0.894522
0.631862 0.064409 0.303729
0.24239 0.405517 0.352094
0.214593 0 0.785407
0.229526 0.520474 0.25
0.113296 0.406991 0.479713
0.246454 0.161064 0.592482
0.292082 0.707918 0
0.0727022 0.927298 0
0.602836 0.0197782 0.377386
