0.765685 0.234315 0
0.173504 1.92628e-17 0.826496
0.960944 0.0390561 0
0.0330191 0.270051 0.696929
0 0 1
0.491498 0.0791382 0.429364
0.188608 0.811392 0
0.921881 0.0781189 0
0.568332 0.165518 0.266151
0.278783 0.471217 0.25
0.417493 0 0.582507
5.55112e-17 1 0
0.290511 0.363784 0.345706
0.460075 0.0272137 0.512711
3.16765e-17 0.570633 0.429367
0.376597 0.0809923 0.54241
0.165657 0.254428 0.579915
0.0263299 0.386309 0.587361
0.64911 0.35089 0
0.882799 0.117201 0
0.0990652 0.0496334 0.851301
0.75 8.32667e-17 0.25
0.345324 0.0331885 0.621488
0.211518 0.0601051 0.728377
0.529998 5.88416e-17 0.470002
0.119974 0.454334 0.425692
0.12277 0.220233 0.656997
0.0376323 0.962368 0
2.54018e-17 0.457598 0.542402
0.166303 0.493282 0.340415
0.163265 0.37182 0.464915
0.336405 0.400334 0.26326
0.296506 0.123842 0.579653
4.05008e-17 0.103863 0.896137
0.291463 0.24569 0.462847
0.113106 0.886894 0
9.2638e-17 0.237567 0.762433
0.248982 0.32686 0.424158
0.251096 0.20799 0.540914
0.688657 0.0335677 0.277775
0.210718 0.171555 0.617727
0.0866743 0 0.913326
0.0855795 0.181936 0.732484
0.446685 0.165037 0.388278
0.603261 0.0765971 0.320142
0.414436 0.119183 0.466381
0.514919 0.235081 0.25
0.1099 0.6401 0.25
3.68531e-17 0.663886 0.336114
0.0805905 0.30102 0.61839
0.312298 0 0.687702
0.804671 0.195329 0
0.0620341 0.131878 0.806088
4.16334e-17 0.75 0.25
0.0445692 0.684652 0.270778
0.494502 0.505498 0
0.417669 0.582331 0
0.640692 0.109308 0.25
0.0455861 0.603706 0.350708
0.0231459 0.0403273 0.936527
0.206121 0.290834 0.503045
0.243181 0.444352 0.312466
0.203775 0.408705 0.387519
6.65642e-17 0.170702 0.829298
0.258425 0.0866678 0.654908
0.341107 0.658893 0
0.335113 0.165667 0.499219
0.474713 0.201855 0.323433
0.646508 0 0.353492
0.843741 0.156259 0
0.378011 0.208241 0.413748
0.15076 0.84924 0
0.444111 0.273707 0.282182
0.406204 0.343796 0.25
0.302799 0.697201 0
0.0791244 0.416722 0.504154
0.529136 0.118516 0.352348
0.687925 0.312075 0
0.136953 0.0906238 0.772423
0.335363 0.278606 0.386032
0.456077 0.543923 0
0.533061 0.466939 0
0.118822 0.337575 0.543602
0.242817 0 0.757183
0.726824 0.273176 0
0.0283236 0.500786 0.47089
0.0753511 0.924649 0
0.169299 0.137834 0.692868
0.206274 0.543726 0.25
0.379395 0.620605 0
0.226633 0.773367 0
0.575148 0.0239816 0.400871
0.37258 0.305856 0.321564
0.571721 0.428279 0
1.9035e-17 0.342904 0.657096
0.264712 0.735288 0
0.0849215 0.530726 0.384352
0.133516 0.57323 0.293254
1 0 0
0.610415 0.389585 0
