0.0811951 0.134828 0.783977
0.75 8.32667e-17 0.25
0.212545 0.31848 0.468975
0.258983 0.236012 0.505005
0.0391936 0.960806 0
0.223684 0.19129 0.585026
0.549051 0.0286272 0.422321
0.507281 0.492719 0
0 0 1
0.0430597 0.627461 0.32948
0.230768 0.066543 0.702689
0.117492 0.882508 0
0.187501 0.147159 0.66534
0.201467 0 0.798533
0.0998458 0 0.900154
0.388137 0 0.611863
0.426125 0.156251 0.417624
2.96587e-17 0.534284 0.465716
0.51752 0.23248 0.25
0.510399 0.115744 0.373856
0.588464 0.0784972 0.333038
0.445594 0.304406 0.25
0.388352 0.111737 0.499912
0.0843868 0.665613 0.25
0.143085 0.230474 0.626441
0.296482 0.278531 0.424987
0.962485 0.037515 0
0.0237156 0.225354 0.75093
0.352367 0.647633 0
0.342161 0.194884 0.462955
0.0615027 0.082576 0.855921
0.156679 0.843321 0
5.55112e-17 1 0
0.62259 0.37741 0
0.621569 0.128431 0.25
0.039318 0.399064 0.561618
0.58412 0.41588 0
0.812428 0.187572 0
0.304567 0.153562 0.541872
0.505544 5.61267e-17 0.494456
0.108038 0.18435 0.707612
3.8456e-17 0.692761 0.307239
0.313314 0.686686 0
0.348659 0.0738315 0.577509
0.157306 0.0943652 0.748329
0.545846 0.454154 0
0.249505 0.360982 0.389513
0.235081 0.764919 0
8.2144e-17 0.295954 0.704046
0.131138 0.591474 0.277387
0.128642 0.35845 0.512908
0 0.108068 0.891932
0.468733 0.531267 0
1.01961e-16 0.367353 0.632647
0.416055 0.272959 0.310986
0.274207 0.725793 0
0.887653 0.112347 0
0.375079 0.367299 0.257622
0.206739 0.449519 0.343742
0.391184 0.608816 0
5.03331e-17 0.181343 0.818657
0.269326 0.10716 0.623514
2.5922e-17 0.466669 0.533331
0.195873 0.804127 0
0.0976909 0.55083 0.351479
0.61549 6.83331e-17 0.38451
0.435189 0.0228224 0.541989
0.310385 0.439615 0.25
0.0880888 0.436585 0.475326
3.34139e-17 0.601932 0.398068
0.335487 0.320632 0.343881
0.236914 0.492747 0.270339
0.774523 0.225477 0
0.193902 0.556098 0.25
0.169898 0.400741 0.429361
1 0 0
0.670632 0.00888831 0.320479
0.17583 0.27575 0.54842
0.317678 0.0206315 0.66169
0.850069 0.149931 0
4.16334e-17 0.75 0.25
0.0656457 0.268354 0.666
0.468087 0.196241 0.335672
0.284838 0.40019 0.314972
0.69882 0.30118 0
0.135192 0.0362326 0.828575
0.552395 0.162943 0.284662
0.0261269 0.0343421 0.939531
0.660637 0.339363 0
0.467157 0.0766519 0.456191
0.429866 0.570134 0
0.379448 0.2359 0.384652
0.0909674 0.317373 0.591659
0.736763 0.263237 0
0.139016 0.480756 0.380228
0.270518 0 0.729482
0.0615943 0.508932 0.429473
0.92513 0.0748703 0
0.683711 0.0620554 0.254233
0.0783253 0.921675 0
