0.325753 0.178957 0.49529
0.0404862 0.959514 0
0.00711332 0.670236 0.322651
0.191503 0.0700625 0.738435
0.280072 0.144616 0.575312
0.154134 0.145978 0.699888
0.0963489 0.464297 0.439354
0.499715 0.21839 0.281895
0.062141 0.687859 0.25
1.229e-17 0.221397 0.778603
5.76449e-18 0.103844 0.896156
0.570885 0.179115 0.25
0.46579 0.0458334 0.488377
0.75 0 0.25
0.412349 0.252998 0.334653
0.080948 0.919052 0
0.640512 0 0.359488
4.16334e-17 0.75 0.25
0.318597 0.418445 0.262959
0.524449 0.475551 0
0.0735106 0.0710219 0.855467
6.50924e-17 3.20521e-17 1
0.842452 0.157548 0
0.763327 0.236673 0
0.105075 0 0.894925
0.0744394 0.183554 0.742007
0.574437 0.041944 0.383619
0.236683 0.103778 0.659539
0.202309 0.797691 0
0.155507 0.261627 0.582865
0.881851 0.118149 0
0.453587 0.174934 0.371478
2.86827e-17 0.516701 0.483299
0.413904 0.132601 0.453495
0.235703 0.338251 0.426046
0.1363 0.499546 0.364154
0.368165 0.101363 0.530473
0.194938 0.300808 0.504254
0.0395415 0.543417 0.417042
0.283178 0.716822 0
0.644127 0.355873 0
0.0745775 0.300046 0.625377
0.664058 0.085942 0.25
0.100818 0.621217 0.277965
0.450511 0 0.549489
0.32183 0.293293 0.384878
0.0674794 0.421608 0.510913
0.723635 0.276365 0
0.22755 0 0.77245
0.112013 0.105638 0.782349
0.368981 0.214498 0.416521
0.121423 0.878577 0
0.149372 0.380537 0.470091
0.604047 0.100468 0.295485
0.10944 0.342256 0.548304
0.323523 0.676477 0
0.239112 0.221427 0.539461
0.158325 0.0169713 0.824704
3.40681e-17 0.613717 0.386283
0.531426 0.133823 0.334752
0.921264 0.0787365 0
0.4844 0.5156 0
0.161663 0.588337 0.25
0.111642 0.224465 0.663893
0.363794 0.636206 0
0.542861 0 0.457139
0.347123 0 0.652877
0.683886 0.316114 0
0.0795122 0.575867 0.34462
0.960659 0.0393414 0
1.8646e-17 0.335897 0.664103
0.185939 0.418482 0.395579
0.27851 0.0186651 0.702825
0.242771 0.757229 0
0.0230154 0.382182 0.594803
0.44424 0.55576 0
0.392626 0.0279662 0.579407
0.496236 0.0901494 0.413615
0.0307808 0.0295496 0.93967
0.161879 0.838121 0
1 0 0
2.4932e-17 0.449135 0.550865
0.226737 0.451579 0.321684
0.280893 0.25775 0.461357
0.186601 0.528715 0.284684
0.0211602 0.152857 0.825983
0.359899 0.328483 0.311618
0.261949 0.488051 0.25
0.196491 0.183277 0.620232
0.46243 0.28757 0.25
0.389663 0.360337 0.25
0.684871 0.0207961 0.294333
0.802891 0.197109 0
0.56437 0.43563 0
0.404016 0.595984 0
0.0232627 0.267214 0.709523
0.313999 0.0716611 0.61434
0.276743 0.375589 0.347668
5.55112e-17 1 0
0.604302 0.395698 0
