5.17191e-17 1.76699e-17 1
0.424742 0.0641998 0.511058
0.0206549 0.0435764 0.935769
0.351243 0.222635 0.426122
0.38327 0.0166128 0.600117
0.151462 1.68157e-17 0.848538
0.0727654 0.422013 0.505222
0.143243 0.265772 0.590984
0.75 8.32667e-17 0.25
0.202623 0.797377 0
0.176101 0.188876 0.635023
0.146329 0.496006 0.357664
0.332991 0.417009 0.25
0.329752 3.66099e-17 0.670248
0.213461 0.109884 0.676655
0.103669 0.0631188 0.833212
0.162097 0.837903 0
0.224419 0.225375 0.550206
0.803006 0.196994 0
0.644364 0.355636 0
0.344205 0.101796 0.553999
0.444512 0.555488 0
0.306689 0.18304 0.51027
0.522986 5.80631e-17 0.477014
0.723707 0.276293 0
0.472989 0.0908028 0.436208
0.0849229 9.42833e-18 0.915077
0.19119 0.53375 0.27506
0.101255 0.561211 0.337534
5.98598e-18 0.107834 0.892166
0.484607 0.515393 0
0.166108 0.0785209 0.755371
0.262052 0.487948 0.25
0.218076 2.42113e-17 0.781924
0.504568 0.245432 0.25
0.0905819 0.232763 0.676655
0.0184657 0.392148 0.589387
0.243097 0.756903 0
0.0810271 0.918973 0
0.622447 6.91055e-17 0.377553
0.524617 0.475383 0
0.512601 0.129896 0.357503
0.387595 0.141321 0.471085
0.56467 0.43533 0
0.234343 0.34075 0.424907
4.16334e-17 0.75 0.25
1.90259e-17 0.34274 0.65726
1 0 0
0.28344 0.71656 0
0.0756177 0.674382 0.25
0.259351 0.147894 0.592754
0.842543 0.157457 0
0.03248 0.504197 0.463323
0.433777 0.316223 0.25
2.56554e-17 0.462166 0.537834
0.150773 0.382007 0.46722
0.363885 0.34747 0.288645
0.394475 0.26461 0.340916
0.364111 0.635889 0
0.921347 0.078653 0
0.0405124 0.959488 0
0.0238225 0.597003 0.379174
0.0359841 0.206031 0.757985
0.0732318 0.129441 0.797327
1.51788e-17 0.273437 0.726563
9.62944e-18 0.173469 0.826531
0.316573 0.303136 0.380291
0.280615 0.379494 0.339891
0.125779 0.156794 0.717427
5.55112e-17 1 0
0.121563 0.878437 0
0.604567 0.395433 0
0.551238 0.174821 0.273941
0.295749 0.0717525 0.632499
0.684162 0.315838 0
0.10744 0.465875 0.426685
0.589772 0.0837153 0.326513
0.232853 0.452298 0.314849
0.45238 5.02243e-17 0.54762
0.0648869 0.305599 0.629514
0.763496 0.236504 0
0.27061 0.262903 0.466486
0.104629 0.345309 0.550062
0.553966 0.0383619 0.407672
0.468157 0.215975 0.315868
0.151247 0.598753 0.25
0.430963 0.176471 0.392566
0.323876 0.676124 0
3.13081e-17 0.563997 0.436003
0.0617136 0.634242 0.304044
0.187865 0.303847 0.508288
0.404295 0.595705 0
3.74383e-17 0.674429 0.325571
0.960666 0.0393341 0
0.258247 0.0257306 0.716022
0.881975 0.118025 0
0.617445 0.132555 0.25
0.192464 0.417426 0.390111
0.671227 0.0139886 0.314784
0.683722 0.0662777 0.25
