1 0 0
0.121333 0.878667 0
0.483575 0.0205448 0.49588
7.73044e-17 3.37179e-17 1
0.681137 0.318863 0
0.061373 0.283167 0.65546
0.109265 0.512596 0.378139
0.213335 0.20579 0.580875
0.0406835 0.174492 0.784824
0.359545 0.390455 0.25
0.295071 0.285612 0.419317
0.643288 0.106712 0.25
0.172276 0.577724 0.25
0.195106 0.477387 0.327508
0.0404613 0.959539 0
0.202055 0.797945 0
0.171433 0.290585 0.537981
0.161685 0.838315 0
0.565566 0.149176 0.285258
0.461604 0.195891 0.342505
1.35912e-17 0.244837 0.755163
0.522082 0.477918 0
0.0918058 0.332856 0.575338
0.294137 0.0317439 0.674119
0.135067 0.246463 0.618471
0.149592 0 0.850408
0.513551 0.118011 0.368437
0.418473 0.16535 0.416176
0.800564 0.199436 0
0.687975 0.0310529 0.280972
0.242261 0.757739 0
0.565634 0.0351356 0.39923
0.442439 0.557561 0
0.328733 0.0841083 0.587159
0.840399 0.159601 0
0.402554 0.597446 0
0.402762 0.061947 0.535291
0.75 8.32667e-17 0.25
0.372904 0.245355 0.381741
0.641388 0.358612 0
0.060034 0.414899 0.525067
0.333286 0.206505 0.460209
0.282453 0.717547 0
0.2094 0.332117 0.458483
0.0230098 0.562798 0.414192
0.131476 0.125563 0.742961
0.00818023 0.376325 0.615495
3.1739e-17 0.518882 0.481118
0.258313 0.356527 0.38516
0.144428 0.550508 0.305064
0.461153 0.0923996 0.446447
5.55112e-17 1 0
0.880265 0.119735 0
8.18247e-18 0.147402 0.852598
0.960088 0.0399123 0
0.43228 0 0.56772
0.0586007 0.0577944 0.883605
0.0943011 0.0904172 0.815282
0.0976892 0.652311 0.25
0.25203 0.24844 0.49953
0.601649 0.398351 0
0.760756 0.239244 0
0.160871 0.426553 0.412576
0.331558 0.336158 0.332284
0.322532 0.677468 0
0.0748009 0 0.925199
0.920178 0.0798217 0
1.75058e-17 0.315356 0.684644
0.0711796 0.598496 0.330324
0.246884 0.503116 0.25
0.290912 0.433479 0.275609
0.372122 0.130755 0.497123
0.541564 0.208436 0.25
0.0809481 0.919052 0
0.0885488 0.206957 0.704494
0.54168 6.01385e-17 0.45832
0.132375 0.376499 0.491126
0.483625 0.246452 0.269922
0.720917 0.279083 0
0.0231342 0.6874 0.289466
0 0.75 0.25
0.0800396 0.468859 0.451101
0.171531 0.165581 0.662888
0.25424 2.82263e-17 0.74576
0.362547 0.637453 0
4.09158e-18 0.0737074 0.926293
0.36168 0 0.63832
0.212665 0.082646 0.704689
0.252473 0.121645 0.625882
0.430867 0.319133 0.25
0.561845 0.438155 0
0.181682 0.0345034 0.783814
0.643365 0 0.356635
0.600844 0.0745298 0.324626
0.403672 0.284388 0.311941
0.482293 0.517707 0
2.48161e-17 0.447047 0.552953
3.53031e-17 0.635964 0.364036
0.292112 0.165552 0.542336
0.235485 0.410402 0.354113
