0.842034 0.157966 0
0.723185 0.276815 0
0.629305 0.0347045 0.33599
0.390133 0.359867 0.25
0.691636 7.6787e-17 0.308364
0.481867 5.3498e-17 0.518133
0.603858 0.396142 0
0.100397 0 0.899603
0.22026 0.347556 0.432184
0.350709 0.327539 0.321752
0.28813 0.142887 0.568983
0.0266791 0.0342846 0.939036
0 0.108009 0.891991
0.367403 0.106931 0.525666
0.121356 0.878644 0
0.480267 0.118793 0.40094
0.420609 0.286345 0.293046
0.524005 0.0284959 0.447499
0.762779 0.237221 0
1.37477e-17 9.72746e-17 1
0.0452961 0.250103 0.704601
1 0 0
0.0848868 0.360881 0.554233
0.0724241 0.0743447 0.853231
0.318373 0.416625 0.265002
0.55811 0.19189 0.25
0.0280129 0.151304 0.820683
0.192414 0.539654 0.267932
4.16334e-17 0.75 0.25
0.0376407 0.440581 0.521778
0.921099 0.0789005 0
0.326742 0.0653531 0.607905
0.56387 0.43613 0
1.21629e-17 0.219107 0.780893
0.252916 0.0917002 0.655384
0.246317 0.222593 0.531091
0.263522 0.486478 0.25
0.323144 0.676856 0
0.080918 0.919082 0
0.364096 4.04227e-17 0.635904
0.0404668 0.959533 0
0.591792 6.57021e-17 0.408208
0.41239 0.0205907 0.567019
0.443493 0.206544 0.349963
0.131421 0.212487 0.656092
0.0856331 0.175734 0.738633
0.10568 0.287651 0.606669
0.960566 0.0394345 0
0.523942 0.476058 0
0.17128 0.131569 0.69715
0.147117 0.0270847 0.825798
0.0758621 0.671936 0.252202
0.403612 0.596388 0
0.0251731 0.624299 0.350527
0.144809 0.501968 0.353223
0.180679 0.252703 0.566618
0.14348 0.60652 0.25
0.178882 0.424193 0.396924
0.24258 0.75742 0
0.443028 0.0758883 0.481084
0.802372 0.197628 0
0.0918369 0.468619 0.439544
0.167483 0.320292 0.512225
0.293946 3.26346e-17 0.706054
0.204317 2.26837e-17 0.795683
0.0332993 0.336228 0.630473
0.483889 0.516111 0
0.60047 0.122092 0.277438
0.3098 0.304192 0.386008
9.70267e-38 0.310863 0.689137
0.325543 0.189352 0.485104
0.36339 0.63661 0
0.555112 0.082751 0.362137
0.282912 0.717088 0
0.516595 0.16492 0.318485
0.211169 0.173553 0.615278
0.269341 0.270519 0.46014
0.40385 0.157048 0.439102
0.21947 0.0471565 0.733373
0.443764 0.556236 0
0.267299 0.381846 0.350855
0.10252 0.580321 0.317158
0.202194 0.797806 0
0 0.40861 0.59139
0.668464 0.0815356 0.25
2.82261e-17 0.508477 0.491523
0.75 8.32667e-17 0.25
0.881546 0.118454 0
0.488529 0.261471 0.25
3.81928e-17 0.688021 0.311979
0.225393 0.455626 0.318982
0.129419 0.394524 0.476057
0.0647495 0.539604 0.395647
0.68344 0.31656 0
0.364212 0.236348 0.39944
0.123584 0.101062 0.775355
0 0.578856 0.421144
0.161763 0.838237 0
5.55112e-17 1 0
0.643673 0.356327 0
