0.26127 0.391819 0.346911
0.129375 0.0943064 0.776318
0.0835324 0.590337 0.326131
0.320811 0.679189 0
0.160212 0.839788 0
0.841195 0.158805 0
0.177617 1.97194e-17 0.822383
0.171911 0.433624 0.394465
0.48155 0.51845 0
0.556437 0.193563 0.25
2.14864e-17 6.17804e-17 1
0.0336092 0.556956 0.409435
0.200999 0.0522476 0.746753
0.439161 0.191792 0.369047
2.31158e-17 0.416417 0.583583
0.361019 0.638981 0
0.179325 0.317547 0.503128
0.401233 0.598767 0
0.0664427 0.317072 0.616485
0.284036 0.0347371 0.681227
0.356237 0.11235 0.531412
0.880967 0.119033 0
0.265571 0.273549 0.46088
0.441422 0.558578 0
0.641866 0.358134 0
0.158186 0.143787 0.698027
0.0362537 0.0241369 0.939609
3.46757e-17 0.624661 0.375339
1.92364e-17 0.346533 0.653467
0.145158 0.275926 0.578917
0.0853957 0.477565 0.437039
0.601849 0.398151 0
0.0800692 0.919931 0
0.0564849 0.137411 0.806104
0.129692 0.399108 0.4712
0.234101 0.109375 0.656523
0.190268 0.19209 0.617642
0.447035 0.302965 0.25
0.107592 1.19451e-17 0.892408
0.358649 3.9818e-17 0.641351
0.48525 0.234186 0.280564
0.0059485 0.684339 0.309712
0.344325 0.344321 0.311353
0.0259865 0.276379 0.697635
0.374523 0.375477 0.25
0.219069 0.354732 0.426199
0.271636 0.154122 0.574243
0.519187 0.0204374 0.460375
0.305537 0.310138 0.384325
2.88377e-17 0.519494 0.480506
0.0914382 0.363461 0.545101
1 0 0
0.65798 7.30505e-17 0.34202
0.39561 0.15368 0.450711
0.316481 0.0771002 0.606418
0.721666 0.278334 0
0.1349 0.6151 0.25
0.556809 0.0658373 0.377354
1.31385e-17 0.236683 0.763317
0.561734 0.438266 0
0.0802432 0.186967 0.73279
0.401666 0.0247673 0.573567
0.120148 0.879852 0
0.518975 0.149645 0.33138
0.0400405 0.959959 0
0.434973 0.0743684 0.490658
0.397031 0.269227 0.333742
0.470977 5.2289e-17 0.529023
0.227216 0.234575 0.538209
0.303618 0.43404 0.262342
0 0.0954464 0.904554
0.960338 0.0396623 0
0.126262 0.514775 0.358963
5.55112e-17 1 0
0.687734 0.0445279 0.267738
0.280623 0.719377 0
0.478434 0.108404 0.413162
0.246499 0.503501 0.25
0.521673 0.478327 0
0.75 8.32667e-17 0.25
0.631257 0.118743 0.25
0.0715423 0.671456 0.257002
0.109931 0.232544 0.657525
0.681829 0.318171 0
0.174994 0.550031 0.274975
0.920672 0.0793282 0
0.262398 2.9132e-17 0.737602
0.0362207 0.447773 0.516007
9.21939e-18 0.166082 0.833918
0.0828811 0.0639051 0.853214
4.16334e-17 0.75 0.25
0.588168 6.52998e-17 0.411832
0.599199 0.0905766 0.310225
0.240472 0.759528 0
0.211774 0.468401 0.319824
0.352891 0.23232 0.414789
0.31176 0.193285 0.494955
0.801366 0.198634 0
0.761553 0.238447 0
0.200316 0.799684 0
