3.6989e-17 0.666294 0.333706
0.328611 0.391466 0.279923
0.271719 0 0.728281
0.349984 0.650016 0
0.924062 0.0759384 0
0.233062 0.0664118 0.700526
0.400623 0.349376 0.250001
0.695705 0.304295 0
0.619251 0.380749 0
0.581001 0.418999 0
0.159384 0.0940155 0.7466
0.0390849 0.960915 0
0.848074 0.151926 0
0.350675 0.0754208 0.573904
0.194953 0.805047 0
0.135752 0.0365468 0.827701
0.478917 0.079281 0.441802
0.189043 0.502009 0.308949
0.31474 0.152267 0.532994
0.0780965 0.921903 0
0.640903 0.109096 0.250001
0.202273 0 0.797727
1 0 0
0.0807079 0.627185 0.292107
0.318631 0.271206 0.410163
0.117006 0.882994 0
0.221638 0.528362 0.250001
0.0999189 0 0.900081
0.0618013 0.0837599 0.854439
1.66434e-17 0.29982 0.70018
1.37571e-17 9.72652e-17 1
0.54698 0 0.45302
0.311349 0.688651 0
0.401991 0.234804 0.363205
0.0190237 0.352036 0.628941
0.481727 0.194221 0.324052
0.24052 0.426363 0.333117
0.107985 0.429727 0.462289
0.48901 0 0.51099
0.428717 0.0333768 0.537906
0.0723044 0.387164 0.540531
0.275436 0.230866 0.493698
0.280241 0.350631 0.369128
3.03476e-17 0.546693 0.453307
0.648085 0 0.351915
0.517622 0.232377 0.250001
0.0252796 0.227504 0.747216
0.153181 0.226554 0.620265
0.749999 0 0.250001
0.110193 0.550948 0.338859
0.2919 0.458099 0.250001
0.688747 0.0341472 0.277106
0.108623 0.309066 0.582311
0.272554 0.727446 0
0.88606 0.11394 0
4.28464e-17 0.110186 0.889814
0.153271 0.348391 0.498338
0.0822444 0.136043 0.781712
0.0219404 0.59639 0.381669
0.0253805 0.0356473 0.938972
0.397232 0.112871 0.489897
0.361296 0.31094 0.327764
0.0738843 0.26434 0.661776
0.112673 0.182947 0.70438
0.358341 0.192735 0.448924
0.962044 0.0379557 0
0.65752 0.34248 0
0.233776 0.766224 0
5.55112e-17 1 0
0.524714 0.116464 0.358822
0.733822 0.266178 0
0.155982 0.844018 0
0.427247 0.572753 0
0.318958 0.0213094 0.659733
0.602949 0.0780584 0.318992
0.27387 0.106924 0.619206
0.0183603 0.475442 0.506198
0.192704 0.145783 0.661513
0.388117 0 0.611883
0.192956 0.269087 0.537957
0.234116 0.188148 0.577736
0.236232 0.309943 0.453826
0.194996 0.388494 0.41651
0.0581357 0.691864 0.250001
2.34781e-17 0.422943 0.577057
0.572583 0.0339582 0.393458
0.151396 0.598603 0.250001
0.504278 0.495722 0
0.152318 0.465715 0.381967
0.439605 0.155347 0.405048
0.072694 0.508966 0.41834
0.542656 0.457344 0
0.771958 0.228042 0
0.81007 0.18993 0
5.12891e-17 0.184346 0.815654
0.569208 0.162733 0.268058
0.465822 0.534178 0
4.16333e-17 0.749999 0.250001
0.447245 0.279464 0.273291
0.388649 0.611351 0
