0.233389 0.766611 0
0.0862775 0.471797 0.441925
1 0 0
0.570796 6.33711e-17 0.429204
0.619944 0.380056 0
0.107437 0.204729 0.687834
0.336768 0.218819 0.444413
0.848596 0.151404 0
0.159887 7.10043e-17 0.840113
0.0726254 0.283 0.644375
4.16334e-17 0.75 0.25
0.145864 0.250884 0.603252
4.5802e-18 0.0825096 0.91749
0.311687 0.030826 0.657487
0.0866891 0.0349825 0.878328
0.0777654 0.922235 0
0.0741458 0.160572 0.765282
0.265213 0.124408 0.610379
0.734497 0.265503 0
0.374615 0.265574 0.359811
0.543075 0.456925 0
0.487879 0.262121 0.25
0.29645 0.432614 0.270937
2.33529e-17 0.420689 0.579311
0.6657 0.0842997 0.25
0.0588839 2.61497e-17 0.941116
0.377649 0.132974 0.489376
0.465959 0.534041 0
0.194479 0.805521 0
0.75 8.32667e-17 0.25
0.208792 0.466149 0.325059
0.367183 0.382817 0.25
0.293617 0.30276 0.403622
0.582742 0.0967352 0.320523
0.0388712 0.961129 0
0.497567 0.145132 0.357302
0.810594 0.189406 0
0.38061 4.22562e-17 0.61939
0.962191 0.0378092 0
0.638543 7.08925e-17 0.361457
0.174569 0.548751 0.27668
0.23074 0.0808052 0.688454
0.100453 0.339351 0.560197
0.27136 3.01271e-17 0.72864
0.252966 0.387226 0.359808
0.155563 0.844437 0
0.339193 0.0867983 0.574008
0.581634 0.418366 0
7.43835e-19 1.10278e-16 1
0.388595 0.611405 0
0.658117 0.341883 0
0.535212 0.189737 0.275051
0.134915 0.615085 0.25
0.00428244 0.683603 0.312115
0.125459 0.511516 0.363025
0.412095 0.0463087 0.541597
0.0437282 0.438487 0.517784
0.886511 0.113489 0
0.504524 0.495476 0
0.414544 0.181788 0.403668
0.30027 0.172423 0.527307
0.349897 0.650103 0
0.684738 0.0191053 0.296157
0.417715 0.312011 0.270274
0.0706717 0.670631 0.258697
0.222977 0.211558 0.565464
0.169065 0.427311 0.403624
0.257506 0.258145 0.484349
0.6001 0.1499 0.25
0.178628 0.298825 0.522547
0.471801 5.23804e-17 0.528199
0.200531 0.0282639 0.771205
2.86134e-17 0.515453 0.484547
0.0268176 0.362252 0.61093
0.772586 0.227414 0
0.451542 0.224728 0.32373
0.540229 0.067682 0.392089
0.246912 0.503088 0.25
5.55112e-17 1 0
0.69638 0.30362 0
0.453951 0.103311 0.442738
0.129773 0.386948 0.483279
0.498369 0.0309196 0.470711
0.0337033 0.553177 0.413119
0.0201387 0.246403 0.733459
0.331495 0.345122 0.323382
3.45013e-17 0.62152 0.37848
0.0268961 0.123772 0.849332
0.427319 0.572681 0
0.116657 0.883343 0
0.924412 0.0755879 0
1.75051e-17 0.315344 0.684656
0.083451 0.588453 0.328096
0.272308 0.727692 0
0.186791 0.166463 0.646745
0.154201 0.118903 0.726897
0.114933 0.0814768 0.80359
0.213132 0.344273 0.442594
0 0.195595 0.804405
0.311097 0.688903 0
