4.16334e-17 0.75 0.25
0.0890223 0.0314651 0.879513
0.205235 0.0244901 0.770275
0.0375744 0.962426 0
0.275712 0.112669 0.611619
0.161417 0 0.838583
1 0 0
0.530833 0.219167 0.25
0.391292 0.22986 0.378848
2.42578e-17 0.436983 0.563017
0.921421 0.0785786 0
0.842878 0.157122 0
0.0420905 0.535175 0.422734
0.355868 0.0740362 0.570096
0.482073 0.186283 0.331644
0.191862 0.158901 0.649237
0.339838 0.660162 0
0.31085 0.395735 0.293415
0.119314 0.0765377 0.804148
5.55112e-17 1 0
0.158666 0.113753 0.727581
1.22318e-18 2.65324e-17 1
0.153671 0.532605 0.313725
0.644129 0.105871 0.25
0.569442 0.0164743 0.414083
0.608932 0.391068 0
0.764617 0.235383 0
0.493099 0.506901 0
0.385579 0.364421 0.25
0.393898 4.37315e-17 0.606102
0.0316927 0.116752 0.851555
0.0947628 0.327067 0.578171
0.882142 0.117858 0
0.0350724 0.22665 0.738278
0.275726 0 0.724274
0.803705 0.196295 0
0.688024 0.0297647 0.282212
0.263664 0.736336 0
0.183957 0.566043 0.25
0.11279 0.88721 0
0.524812 0.106893 0.368295
0.398408 0.108542 0.49305
0.110254 0.200548 0.689198
0.428091 0.264231 0.307678
1.57446e-17 0.28363 0.71637
4.48614e-18 0.0808152 0.919185
3.6665e-17 0.660498 0.339502
0.352238 0.192477 0.455286
0.686624 0.313376 0
0.211522 0.442501 0.345977
0.225836 0.774164 0
0.479979 0.0718265 0.448195
0.570172 0.429828 0
0.301692 0.698308 0
0.292063 0.457937 0.25
0.323107 0.0221963 0.654697
0.112932 0.637068 0.25
2.80775e-17 0.505792 0.494208
0.416233 0.583767 0
0.515425 5.72237e-17 0.484575
0.174273 0.405456 0.42027
0.139706 0.363662 0.496633
0.228593 0.198754 0.572653
0.0799756 0.58552 0.334504
0 0.186622 0.813378
0.182387 0.282356 0.535256
0.26749 0.23857 0.49394
0.437917 0.150269 0.411813
0.233903 0.493078 0.273019
0.263135 0.361422 0.375442
0.348763 0.315965 0.335271
0.647687 0.352313 0
0.0751484 0.924852 0
0.444365 0.0198529 0.535782
0.31231 0.155189 0.532502
0.0882591 0.450844 0.460897
0.0446668 0.684129 0.271204
0.75 0 0.25
0.0534302 0.293059 0.653511
0.641726 0 0.358274
0.150411 0.849589 0
0.725535 0.274465 0
0.458242 0.291758 0.25
0.531553 0.468447 0
0.142426 0.244235 0.613339
0.307705 0.277353 0.414942
0.236936 0.0757694 0.687295
0.454593 0.545407 0
0.18816 0.81184 0
0.601471 0.071373 0.327156
0.0585861 6.50436e-18 0.941414
0.0795266 0.151605 0.768868
0.570887 0.151945 0.277169
0.37808 0.62192 0
0.960695 0.0393053 0
0.123265 0.491904 0.384831
3.33105e-17 0.600068 0.399932
0.0614684 0.403579 0.534952
2.04365e-17 0.368152 0.631848
0.223328 0.321647 0.455025
