1 0 0
0.508841 0.491159 0
0.0846707 0.295875 0.619454
0.380586 0.242305 0.377108
0.75 8.32667e-17 0.25
0.0428585 0.957142 0
0.959652 0.0403477 0
0.674472 0.325528 0
0.283015 0.401769 0.315216
0.340059 0.187288 0.472654
0.258118 0.217304 0.524577
0.0755439 0.605326 0.31913
0.177607 0.358511 0.463882
0.0300854 0.690019 0.279895
0.654922 7.2711e-17 0.345078
0.797341 0.202659 0
0.49257 0.25743 0.25
0.550386 0.449614 0
0.222146 0.053229 0.724625
0.294033 0.143405 0.562561
0.256198 0.743802 0
4.16471e-17 0.75 0.25
0.562148 0.187852 0.25
0.126919 0.220272 0.652809
3.01433e-17 0.542999 0.457001
0.580827 0.0443154 0.374857
1.87684e-17 0.338092 0.661908
0.422144 0.290211 0.287645
0.171269 0.828731 0
1.29319e-17 0.232954 0.767046
1.24715e-17 4.30396e-17 1
0.0336415 0.374011 0.592347
5.55127e-17 1 0
0.447416 0.0894231 0.463161
0.501034 0.10532 0.393646
0.12844 0.87156 0
0.0874732 0.501148 0.411378
0.605077 0.0868015 0.308122
0.255141 0.095514 0.649345
0.228731 0.384418 0.386851
0.0327937 0.268847 0.698359
0.218655 0.288431 0.492914
0.0766755 0.080981 0.842343
0.425216 0.574784 0
0.213716 0.786284 0
0.172503 0.25374 0.573757
0.633196 0.366804 0
0.00733792 0.0701007 0.922561
0.133561 0.430515 0.435923
0.464992 5.16245e-17 0.535008
0.366325 4.06703e-17 0.633675
0.335325 0.328046 0.336629
0.715648 0.284352 0
0.153679 0.576735 0.269586
0.383112 0.616888 0
3.59719e-17 0.647993 0.352007
0.124882 0.111594 0.763524
0.919259 0.0807406 0
0.689412 0.0391783 0.27141
0.372185 0.11187 0.515945
0.130389 0.5289 0.340711
0 0.132206 0.867794
0.467053 0.532947 0
0.0309119 0.578124 0.390964
0.185466 0.456685 0.357849
0.306997 0.25726 0.435743
0.340973 0.659027 0
0.0855953 0.914405 0
0.128313 0.328604 0.543083
2.45499e-17 0.442081 0.557919
0.388435 0.361565 0.25
0.415765 0.161797 0.422439
0.500061 0.0271542 0.472785
0.316187 0.433813 0.25
0.83805 0.16195 0
0.213383 0.177203 0.609414
0.531314 0.14904 0.319646
0.298022 3.30871e-17 0.701978
0.102126 0.647874 0.25
0.172334 0.139098 0.688569
0.458643 0.201779 0.339579
0.0845667 0.188737 0.726696
0.0867365 0.400771 0.512493
0.878668 0.121332 0
0.327459 0.0672616 0.605279
0.211873 0.538127 0.25
0.214143 2.37747e-17 0.785857
0.562318 6.24299e-17 0.437682
0.756577 0.243423 0
0.0356122 0.475795 0.488593
0.24105 0.478991 0.279959
0.156317 0.0391186 0.804564
0.298707 0.701293 0
0.0585323 0.00577691 0.935691
0.636952 0.113048 0.25
0.12286 1.36402e-17 0.87714
0.404415 0.0335595 0.562025
0.0349775 0.161995 0.803028
0.271662 0.317504 0.410834
0.591859 0.408141 0
