4.16391e-17 0.75 0.25
0.105242 0.644758 0.25
0.598859 0.0245272 0.376613
0.435069 4.83023e-17 0.564931
0.499778 0.500222 0
2.28663e-17 0.407887 0.592113
2.56435e-17 4.37454e-17 1
0.0971869 0.170237 0.732576
0.183406 0.132605 0.683989
0.582891 0.417109 0
0.37515 0.62485 0
0.436259 0.11168 0.452061
0.0197978 0.575928 0.404275
0.189206 0.488871 0.321922
0.214354 0.233923 0.551724
0.50224 0.191085 0.306675
0.527218 0.222782 0.25
0.0659263 0.247514 0.686559
0.666067 0.333933 0
0.0106151 0.338567 0.650818
0.0721465 0.491176 0.436677
0.345211 0.404789 0.25
0.27562 0.453995 0.270384
0.351174 0.287051 0.361775
0.397216 0.0757265 0.527058
0.390433 0.333729 0.275838
0.874615 0.125385 0
0.142195 0.207468 0.650336
0.456527 0.293473 0.25
0.0607325 6.74266e-18 0.939268
0.250268 0.749732 0
0.541323 0.458677 0
0.255735 2.83923e-17 0.744265
0.270652 0.327536 0.401812
0.105401 0.413655 0.480944
0.75 0 0.25
0.958195 0.0418049 0
0.0629171 0.120804 0.816279
0.357733 0.157669 0.484598
0.291917 0.708083 0
3.58736e-17 0.646152 0.353848
0.791102 0.208898 0
0.552723 6.13646e-17 0.447277
0.125233 0.874767 0
0.325701 3.61601e-17 0.674299
0.313922 0.244053 0.442025
0.233173 0.287303 0.479524
0.0729877 0.605343 0.32167
0.482472 0.0217094 0.495819
0.707706 0.292294 0
0.18414 0.0225892 0.793271
0.597913 0.152087 0.25
0.62872 0.0819953 0.289285
5.55188e-17 1 0
0.749377 0.250623 0
0.0190757 0.457958 0.522967
1.55175e-17 0.2795 0.7205
0.426726 0.2445 0.328774
0.513936 0.0742597 0.411805
1 0 0
0.208611 0.791389 0
0.276222 0.0825234 0.641255
0.157297 0.574475 0.268228
8.45899e-18 0.152363 0.847637
0.110018 0.532079 0.357904
0.233941 0.160965 0.605094
0.667561 0 0.332439
0.832857 0.167143 0
0.161748 0.261093 0.577159
0.0834897 0.91651 0
0.363949 0.0281422 0.607909
4.48704e-18 0.0808202 0.91918
0.224323 0.062189 0.713488
0.692299 0.0577008 0.25
0.624462 0.375538 0
0.166924 0.833076 0
0.0417358 0.958264 0
0.458235 0.541765 0
0.416724 0.583276 0
0.0309472 0.689575 0.279478
2.92603e-17 0.527034 0.472966
0.552838 0.11224 0.334922
0.0854163 0.0456621 0.868922
0.231629 0.410462 0.357908
0.093063 0.296849 0.610088
0.012467 0.210203 0.77733
0.145629 0.334251 0.52012
0.308563 0.367813 0.323624
0.13761 0.09414 0.76825
0.150431 0.449525 0.400044
0.282938 0.197299 0.519764
0.189571 0.369937 0.440493
0.333547 0.666453 0
0.916405 0.0835955 0
0.468699 0.155096 0.376205
0.149159 1.656e-17 0.850841
0.0682526 0.371822 0.559926
0.318472 0.115897 0.565631
0.392069 0.200407 0.407524
0.226537 0.523463 0.25
