0.382063 0 0.617937
0.0242357 0.566888 0.408876
0.243417 0.756583 0
0.68257 0.0671704 0.250259
0.843759 0.156241 0
0.213392 0.0303014 0.756307
0.645774 0.354226 0
0.804369 0.195631 0
0.248383 0.0776628 0.673954
0.34152 0.258206 0.400273
0.172774 0.235218 0.592008
0.0334179 0.135114 0.831468
0.173571 0.350121 0.476308
0.485829 0.514171 0
0.0369131 0.367465 0.595622
0.617237 0.0368915 0.345872
0.132387 0.431075 0.436538
0.162225 0.837775 0
0.383559 0.174952 0.441489
0.685463 0.314537 0
0.0801843 0.0611315 0.858684
0.882837 0.117163 0
1.06899e-16 1.10624e-17 1
0.180701 0.467219 0.35208
0.300365 0.22137 0.478265
0.0870405 0.283142 0.629818
0.259971 0.420085 0.319944
0.606082 0.393918 0
0.395515 0.0474707 0.557014
0.170585 0.116896 0.712519
0.214947 0.153679 0.631374
0.4635 0.127323 0.409176
1 0 0
0.176636 0 0.823364
0.566021 0.433979 0
0.140785 0.546066 0.313149
0.427601 0.0883981 0.484001
0.579652 0.112603 0.307746
0.0983644 0.508545 0.393091
0.467055 0.258892 0.274053
0.121605 0.878395 0
0.282828 0 0.717172
0.258339 0.187121 0.55454
0.921976 0.0780242 0
0.324648 0.0318512 0.643501
0.134307 0.196799 0.668894
0.0591915 0.237605 0.703203
0.0999149 0.650085 0.25
0.0810483 0.918952 0
5.4758e-18 0.0986433 0.901357
0.105103 0 0.894897
1.87537e-17 0.337836 0.662164
0.445737 0.554263 0
0.0865706 0.162053 0.751376
0.535252 0.214748 0.25
0.364868 0.635132 0
0.0717201 0.597212 0.331068
0.127551 0.0842537 0.788195
0.0328578 0.0263982 0.940744
0.75 8.32667e-17 0.25
0.0266877 0.687497 0.285816
0.300686 0.105698 0.593616
0.258862 0.304598 0.43654
1.11191e-17 0.200303 0.799697
0.0882572 0.394404 0.517339
0.609108 0.140892 0.25
0.381795 0.295549 0.322656
0.578656 6.42437e-17 0.421344
0.960924 0.0390763 0
0.472088 0 0.527912
0.215456 0.26944 0.515104
0.501679 0.169098 0.329223
0.216918 0.385409 0.397673
4.16334e-17 0.75 0.25
0.76498 0.23502 0
2.95752e-17 0.532779 0.467221
1.49351e-17 0.269047 0.730953
0.171838 0.578162 0.25
0.283942 0.716058 0
0.0404905 0.95951 0
0.537828 0.0817689 0.380403
0.324426 0.675574 0
0.297654 0.452346 0.25
0.676045 7.50561e-17 0.323955
0.405315 0.594685 0
2.43642e-17 0.438906 0.561094
0.344815 0.136178 0.519007
5.55112e-17 1 0
0.202831 0.797169 0
0.12846 0.316629 0.554912
0.227853 0.507792 0.264355
0.41975 0.33025 0.25
0.525999 0.474001 0
0.725226 0.274774 0
3.55856e-17 0.641029 0.358971
0.424505 0.214425 0.36107
0.349013 0.382661 0.268326
0.0439958 0.470158 0.485846
0.508505 0.0320665 0.459428
0.302391 0.341993 0.355615
