0.178122 1.97755e-17 0.821878
0.212113 0.159393 0.628494
0.62118 6.89649e-17 0.37882
0.753623 0.246377 0
0.140739 0.0739962 0.785265
0.630434 0.369566 0
0.517788 0.116927 0.365285
0.0712556 0.42768 0.501064
0.0765672 8.50067e-18 0.923433
4.16334e-17 0.75 0.25
0.291553 3.23689e-17 0.708447
0.168329 0.24597 0.585701
0.297448 0.702552 0
2.52627e-17 0.455093 0.544907
0.444055 0.278249 0.277696
0.128053 0.871947 0
0.436806 0.160112 0.403082
0.364768 0.0778434 0.557389
0.381543 0.618457 0
0.339603 0.660397 0
0.06797 0.55219 0.379841
0.0896601 0.66034 0.25
0.252961 0.0765132 0.670526
0.476983 0.078431 0.444586
1 0 0
0.622137 0.127863 0.25
0.213141 0.786859 0
0.104928 0.0298008 0.865272
0.403673 4.48167e-17 0.596327
0.547741 0.452259 0
5.55112e-17 1 0
0.182734 0.425497 0.391769
0.876668 0.123332 0
0.354633 0.324304 0.321063
0.289458 0.116518 0.594025
0.0253204 0.685705 0.288974
0.137888 0.196103 0.666009
0.476116 0.197472 0.326412
1.42622e-17 0.256924 0.743076
0.247095 0.502905 0.25
0.177386 0.113076 0.709538
0.592579 0.0786182 0.328803
0.313736 0.290003 0.396261
0.231598 0.336562 0.431841
0.5559 0.0294668 0.414633
0.040329 0.382841 0.57683
0.255479 0.744521 0
0.178664 0.571336 0.25
0.119318 0.336724 0.543958
0.514857 0.235143 0.25
0.0989026 0.473871 0.427227
0.917776 0.0822242 0
0.334773 0.0256725 0.639555
0.44636 0.026462 0.527178
0.75 8.32667e-17 0.25
0.344467 0.405533 0.25
0.401007 0.117379 0.481615
0.556295 0.16495 0.278755
0.0948003 0.284195 0.621005
0.198286 0.293131 0.508583
0.58918 0.41082 0
0.266633 0.377211 0.356156
0.794644 0.205356 0
0.0136097 0.189536 0.796855
0.0036113 0.582269 0.41412
0.288589 0.429075 0.282336
0.103623 0.59738 0.298997
0.143476 0.514751 0.341773
0.223027 0.0236378 0.753335
0.213859 0.468978 0.317163
0.506433 0.493567 0
0.170656 0.829344 0
0.685231 0.0631859 0.251583
0.0677559 0.227162 0.705082
3.98618e-19 5.51125e-17 1
0.835628 0.164372 0
0.0234175 0.305203 0.67138
0.0854675 0.914532 0
0.408158 0.341842 0.25
0.712547 0.287453 0
0.39685 0.244197 0.358953
0.0972313 0.151844 0.750925
3.58983e-17 0.646686 0.353314
2.01082e-17 0.362238 0.637762
0.00523669 0.0610912 0.933672
0.245048 0.204417 0.550535
0.277706 0.249113 0.473181
0.464841 0.535159 0
2.89378e-17 0.521296 0.478704
0.672665 0.0109754 0.31636
0.32222 0.162606 0.515173
0.671503 0.328497 0
0.357947 0.204359 0.437694
0.150543 0.382406 0.467051
0.958888 0.041112 0
0.514921 5.71677e-17 0.485079
0.423286 0.576714 0
7.34877e-18 0.132384 0.867616
0.0427347 0.957265 0
0.0644042 0.102941 0.832655
