0.131438 0.618562 0.25
0.0107108 0.194796 0.794493
0.164222 0.292765 0.543013
0.106123 0.0304229 0.863454
0.0400835 0.959917 0
0.120221 0.879779 0
0.30192 1.0056e-16 0.69808
0.49232 0.138523 0.369157
3.44648e-17 0.619612 0.380388
0.635684 0 0.364316
0.317986 0.32734 0.354674
0.0796744 0.31947 0.600856
0.582428 0.0934225 0.324149
0.64242 0.35758 0
0.920936 0.0790645 0
0.160355 0.839645 0
0.270117 0.292523 0.43736
0.462583 0 0.537417
0.562458 0.437542 0
0 0 1
0.75 8.32667e-17 0.25
0.494106 0.0265428 0.479352
0.522332 0.477668 0
0.320011 0.21116 0.468829
0.881367 0.118633 0
0.234261 0.139289 0.62645
0.682396 0.317604 0
0.164811 0.395351 0.439838
0.11012 0.256634 0.633247
0 0.75 0.25
0.802028 0.197972 0
1.48307e-17 0.266627 0.733373
0.189058 0.443587 0.367355
0.0398327 0.546583 0.413584
0.0652704 0.104636 0.830093
0 0.409823 0.590177
0.363594 0.130419 0.505987
0.0999814 0.150575 0.749444
0.00542007 0.0617615 0.932818
0.0175544 0.466192 0.516254
0.722399 0.277601 0
0.214201 0.479327 0.306472
0.441891 0.558109 0
0.161637 0.549187 0.289176
0.448703 0.213732 0.337565
0.428994 0.321006 0.25
0.230715 0.519285 0.25
0.602447 0.397553 0
0.0630293 0.388456 0.548514
0.762233 0.237767 0
0.190581 0.101782 0.707636
0.401673 0.598327 0
0.1804 6.00852e-17 0.8196
0.32108 0.0911546 0.587765
0.2733 0.0639505 0.662749
0.20048 0.79952 0
0.077641 7.75789e-17 0.922359
0.065363 0.229978 0.704659
0.0801513 0.919849 0
0.272239 0.401491 0.32627
0.24061 0.75939 0
0.35887 0.250198 0.390932
5.56242e-17 1 0
0.841797 0.158203 0
1 0 0
0.566513 6.28956e-17 0.433487
0.372428 4.13478e-17 0.627572
0.119358 0.499138 0.381504
0.5002 0.2498 0.25
2.91462e-17 0.523924 0.476076
0.40528 0.173856 0.420864
0.145118 0.0723763 0.782506
0.134716 0.357621 0.507663
0.666274 0.0837262 0.25
0.534443 0.179421 0.286136
0.482134 0.517866 0
0.0018221 0.33766 0.660517
0 0.133967 0.866033
0.321125 0.678875 0
0.601277 0.148723 0.25
0.0817129 0.586037 0.33225
0.232767 0.0168947 0.750339
0.361411 0.638589 0
0.233174 0.360084 0.406743
0.149776 0.180091 0.670133
0.308626 0.441374 0.25
0.0653668 0.683997 0.250637
0.0137094 0.66967 0.31662
0.0914479 0.447055 0.461497
0.280859 0.719141 0
0.445139 0.0989787 0.455882
0.235601 0.258108 0.506291
0.194976 0.2165 0.588524
0.960489 0.0395114 0
0.278768 0.17404 0.547192
0.399765 0.286296 0.313939
0.400111 0.0469148 0.552975
0.535107 0.0659008 0.398993
0.359272 0.372206 0.268522
0.684073 0.0176801 0.298247
