0.195594 0.804406 0
0.877332 0.122668 0
0.214091 0.332486 0.453422
0.353263 0.646737 0
0.0348075 0.599178 0.366014
0.432963 0.567037 0
0.519699 0.0476356 0.432665
0.307612 0.414928 0.27746
0.117297 0.0720785 0.810624
0.375202 0.125014 0.499784
0.31373 0.68627 0
0.449149 0.218473 0.332378
0.156424 0.843576 0
0.103657 0.208356 0.687988
0.26368 0.122129 0.614192
0.0353849 0.686541 0.278074
0.195142 0.523569 0.281289
0.254453 0.251187 0.494359
0.334432 0.210848 0.45472
0.235015 0.764985 0
0.485198 0.136794 0.378008
0.836485 0.163515 0
0.266435 0.483565 0.25
0.673924 0.326076 0
0.295221 0.292078 0.412701
0.0909561 0.449724 0.45932
5.06838e-18 0.0913019 0.908698
0.69155 0.0584501 0.25
0.166396 5.54208e-17 0.833604
0.421206 0.0320368 0.546757
1 0 0
3.65541e-17 0.658488 0.341512
0.525373 0.190942 0.283684
0.272455 9.07458e-17 0.727545
0.629402 0.0889628 0.281635
4.16342e-17 0.75 0.25
0.0780942 0.154129 0.767777
0.152874 0.11752 0.729606
0.377698 0.372302 0.25
1.04356e-17 0.187988 0.812012
0.448535 0.0876789 0.463787
0.410515 0.172512 0.416973
0.066639 0.521007 0.412355
0.714493 0.285507 0
0.0988462 0.651154 0.25
0.172457 0.293275 0.534268
0.0361903 0.419589 0.544221
0.75 8.32667e-17 0.25
0.552917 0.447083 0
0.0371603 0.0270748 0.935765
0.489738 1.08744e-16 0.510262
0.045046 0.306697 0.648257
0.593179 0.406821 0
5.55122e-17 1 0
0.755097 0.244903 0
0.918179 0.0818211 0
1.79201e-20 2.77377e-17 1
0.591815 0.158185 0.25
0.0878727 0.33848 0.573647
0.201333 0.0303733 0.768294
0.38256 8.49453e-17 0.61744
0.101391 2.25133e-17 0.898609
0.0299037 0.231995 0.738101
0.31251 0.0291107 0.658379
2.70975e-17 0.488136 0.511864
0.48805 0.26195 0.25
0.340755 0.0819873 0.577258
0.161933 0.588067 0.25
0.337458 0.333275 0.329268
0.274385 0.725615 0
0.0390624 0.960938 0
0.224038 0.445969 0.329993
0.512703 0.487297 0
0.11725 0.88275 0
0.579369 6.43229e-17 0.420631
3.10436e-17 0.559221 0.440779
0.795732 0.204268 0
0.0392936 0.112632 0.848075
0.17595 0.410093 0.413957
0.230121 0.0808411 0.689038
0.296763 0.167745 0.535492
0.132639 0.254545 0.612816
0.259526 0.37159 0.368884
0.959107 0.0408929 0
0.374575 0.25553 0.369895
0.393124 0.606876 0
0.144623 0.48668 0.368697
0.671628 7.45657e-17 0.328372
0.216397 0.209554 0.574049
2.13229e-17 0.384112 0.615888
0.554368 0.109123 0.336509
0.633441 0.366559 0
0.0780994 0.921901 0
0.128923 0.374338 0.496738
0.47284 0.52716 0
0.419305 0.302174 0.278521
0.600534 0.0380134 0.361453
0.111011 0.56457 0.32442
0.182631 0.166469 0.6509
1.61278e-17 0.290527 0.709473
