0.191383 0.558617 0.25
0.0333656 0.488616 0.478018
0.38018 0.218242 0.401578
0.846865 0.153135 0
0.425173 0.574827 0
0.232307 0.767693 0
0.386653 0.613347 0
0.693876 0.306124 0
0.578424 0.0299166 0.39166
0.75 8.32667e-17 0.25
0.249586 0.339765 0.410649
0.167396 0.262162 0.570442
0.143884 0.524973 0.331142
0.732133 0.267867 0
5.94321e-18 0.107063 0.892937
0.923398 0.0766015 0
0.30951 0.69049 0
2.50742e-17 0.451694 0.548306
3.5414e-18 5.19698e-17 1
0.087668 0.51386 0.398472
0.42456 0.132589 0.442851
0.389197 0.0893773 0.521425
0.808627 0.191373 0
0.117592 0.229461 0.652946
0.0716732 0.0747425 0.853584
1.90901e-17 0.343896 0.656104
0.502122 0.497878 0
0.437356 9.71126e-17 0.562644
0.0291928 0.0318986 0.938909
0.0880692 0.601667 0.310264
0.201789 0.429659 0.368552
0.193657 0.806343 0
0.330547 0.394426 0.275026
0.64159 0.10841 0.25
0.499799 0.0876652 0.412536
0.128817 0.45255 0.418633
0.419808 0.257917 0.322275
0.08086 0.304101 0.615039
0.453287 0.289813 0.2569
0.540543 0.459457 0
0.0845741 0.414086 0.50134
0.185629 0.0759657 0.738405
0.116648 0.633352 0.25
0.297861 0.259892 0.442246
0.367809 0.0342473 0.597944
0.306159 0.134044 0.559796
0.27094 0.72906 0
1.27559e-17 0.229788 0.770212
1 0 0
0.0339527 0.586658 0.379389
0.470064 0.0370042 0.492932
0.770397 0.229603 0
0.578948 0.421052 0
0.153203 0.0224089 0.824388
0.0775581 0.922442 0
0.153152 0.154215 0.692633
0.221261 4.91298e-17 0.778739
0.534451 0.129767 0.335782
3.64492e-17 0.656607 0.343393
0.0387726 0.961227 0
3.07817e-17 0.55451 0.44549
0.333217 0 0.666783
0.108103 0.11322 0.778677
0.124141 0.34002 0.535839
0.228057 0.483548 0.288395
0.518602 0.231398 0.25
0.22912 0.115495 0.655385
0.340728 0.304832 0.35444
0.961691 0.0383092 0
0.540057 5.99584e-17 0.459943
0.348101 0.651899 0
0.116269 0.883731 0
0.46355 0.180197 0.356253
0.0742626 0.19144 0.734297
0.6173 0.3827 0
0.0182848 0.160104 0.821612
0.463666 0.536334 0
0.154981 0.845019 0
0 0.75 0.25
0.568777 0.16822 0.263004
0.606001 0.077973 0.316026
0.291342 0.458658 0.25
0.394789 0.355211 0.25
0.207519 0.186511 0.60597
0.042366 0.688494 0.269141
0.649018 7.20555e-17 0.350982
0.211505 0.297887 0.490608
0.169745 0.377474 0.452781
0.291386 0.0814054 0.627209
0.689726 0.0338383 0.276436
0.256776 0.21742 0.525804
0.885131 0.114869 0
0.0312325 0.383793 0.584974
5.55114e-17 1 0
0.341952 0.176163 0.481885
0.280571 0.380133 0.339296
0.104323 2.31643e-17 0.895677
0.0260587 0.274404 0.699538
0.265675 0.0250904 0.709235
0.655604 0.344396 0
