0.64894 0 0.35106
3.83837e-17 0.691416 0.308584
0.754928 0.245072 0
0.549216 0.450784 0
0.214249 0.367758 0.417993
0.512427 0.0397807 0.447793
0 0.370368 0.629632
0.220793 0.0938708 0.685336
0.258512 0.28084 0.460648
0.239318 0.483502 0.27718
0.33081 0.0907757 0.578414
0 0 1
0.0849507 0.035136 0.879913
0.542736 0.207263 0.250001
0.507483 0.492517 0
0.0356698 0.628424 0.335906
0.289353 0.0625804 0.648067
8.13623e-17 0.483186 0.516814
0.0827892 0.66721 0.250001
0.649152 0.100847 0.250001
0.226187 0.423504 0.350309
0.111224 0.082871 0.805905
0.482523 5.35708e-17 0.517477
0.0205052 0.243504 0.735991
0.34028 0.65972 0
0.959183 0.0408169 0
0.185169 0.182653 0.632178
0.0234595 0.412493 0.564047
0.42403 0.57597 0
0.877573 0.122427 0
0 0.304262 0.695738
0.465919 0.131773 0.402308
0.580528 0.14145 0.278022
0.412139 0.037101 0.55076
0.691037 0.0294238 0.279539
0.289096 0.328044 0.38286
4.21919e-17 0.749999 0.250001
0.590457 0.409543 0
0.0581794 6.45921e-18 0.941821
0.213709 0.786291 0
0.149074 0.12676 0.724166
0.579329 6.43185e-17 0.420671
0.0692288 0.323174 0.607597
0.10675 0.363719 0.529531
0.465783 0.534217 0
0.385342 4.27816e-17 0.614658
0.540293 0.093379 0.366328
0.631752 0.368248 0
5.77034e-17 1 0
0.339053 0.246416 0.414531
0.477986 0.272013 0.250001
0.123036 0.476298 0.400666
0.0753678 0.443331 0.481302
0.79592 0.20408 0
0.0697658 0.157438 0.772796
0.149561 0.275512 0.574928
0.713968 0.286032 0
0.353607 0.129526 0.516868
0.256124 0.743876 0
0.365466 0.384533 0.250001
0.18909 0.0386865 0.772224
4.45473e-18 0.0802442 0.919756
0.258647 0.148219 0.593133
1.06658e-17 0.192125 0.807875
0.15662 0 0.84338
0.500179 0.178517 0.321304
0.0831941 0.553379 0.363426
0.108908 0.244387 0.646705
0.301022 0.200363 0.498616
0.2975 0.452499 0.250001
0.672936 0.327064 0
0.382186 0.617814 0
0.836758 0.163242 0
0.16377 0.508508 0.327722
0.0247733 0.121503 0.853723
0.123773 0.597521 0.278706
0.298269 0.701731 0
0.223401 0.232091 0.544508
0.171145 0.828855 0
0.749999 0 0.250001
0.386292 0.171903 0.441805
0.0923068 0.204447 0.703246
0.150663 0.405991 0.443346
0.317879 0.367827 0.314295
0.254039 2.8204e-17 0.745961
0.128411 0.871589 0
0.375717 0.28736 0.336923
0.426442 0.216436 0.357121
0.193229 0.55677 0.250001
0.0429063 0.957094 0
0.434388 0.0878155 0.477796
0.91838 0.0816205 0
0.0856885 0.914312 0
1 0 0
0.609429 0.063197 0.327374
0.415219 0.316151 0.26863
3.28442e-17 0.591632 0.408368
0.0304948 0.523111 0.446394
0.319682 0 0.680318
0.183194 0.319757 0.49705
