0.160362 0.478217 0.361421
0.0586602 0.69134 0.25
0.485586 0.0747555 0.439658
0.656987 0.343013 0
0.68843 0.030758 0.280812
4.16334e-17 0.75 0.25
0.403157 8.95188e-17 0.596843
0.0257785 0.489648 0.484573
0.150231 0.246157 0.603612
0.0642621 0.0760614 0.859676
0.278045 0.239838 0.482117
2.49306e-17 0.44911 0.55089
0.695283 0.304717 0
0.349165 0.650835 0
0.397843 0.352157 0.25
1 0 0
0.426328 0.573672 0
0.771696 0.228304 0
0.571976 0.159661 0.268363
0.847971 0.152029 0
0.64346 7.14384e-17 0.35654
0.191881 0.283386 0.524733
0.924048 0.0759523 0
0.528118 0.112367 0.359515
0.239903 0.436225 0.323872
0.0235749 0.0356832 0.940742
0.363912 0.0770623 0.559025
0.580412 0.419588 0
0.0882838 0.62924 0.282476
0.5719 0.020245 0.407855
0 0 1
0.404898 0.237977 0.357125
0.75 8.32667e-17 0.25
0.886039 0.113961 0
0.962021 0.0379786 0
0.643507 0.106493 0.25
0.112741 0.441921 0.445338
3.71182e-17 0.668663 0.331337
2.12419e-17 0.38266 0.61734
0.281703 0.118621 0.599676
0.150956 0.015579 0.833466
0.0983751 2.18437e-17 0.901625
0.101842 0.329047 0.569111
0.00295666 0.317652 0.679391
0.152539 0.361673 0.485787
0.292351 9.73725e-17 0.707649
0.277078 0.472922 0.25
0.80984 0.19016 0
0.321326 0.15857 0.520104
0.36127 0.316355 0.322375
0.237309 0.320015 0.442675
0.100135 0.213642 0.686224
0.271717 0.728283 0
0.281538 0.35929 0.359173
0.521905 5.79431e-17 0.478095
0.0777631 0.922237 0
0.0300498 0.601063 0.368887
0.116635 0.883365 0
0.320638 0.277556 0.401807
0.503468 0.496532 0
0.464889 0.535111 0
0.618688 0.381312 0
1.01825e-17 0.183431 0.816569
0.0776329 0.518856 0.403511
0.196666 0.398831 0.404502
0.310464 0.689536 0
0.220947 4.90602e-17 0.779053
0.149766 0.135601 0.714632
0.602686 0.0741227 0.323191
0.0678851 0.287117 0.644998
0.733515 0.266485 0
0.104787 0.100629 0.794584
6.13251e-18 0.110474 0.889526
0.038882 0.961118 0
0.189605 0.0624002 0.747995
0.449498 0.281507 0.268995
0.118609 0.554124 0.327267
1.41877e-17 0.255583 0.744417
0.0700174 0.404422 0.52556
0.444167 0.155011 0.400822
0.241156 0.0844301 0.674414
0.362923 0.196721 0.440356
5.55112e-17 1 0
0.236662 0.201815 0.561523
0.484626 0.193115 0.322259
0.327139 0.402818 0.270042
0.0660877 0.169979 0.763933
0.193217 0.167111 0.639672
0.405743 0.11228 0.481977
0.232995 0.767005 0
0.451126 0.0225625 0.526311
0.16107 0.58893 0.25
0.194211 0.805789 0
3.11006e-17 0.560258 0.439742
0.330515 0.0290785 0.640407
0.541923 0.458077 0
0.519948 0.230052 0.25
0.387758 0.612242 0
0.20621 0.520546 0.273244
0.155426 0.844574 0
