0.672144 0.327856 0
0.71281 0.28719 0
0.958804 0.0411958 0
0.469171 0.214442 0.316387
0.102861 0.4712 0.425939
1.08064e-16 3.07144e-17 1
0.527786 5.8596e-17 0.472214
0.426557 0.304586 0.268858
0.112011 0.599193 0.288796
0.144285 0.38635 0.469365
0.389437 0.0168418 0.593721
0.312293 0.687707 0
0.263536 0.146329 0.590135
0.0776377 0.922362 0
1.86223e-17 0.33547 0.66453
0.14743 0.018618 0.833952
0.26453 0.263649 0.471821
0.351793 0.648207 0
0.608515 0.125762 0.265723
0.477379 0.0920042 0.430617
0.429825 0.0645845 0.50559
0.0657869 0.0767795 0.857434
0.0811346 0.668865 0.25
0.304165 0.302342 0.393492
0.470943 0.529057 0
0.457892 0 0.542108
0.388543 0.259961 0.351496
0.194495 0.805505 0
0.628284 6.97535e-17 0.371716
0.49303 0.25697 0.25
0.181445 0.428764 0.38979
0.557638 0.0376163 0.404745
0.0975233 0.109115 0.793361
1.96654e-17 0.118009 0.881991
0.347786 0.221501 0.430713
0.0285188 0.627632 0.343849
0.511008 0.488992 0
0.516033 0.134723 0.349244
0.263171 0.387214 0.349615
5.55112e-17 1 0
0.348451 0.101392 0.550156
0.272931 0.727069 0
0.302327 0.0697779 0.627895
0.91765 0.0823496 0
0.15543 0.84457 0
0.223519 0.104468 0.672014
0.233673 0.766327 0
0.266971 0.0184646 0.714565
0.146362 0.514927 0.338711
0.306872 0.18266 0.510468
0.753634 0.246366 0
0.794414 0.205586 0
0.683489 0.0114288 0.305082
0.375493 0.374507 0.25
0.00484951 0.265592 0.729558
0.0607839 0.178943 0.760273
0.0951788 0.226078 0.678743
0.591254 0.408746 0
0.560624 0.189376 0.25
0.223835 0.345777 0.430388
2.55889e-17 0.460969 0.539031
0.0728081 0.549013 0.378178
0.75 8.32667e-17 0.25
0.0144874 0.390796 0.594717
0.0685058 0.425872 0.505622
0.181325 0.568675 0.25
0.551063 0.448937 0
0.140319 0.147514 0.712167
0.251964 0.498036 0.25
0.835501 0.164499 0
1 0 0
0.180963 0.185856 0.633182
0.336676 3.73785e-17 0.663324
0.0962138 1.06819e-17 0.903786
0.631484 0.368516 0
0.341027 0.340302 0.318671
0.672146 0.0778537 0.25
0.216455 2.40313e-17 0.783545
0.0173048 0.51415 0.468545
0.876535 0.123465 0
0.306385 0.428769 0.264846
0.178899 0.0711977 0.749903
0.218822 0.467953 0.313225
0.431111 0.568889 0
0.10023 0.346732 0.553038
4.16334e-17 0.75 0.25
0.391403 0.608597 0
0.0388175 0.961183 0
0.587119 0.0834918 0.32939
0.43173 0.175733 0.392537
0.223662 0.22493 0.551408
0.0193429 0.0411655 0.939492
0.142672 0.264209 0.593119
3.24294e-17 0.194598 0.805402
3.23897e-17 0.583481 0.416519
0.389729 0.141023 0.469248
0.116515 0.883485 0
0.0655356 0.301352 0.633112
3.83192e-17 0.690298 0.309702
0.182439 0.3057 0.511862
