8.24232e-17 0.494268 0.505732
0.72678 0.27322 0
0.310813 0.199086 0.490101
0.226952 0.3655 0.407548
0.146557 0.410346 0.443097
0.530856 5.89369e-17 0.469144
0.66714 0.0828597 0.25
0.445592 0.304408 0.25
0.371033 0.378967 0.25
3.17027e-17 0.571104 0.428896
0.165901 1.84187e-17 0.834099
0.227788 0.499206 0.273006
3.81282e-17 0.686856 0.313144
0.882829 0.117171 0
0.138495 0.179178 0.682327
0.0213562 0.0407809 0.937863
0.532902 0.467098 0
0.356779 0.111051 0.53217
0.432705 0.0744763 0.492819
0.553246 0.0727949 0.373959
0.960945 0.0390549 0
0.0754568 0.924543 0
0.0933744 0.140913 0.765713
0.302614 0.697386 0
0.0926901 0.378889 0.528421
4.16334e-17 0.75 0.25
0.0897095 0.266123 0.644168
0.117306 0.490146 0.392548
0.516385 0.15214 0.331476
0.34432 0.350037 0.305642
0.220305 0.138655 0.64104
0.266471 0.282007 0.451522
0.610289 0.389711 0
0.478881 0.103845 0.417274
0.75 8.32667e-17 0.25
0.348765 0.0166646 0.63457
1.37742e-17 0.248134 0.751866
7.0351e-17 0.421874 0.578126
0.0584609 0.538493 0.403046
1 0 0
0.307996 0.316707 0.375297
0.309999 0.0883272 0.601674
0.176988 0.218577 0.604434
0.132431 0.300105 0.567465
0.296501 0.453499 0.25
0.340747 0.659253 0
0.139584 0.533584 0.326832
0.0798766 0.670123 0.25
0.598041 0.121566 0.280393
0.0232954 0.622095 0.35461
0.692289 7.68595e-17 0.307711
0.0618146 0.21926 0.718926
5.55112e-17 1 0
0.397443 0.271515 0.331042
0.266262 0.168649 0.565089
1.77645e-17 0.320017 0.679983
0.379049 0.620951 0
0.394595 0.154941 0.450464
0.113098 0.886902 0
0.223746 0.0115519 0.764702
0.411091 4.56403e-17 0.588909
0.352964 0.236111 0.410925
0.221859 0.250049 0.528091
0.0655807 0.0855356 0.848884
0.628654 0.0366875 0.334658
0.226577 0.773423 0
0.0376817 0.962318 0
0.804735 0.195265 0
0.556762 0.193238 0.25
0.455707 0.544293 0
0.466126 0.00969915 0.524175
0.571482 0.428518 0
0.150846 0.849154 0
0.438801 0.191874 0.369324
0.64909 0.35091 0
0.843779 0.156221 0
0.494278 0.505722 0
0.135482 0.0623207 0.802198
0.687889 0.312111 0
0.2938 3.26183e-17 0.7062
0.0950825 1.05563e-17 0.904918
0.00868539 0.177622 0.813693
0.257383 0.0651851 0.677432
0.1886 0.8114 0
0.177956 0.0980314 0.724013
0.192154 0.449663 0.358184
0.264582 0.735418 0
6.35548e-18 0.11449 0.88551
0.180528 0.33109 0.488382
0.178902 0.571098 0.25
0.595806 6.61478e-17 0.404194
0.266843 0.405871 0.327287
0.103846 0.603119 0.293035
0.765733 0.234267 0
0.921889 0.0781106 0
0.067647 0.454366 0.477987
0.485139 0.235613 0.279248
0.417408 0.582592 0
0.0390688 0.350525 0.610406
0 0 1
