0.0633741 0.169149 0.767477
0.527862 0.222138 0.25
0.0269813 0.573331 0.399688
0.448907 0.551093 0
0.233316 0.267849 0.498835
0.351191 0.140017 0.508792
0.648232 0.351768 0
0.388033 0.0508285 0.561138
0.243223 0.132077 0.624701
0.608088 0.0752478 0.316664
0.0213726 0.12695 0.851678
0.580827 0.0271769 0.391996
0.198199 0.221788 0.580013
0.033369 0.688582 0.278049
0.0819076 0.0375951 0.880497
0.160011 0.569523 0.270466
0.360761 4.00525e-17 0.639239
0.922379 0.0776212 0
0.541381 6.01053e-17 0.458619
0.467575 0.0373475 0.495078
0.0363107 0.416019 0.54767
0.031176 0.306368 0.662456
0.339216 0.410784 0.25
0.153744 0 0.846256
0.447809 9.94335e-17 0.552191
4.50791e-18 0.0812073 0.918793
0.961193 0.0388072 0
0.15081 0.439445 0.409746
0.19146 0.35475 0.45379
1.09656e-17 0.197538 0.802462
0.229635 0.520365 0.25
0.466522 0.266178 0.2673
0 0.536636 0.463364
0.123734 0.876266 0
0.271592 0.448598 0.27981
0.21389 0.085976 0.700134
1 0 0
0.536312 0.1229 0.340788
0.076055 0.602594 0.321351
0.275125 0.180269 0.544606
0.570339 0.161331 0.268331
0.292141 0.03573 0.672129
0.424963 0.111247 0.463791
0.642887 0.107113 0.25
0.112294 0.525511 0.362195
0.467364 0.160752 0.371884
0.11206 0.394545 0.493395
0.0824741 0.917526 0
0.257611 2.86006e-17 0.742389
0.229856 0.400792 0.369352
0.345492 0.270848 0.38366
0.0852145 0.219666 0.69512
0.165679 0.176084 0.658237
0.164841 0.835159 0
0.687796 0.312204 0
0.0730413 0.483168 0.443791
0.189796 0.48267 0.327534
0.105362 0.0863403 0.808298
0.408782 0.591218 0
4.83807e-17 6.95805e-17 1
0.805372 0.194628 0
0.387453 0.18978 0.422767
0.766183 0.233817 0
0.187268 0.0340756 0.778656
0.568648 0.431352 0
0.0575484 6.38915e-18 0.942452
0.108612 0.641388 0.25
0.316628 0.0915992 0.591773
0.0412464 0.958754 0
0.690609 0.033475 0.275916
0.0802052 0.341251 0.578544
0.608563 0.391437 0
0.727058 0.272942 0
0.118619 0.262469 0.618912
4.16334e-17 0.75 0.25
0.429733 0.230896 0.339371
0.268895 0.314021 0.417084
0.528977 0.471023 0
0.650459 7.22154e-17 0.349541
0.378406 0.311029 0.310565
0.246662 0.753338 0
1.49492e-17 0.269301 0.730699
5.55112e-17 1 0
2.62493e-17 0.472865 0.527135
0.368379 0.631621 0
0.205756 0.794244 0
0.84444 0.15556 0
0.75 0 0.25
0.138808 0.127534 0.733658
0.15614 0.307829 0.536031
2.08944e-17 0.3764 0.6236
0.304884 0.360648 0.334468
0.287376 0.712624 0
0.489031 0.510969 0
0.327835 0.672165 0
0.310011 0.226331 0.463659
0.501885 0.0803006 0.417814
0.883444 0.116556 0
0.411632 0.338368 0.25
3.58949e-17 0.646626 0.353374
