0.687922 0.312078 0
0.570752 6.33663e-17 0.429248
0.246431 0.753569 0
3.552e-17 0.639871 0.360129
0.603418 0.0311776 0.365405
0.568943 0.431057 0
0.197138 0.29662 0.506243
0.64834 0.35166 0
4.26417e-19 3.04303e-18 1
0.156776 0.257053 0.58617
0.0246986 0.688914 0.286388
0.327856 0.672144 0
0.0731181 0.0707599 0.856122
0.075009 0.299338 0.625653
0.805693 0.194307 0
0.556732 0.17906 0.264208
0.667404 7.40968e-17 0.332596
0.0266277 0.498196 0.475176
0.684644 0.0530449 0.262311
0.112654 0.338645 0.548701
1.8724e-17 0.337302 0.662698
0.198148 0.175486 0.626366
0.195516 0.0641659 0.740318
0.432021 0.317979 0.25
0.157262 0.0161059 0.826633
0.123468 0.876532 0
0.320033 0.302404 0.377564
0.295342 3.27896e-17 0.704658
1 0 0
0.72711 0.27289 0
0.363562 0.350361 0.286077
0.75 8.32667e-17 0.25
0.0412151 0.958785 0
0.252521 0.497479 0.25
0.112451 0.221532 0.666016
0.0818802 0.528604 0.389516
0.1646 0.8354 0
0.022831 0.384255 0.592914
0.32534 0.0390597 0.6356
0.479798 0.0981323 0.42207
0.356474 0.220792 0.422735
0.488925 0.511075 0
0.287198 0.712802 0
0.608815 0.391185 0
0.922419 0.0775807 0
0.0618422 0.603434 0.334724
0.626564 0.123436 0.25
0.0216442 0.152502 0.825854
0.517715 0.130224 0.352061
0.239772 0.337018 0.42321
0.116539 0.455166 0.428294
0.32886 0.42114 0.25
0.234862 0.455751 0.309388
0.156736 0.140597 0.702668
0.394563 4.38053e-17 0.605437
0.0983717 0.651628 0.25
0 0.104293 0.895707
0.157289 0.375273 0.467438
0.464885 5.16126e-17 0.535115
0.844604 0.155396 0
0.282043 0.380072 0.337885
0.368352 0.631648 0
5.55112e-17 1 0
0.502182 0.247818 0.25
0.0823686 0.917631 0
0.356568 0.0900239 0.553408
4.16334e-17 0.75 0.25
0.0231314 0.267254 0.709615
0.408622 0.591378 0
0.961242 0.0387581 0
0.529146 0.470854 0
0.278422 0.257673 0.463905
0.113483 0.103198 0.783319
0.238552 0.214831 0.546617
0.883573 0.116427 0
0.27992 0.13019 0.58989
1.22914e-17 0.221422 0.778578
0.243123 0.0900433 0.666834
0.448733 0.551267 0
0.225538 0 0.774462
0.584692 0.0951532 0.320154
0.766557 0.233443 0
0.394947 0.138804 0.466249
0.396517 0.265826 0.337656
0.175478 0.574522 0.25
0.0296068 0.030399 0.939994
0.103514 0 0.896486
3.14418e-17 0.566405 0.433595
0.470832 0.215661 0.313507
0.134144 0.559048 0.306807
0.0761601 0.415907 0.507933
0.205582 0.794418 0
0.165569 0.493389 0.341042
0.198362 0.414358 0.387281
2.52078e-17 0.454104 0.545896
0.0752447 0.181934 0.742821
0.434195 0.17862 0.387186
0.511622 0.025665 0.462713
0.429319 0.0640845 0.506596
0.317682 0.174924 0.507394
