0.0381453 0.961855 0
0.844587 0.155413 0
0.447376 0.0797338 0.47289
0.0230498 0.683613 0.293338
0.0762998 0.9237 0
0.767033 0.232967 0
0.190843 0.809157 0
7.85719e-18 1.68379e-18 1
7.34741e-17 0.439925 0.560075
0.145135 0.0927702 0.762095
0.75 0 0.25
3.54183e-17 0.638037 0.361963
0.302616 0.0216354 0.675748
0.145155 0.230723 0.624122
0.651172 0.348828 0
0.0698897 0.405507 0.524603
0.219809 0.193949 0.586242
8.79208e-18 0.158383 0.841617
0.55762 0.0835983 0.358782
0.373388 0.117292 0.509319
0.612585 0.387415 0
0.343843 0.656157 0
0.630357 0.0356867 0.333956
3.24861e-18 0.0585216 0.941478
0.337433 0.332242 0.330324
0.692159 0 0.307841
0.1861 0.533317 0.280583
0.483864 0.121906 0.39423
0.153404 0.596596 0.25
0.805787 0.194213 0
0.526756 0.0301429 0.443101
0.883397 0.116603 0
0.0220982 0.36884 0.609062
0.668902 0.0810984 0.25
0.0637248 0.534887 0.401388
0.484559 0.265441 0.25
0.0142931 0.495456 0.490251
0.334718 0.20356 0.461722
0.961142 0.0388577 0
0.106008 0.322435 0.571557
0.184179 0 0.815821
3.14245e-17 0.566092 0.433908
0.0824509 0 0.917549
0.305532 0.694468 0
1 0 0
0.180792 0.411185 0.408023
0.0334917 0.0889898 0.877519
0.448021 0.212805 0.339174
0.257899 0.241793 0.500308
1.24869e-17 0.224944 0.775056
0.0871933 0.584091 0.328716
0.229056 0.770944 0
0.518983 0.165735 0.315282
0.458753 0.541247 0
0.254589 0 0.745411
0.0347685 0.254273 0.710959
0.420444 0.579556 0
0.0772827 0.276836 0.645882
0.374399 0.25099 0.374612
0.377233 0.372767 0.25
0.416776 0.0259671 0.557257
0.115095 0.0383859 0.846519
0.257518 0.10964 0.632843
0.372331 0 0.627669
0.409634 0.165761 0.424604
0.0916668 0.658333 0.25
0.267292 0.732708 0
0.22102 0.326339 0.452641
0.574083 0.425917 0
0.181709 0.279875 0.538416
5.55113e-17 1 0
0.306915 0.418037 0.275047
0.261466 0.371517 0.367017
0.0699813 0.131301 0.798717
0.59402 0 0.40598
0.334244 0.076169 0.589587
0.497199 0.502801 0
0.260661 0.489339 0.25
0.922257 0.0777429 0
1.80237e-17 0.324685 0.675315
0.222213 0.450524 0.327263
0.217415 0.0671863 0.715399
0.53561 0.46439 0
0.728404 0.271596 0
0.417308 0.299981 0.28271
0.295768 0.15798 0.546252
0.141904 0.496408 0.361688
0.382132 0.617868 0
0.601911 0.123961 0.274128
0.100476 0.453456 0.446068
0.144873 0.365843 0.489284
0.297485 0.287386 0.415129
0.114455 0.885545 0
4.16335e-17 0.75 0.25
0.152642 0.847358 0
0.555616 0.194384 0.25
0.0982517 0.181321 0.720427
0.689753 0.310247 0
0.485933 0 0.514067
0.177492 0.148573 0.673935
