0.742786 0.257214 0
0.299231 0.700769 0
2.90922e-17 0.524078 0.475922
0.410936 0.589064 0
0.448062 0.551938 0
0.336575 0.663425 0
0.0902274 0.343596 0.566176
3.54083e-17 0.637859 0.362141
0.197314 0.0412175 0.761468
0.17985 0.57015 0.25
0.26406 0.256924 0.479016
0.093289 0.227615 0.679096
0.963215 0.0367851 0
0.558981 0.441019 0
2.5125e-17 0.452612 0.547388
5.66745e-18 0.102096 0.897904
0.30761 0.175153 0.517237
0.669366 0.330634 0
0.305402 0.423585 0.271012
0.0840407 0.470272 0.445687
0.474626 0.207085 0.31829
0.435299 0.299499 0.265203
8.87966e-17 2.22257e-17 1
1 0 0
0.133561 0.264345 0.602095
0.0597556 0.420238 0.520006
0.706072 0.293928 0
0.177816 0.300953 0.521231
0.816181 0.183819 0
0.640066 0.109934 0.25
0.024234 0.145941 0.829825
0.889684 0.110316 0
0.268833 2.98464e-17 0.731167
0.136677 0.381734 0.481589
5.55112e-17 1 0
0.487816 0.0848456 0.427338
0.112329 0.887671 0
0.261876 0.738124 0
0.60118 0.0797675 0.319052
0.260931 0.381048 0.358021
0.351882 0.211735 0.436382
0.223945 0.0919458 0.684109
0.0759383 0.595875 0.328187
0.067895 0.181997 0.750108
0.364066 4.04195e-17 0.635934
0.507093 0.242907 0.25
0.22073 0.340005 0.439265
0.172091 0.423801 0.404108
0.0768299 0.0645319 0.858638
0.0293561 0.0299399 0.940704
0.114402 0.0953495 0.790249
0.211665 0.461163 0.327172
0.402246 0.126372 0.471382
0.645812 7.16995e-17 0.354188
0.430262 4.77686e-17 0.569738
0.178244 0.181127 0.64063
0.34382 0.334852 0.321328
0 0.283021 0.716979
0.485103 0.514897 0
0.147107 0.136259 0.716634
0.522057 0.477943 0
4.16334e-17 0.75 0.25
0.387277 0.0709162 0.541807
0.392603 0.254058 0.353339
0.101499 1.12686e-17 0.898501
0.572857 0.029511 0.397632
0.0412721 0.310862 0.647866
0.43728 0.168546 0.394174
0.117603 0.508225 0.374172
0.534684 5.93618e-17 0.465316
0.779509 0.220491 0
0.187183 0.812817 0
0.56735 0.170983 0.261668
1.19044e-17 0.214451 0.785549
0.0374532 0.962547 0
0.149778 0.850222 0
0.524766 0.124984 0.35025
0.926455 0.0735454 0
0.257937 0.137448 0.604615
0.256697 0.493303 0.25
0.595855 0.404145 0
0.632637 0.367363 0
0.0748878 0.925112 0
0.75 8.32667e-17 0.25
0.10308 0.64692 0.25
0.0275926 0.563066 0.409341
0.305514 0.29529 0.399197
0.220895 0.218961 0.560144
0.171274 1.90152e-17 0.828726
0.224557 0.775443 0
0.378145 0.371855 0.25
0.464087 0.0323968 0.503516
0.373797 0.626203 0
0.298964 0.0430204 0.658016
0.852903 0.147097 0
0.0272756 0.686393 0.286331
0.328407 0.098728 0.572865
0.687911 0.0338653 0.278224
2.11554e-17 0.381102 0.618898
0.154008 0.540945 0.305046
