0.368784 0.0711386 0.560077
0.411496 4.56852e-17 0.588504
0.0824395 0.137577 0.779983
0.264121 2.93233e-17 0.735879
0.505642 0.244358 0.25
0.88289 0.11711 0
0.377639 0.250963 0.371398
0.345922 3.8405e-17 0.654078
0.12288 0.87712 0
0.224878 0.494597 0.280525
0.646748 0.353252 0
0.245112 0.754888 0
0.251811 0.189198 0.55899
0.272755 0.0548357 0.67241
0.0912619 0.355697 0.553041
0.465441 0.202568 0.331991
0.171839 1.9078e-17 0.828161
0.477356 0.0773388 0.445306
2.70565e-17 0.487406 0.512594
0.257992 0.403329 0.338679
0.0359244 0.323819 0.640256
0.44984 0.0274763 0.522684
0 0.673508 0.326492
0.185628 0.11069 0.703682
0.520303 5.77652e-17 0.479697
0.513012 0.111672 0.375316
0.32662 0.67338 0
0.960953 0.0390473 0
4.76354e-18 0.0858124 0.914188
0.298507 0.305992 0.395501
4.16334e-17 0.75 0.25
0.0978288 0.495702 0.406469
0.0259007 0.219044 0.755055
0.0342878 0.422867 0.542845
0.0446636 0.10089 0.854446
0.00545008 0.609149 0.3854
0.409117 0.285496 0.305387
0.80442 0.19558 0
0.344913 0.2112 0.443887
5.55112e-17 1 0
0.75 8.32667e-17 0.25
1 0 0
0.285873 0.714127 0
0.921916 0.078084 0
0.447451 0.552549 0
0.2209 0.356881 0.422219
0.607184 0.392816 0
0.843596 0.156404 0
0.63796 7.08278e-17 0.36204
0.527569 0.472431 0
3.05394e-17 0.55015 0.44985
0.26256 0.264399 0.47304
0.180718 0.569282 0.25
0.116642 0.166023 0.717336
0.765204 0.234796 0
0.398443 0.118239 0.483318
0.487576 0.512424 0
0.407165 0.592835 0
0.686292 0.313708 0
0.0649555 0.685045 0.25
0.331174 0.349119 0.319707
0.567476 0.432524 0
0.105426 0 0.894574
0.301038 0.101194 0.597768
0.180766 0.447296 0.371937
0.1248 0.281719 0.593481
0.291713 0.458287 0.25
0.320823 0.161725 0.517452
2.1613e-17 0.389345 0.610655
0.0715409 0.45087 0.47759
0.128195 0.0684774 0.803328
9.82319e-18 0.176959 0.823041
0.428708 0.163847 0.407445
0 0 1
0.432781 0.317219 0.25
0.0799377 0.245415 0.674648
0.204399 0.795601 0
0.206051 0.0381666 0.755783
0.0409501 0.95905 0
0.205687 0.249567 0.544746
0.366902 0.633098 0
0.106249 0.619383 0.274368
0.687534 0.0244331 0.288033
0.725899 0.274101 0
0 0.288114 0.711886
0.172951 0.323016 0.504033
0.159116 0.201813 0.639071
0.545774 0.148134 0.306092
0.565946 0.0222781 0.411776
0.598463 0.0727197 0.328817
0.144509 0.529914 0.325577
0.141719 0.403043 0.455238
0.163612 0.836388 0
0.0697562 0.57671 0.353534
0.651493 0.0985073 0.25
0.359815 0.390185 0.25
0.0819231 0.918077 0
0.578586 0.171414 0.25
0.0416631 0.0220528 0.936284
0.226324 0.145806 0.62787
