1 0 0
0.170413 1.89197e-17 0.829587
0.616491 6.84443e-17 0.383509
0.669248 0.0638593 0.266893
0.499943 0.121812 0.378246
0.753415 0.246585 0
0.53024 0.162145 0.307614
0.0386825 0.961318 0
0.513714 5.70337e-17 0.486286
0.419677 0.1715 0.408823
0.189782 0.404096 0.406122
3.88251e-17 7.21972e-17 1
0.128841 0.257977 0.613182
0.182117 0.289266 0.528617
0.371652 4.12616e-17 0.628348
0.179516 0.514971 0.305513
0.217766 0.211847 0.570387
0.263501 0.250858 0.485641
2.45957e-17 0.443076 0.556924
0.210572 0.539428 0.25
0.794466 0.205534 0
0.299193 0.170079 0.530728
4.16334e-17 0.75 0.25
0.23336 0.76664 0
0.95872 0.0412804 0
0.585134 0.0805759 0.33429
0.0153299 0.496776 0.487894
0.00439754 0.215635 0.779967
1.87159e-17 0.337155 0.662845
0.116228 0.883772 0
0.430617 0.569383 0
0.550514 0.449486 0
0.71247 0.28753 0
0.223809 0.0881021 0.688089
0.104143 1.15622e-17 0.895857
0.683234 7.58542e-17 0.316766
0.442775 4.91579e-17 0.557225
0.0838525 0.233092 0.683055
0.547337 0.0347515 0.417911
0.917603 0.0823974 0
0.455109 0.214817 0.330074
0.383242 0.366758 0.25
0.25969 0.127684 0.612626
5.55112e-17 1 0
0.194229 0.805771 0
5.18179e-18 0.0933468 0.906653
0.144861 0.483302 0.371837
0 0.156424 0.843576
0.75 8.32667e-17 0.25
0.0686969 0.529362 0.401941
0.233498 0.438507 0.327995
0.280012 0.361856 0.358132
0.303935 0.0355207 0.660544
6.30745e-19 0.568684 0.431316
1.55008e-17 0.279237 0.720763
0.51054 0.48946 0
0.283339 0.466661 0.25
0.351352 0.648648 0
0.0999192 0.325713 0.574368
0.835382 0.164618 0
0.311902 0.688098 0
0.321523 0.393546 0.284931
0.0717149 0.0678676 0.860417
0.309564 0.294099 0.396337
0.481267 0.268733 0.25
0.272518 0.727482 0
0.590956 0.409044 0
0.62473 0.12527 0.25
0.175117 0.176585 0.648298
0.0705005 0.406489 0.52301
0.413064 0.0585522 0.528384
0.341141 0.213105 0.445754
0.876531 0.123469 0
0.144022 0.135313 0.720664
0.0774461 0.922554 0
0.0769555 0.673044 0.25
0.268219 2.97783e-17 0.731781
0.671817 0.328183 0
0.194536 0.0414723 0.763992
0.390975 0.609025 0
0.0343823 0.0235855 0.942032
0.33748 0.0861609 0.576359
0.0214737 0.620343 0.358183
0.407599 0.304178 0.288223
0.107933 0.0965081 0.795559
0.146719 0.366134 0.487148
0.377575 0.133067 0.489357
0.138185 0.60918 0.252636
0.377687 0.260044 0.36227
0.0989711 0.576127 0.324902
3.8066e-17 0.685736 0.314264
0.470578 0.529422 0
0.462016 0.085093 0.452891
0.631345 0.368655 0
0.228657 0.327932 0.443411
0.0264061 0.369541 0.604053
0.0679217 0.177047 0.755031
0.10344 0.448425 0.448135
0.155159 0.844841 0
0.552998 0.197002 0.25
