0 0 1
0.226411 0.523589 0.25
0.266542 0.733458 0
0.488106 0.0641863 0.447708
0.113585 0.549839 0.336576
0.649969 0.350031 0
0.0200295 0.597637 0.382334
0.294975 0.212616 0.492409
0.110599 0.123325 0.766076
0.258368 0.169149 0.572483
1 0 0
3.07035e-17 0.553106 0.446894
0.575031 0.0159305 0.409038
0.0579441 0.45223 0.489825
0.531449 0.103698 0.364853
1.71987e-17 0.309824 0.690176
0.688645 0.311355 0
1.33263e-17 0.240066 0.759934
0.374052 0.174337 0.451611
0.19086 0.082321 0.726819
0.450376 0.140601 0.409024
0.882848 0.117152 0
0.921933 0.078067 0
0.38327 0.0338287 0.582901
0.176883 0.211535 0.611583
0.961003 0.0389966 0
0.0861333 0.375201 0.538666
0.29873 0.45127 0.25
0.521839 5.79357e-17 0.478161
0.19041 0.80959 0
0.162061 0.459826 0.378113
0.234342 7.80517e-17 0.765658
0.574258 0.153724 0.272017
0.338543 0.126203 0.535254
0.75 8.32667e-17 0.25
0.843914 0.156086 0
0.114261 0.885739 0
0.41347 0.221813 0.364717
0.644778 0.105222 0.25
0.572733 0.427267 0
0.128535 4.28107e-17 0.871465
0.526757 0.223243 0.25
0.766279 0.233721 0
0.410606 0.339394 0.25
0.15234 0.84766 0
0.0647332 0.628653 0.306613
0.53422 0.46578 0
3.74058e-17 0.673842 0.326158
0.0380803 0.96192 0
0.457488 0.542512 0
0.0108993 0.0671428 0.921958
0.8051 0.1949 0
0.274376 0.0295981 0.696026
5.55112e-17 1 0
0.490673 0.182914 0.326412
0.154192 0.595808 0.25
0.414345 0.0884734 0.497182
0.0770665 0.672933 0.25
0.689346 0.0306248 0.280029
0.645431 7.16573e-17 0.354569
0.345078 3.83113e-17 0.654922
0.0761736 0.923826 0
0.0383887 0.34055 0.621061
0.130349 0.415798 0.453853
2.67336e-17 0.481591 0.518409
0.30306 0.0828935 0.614047
0.727452 0.272548 0
0.17029 0.335622 0.494087
0.41916 0.58084 0
4.16334e-17 0.75 0.25
0.495893 0.504107 0
0.250549 0.418639 0.330812
7.23117e-18 0.130265 0.869735
0.0261242 0.169781 0.804095
0.372832 0.299884 0.327284
0.128965 0.295935 0.5751
0.225652 0.123007 0.651341
0.16265 0.0322117 0.805138
0.22848 0.77152 0
0.0779633 0.0808523 0.841184
0.194809 0.497308 0.307883
0.144774 0.167878 0.687348
0.211216 0.377175 0.411609
0.304626 0.695374 0
0.0807683 0.506302 0.41293
0.380853 0.619147 0
0.333168 0.257049 0.409783
0.252997 0.2962 0.450803
0.451046 5.00761e-17 0.548954
0.342724 0.657276 0
0.0633117 0.001915 0.934773
0.293877 0.339717 0.366406
0.611354 0.388646 0
0.213483 0.253934 0.532583
0.0668334 0.209806 0.723361
0.604788 0.0713432 0.323868
0.457147 0.268732 0.274122
0.0915694 0.257063 0.651368
0.339041 0.383263 0.277696
6.8396e-17 0.410058 0.589942
