0.150414 0.159616 0.68997
0.12849 1.42653e-17 0.87151
0.194282 0.0779337 0.727784
0.688672 0.025243 0.286085
0.324227 0.425773 0.25
0.477028 0.0857204 0.437252
0.0783778 0.0786918 0.84293
0.363678 0.0959155 0.540407
0.0639437 0.000565838 0.93549
0.383831 0.616169 0
0.319025 0.0680404 0.612935
1.2987e-17 0.233954 0.766046
0.399344 0.137279 0.463377
2.19397e-17 0.39523 0.60477
0.268921 0.731079 0
0.0384641 0.961536 0
0.525413 0.105995 0.368591
0.884205 0.115795 0
0.345525 0.654475 0
0.429197 0.320803 0.25
0.222089 0.463061 0.31485
0.0111896 0.68428 0.30453
0.097768 0.245485 0.656747
0.234546 2.60398e-17 0.765454
0.315913 0.184911 0.499176
0.279438 0.0239043 0.696658
0.35292 0.227123 0.419957
0.467506 0.249915 0.282578
0.133917 0.512016 0.354067
0.230558 0.769442 0
0.163567 0.0303131 0.80612
0.498881 0.501119 0
0.806991 0.193009 0
0.578988 0.147082 0.273931
0.566395 0.0203745 0.41323
0.0915938 0.477174 0.431233
0.430514 0.188465 0.381021
5.55112e-17 1 0
0 0 1
0.602783 0.0700133 0.327204
0.253101 0.496899 0.25
0.113054 0.118863 0.768083
0.638949 7.09376e-17 0.361051
0.0769122 0.923088 0
0.535755 0.214245 0.25
1.67408e-17 0.301576 0.698424
0.75 8.32667e-17 0.25
0.348619 3.87045e-17 0.651381
0.422168 0.577832 0
0.270581 0.270108 0.459311
0.0402041 0.55921 0.400586
0.0935616 0.356975 0.549463
0.446541 0.0393922 0.514067
0.139688 0.278733 0.58158
0.180318 0.430219 0.389463
0.227837 0.350875 0.421288
1 0 0
0.519195 5.76422e-17 0.480805
7.07671e-18 0.127483 0.872517
0.460505 0.539495 0
0.0769176 0.671217 0.251865
0.140537 0.609463 0.25
0.922798 0.077202 0
0.6497 0.1003 0.25
0.961404 0.0385962 0
0.181731 0.545339 0.272931
0.49759 0.170632 0.331778
0.183593 0.313669 0.502738
0.141573 0.392132 0.466295
4.16334e-17 0.75 0.25
0.358142 0.356666 0.285192
0.61428 0.38572 0
0.0282453 0.164798 0.806956
0.0450412 0.325863 0.629096
0.0689676 0.203609 0.727424
0.188114 0.196529 0.615357
0.72985 0.27015 0
0.537285 0.462715 0
0.575795 0.424205 0
0.192162 0.807838 0
0.22897 0.232695 0.538334
0.0620978 0.432019 0.505883
0.418107 4.64192e-17 0.581893
0.0121398 0.0650581 0.922802
0.390721 0.273434 0.335846
0.307219 0.692781 0
0.236035 0.111347 0.652618
0.153747 0.846253 0
0.0878368 0.589717 0.322446
0.275086 0.149616 0.575298
0.115321 0.884679 0
2.95197e-17 0.53178 0.46822
2.57303e-17 0.463515 0.536485
0.691291 0.308709 0
0.272208 0.389444 0.338348
0.312516 0.31149 0.375995
0.768432 0.231568 0
3.49577e-17 0.629742 0.370258
0.845586 0.154414 0
0.652804 0.347196 0
