1.42987e-17 0.257582 0.742418
0.123332 0.876668 0
0.331811 0.339416 0.328773
0.0356928 0.383683 0.580624
0.0660727 0.105519 0.828408
2.95282e-17 0.531932 0.468068
0.557351 0.192649 0.25
0.271688 0.19468 0.533631
0.543233 0.0456572 0.41111
0.288803 0.711197 0
0.182646 0.417281 0.400073
1 0 0
7.60253e-18 0.136954 0.863046
0.17785 0.239978 0.582172
0.356035 0.0371588 0.606807
0.958436 0.0415641 0
0.332134 3.68743e-17 0.667866
0.75 8.32667e-17 0.25
0.330512 0.669488 0
0 0 1
0.119558 0.333568 0.546874
0.373464 0.376536 0.25
5.55113e-17 1 0
0.833681 0.166319 0
0.147322 0.0692305 0.783447
0.470198 0.0309218 0.49888
0.624264 0.375736 0
0.414104 0.585896 0
0.0996939 0.279979 0.620327
0.235206 0 0.764794
0.00248282 0.0655641 0.931953
0.446087 0.103432 0.450481
0.66946 0.0122661 0.318274
0.875279 0.124721 0
0.48418 0.26582 0.25
0.581927 0.0816722 0.3364
0.269695 0.0280739 0.702231
0.164523 0.835477 0
0.492191 0.130058 0.377751
0.916876 0.0831245 0
0.582185 0.417815 0
0.526683 0.164549 0.308768
0.0239652 0.579591 0.396444
0.247164 0.752836 0
0.26629 0.48371 0.25
0.619004 0.120638 0.260358
0.188303 0.105339 0.706359
0.196466 0.517479 0.286055
0.251917 0.378269 0.369814
0.0722646 0.224885 0.70285
0.368716 0.26474 0.366544
0.195236 0.295296 0.509468
0.415742 0.306159 0.278099
0.028729 0.689338 0.281933
0.449151 0.219774 0.331074
0.215087 0.452927 0.331986
0.392938 0.0781241 0.528937
0.407919 0.182773 0.409308
0.326315 0.22715 0.446535
0.223877 0.161336 0.614787
0.259483 0.0905232 0.649994
0.456045 0.543955 0
0.0410876 0.958912 0
0.0270622 0.303354 0.669584
0.498034 0.501966 0
0.358209 0.151935 0.489856
0.163816 0.368025 0.468159
0.073874 8.20166e-18 0.926126
0.205786 0.794214 0
0.708187 0.291813 0
0.310594 0.11772 0.571686
2.5599e-17 0.461151 0.538849
0.0773185 0.505582 0.4171
0.146385 0.190828 0.662787
0.168355 0.581645 0.25
0.251234 0.266597 0.482169
2.00464e-17 0.36112 0.63888
0.750049 0.249951 0
3.58981e-17 0.646597 0.353403
0.0986138 0.0347568 0.866629
0.113297 0.447252 0.439451
0.301681 0.418024 0.280295
0.124741 0.528355 0.346904
0.0822108 0.917789 0
4.16334e-17 0.75 0.25
0.666277 0.333723 0
0.618177 6.86315e-17 0.381823
0.104807 0.148344 0.746849
0.428608 4.75851e-17 0.571392
0.0181722 0.189847 0.79198
0.100079 0.649921 0.25
0.372321 0.627679 0
0.071802 0.4195 0.508698
0.279697 0.308601 0.411702
0.079025 0.603981 0.316994
0.169385 1.88055e-17 0.830615
0.540068 0.459932 0
0.684229 0.0657714 0.25
0.527884 5.86069e-17 0.472116
0.791867 0.208133 0
