0.886911 0.113089 0
0.307364 0.167267 0.525369
0.147867 0.248492 0.603641
4.16334e-17 0.75 0.25
0.38985 0.61015 0
0.199853 0.550147 0.25
4.82983e-18 0.0870065 0.912993
0.273108 3.0321e-17 0.726892
0.0611452 0.605007 0.333847
0.0810714 0.532312 0.386616
1 0 0
0.266664 0.122499 0.610838
0.230096 0.453366 0.316538
0.621026 0.378974 0
0.507363 0.139086 0.353551
1.09987e-17 0.198135 0.801865
0.142603 0.127892 0.729505
0.0697527 0.288951 0.641297
0.195311 0.804689 0
0.188217 0.289915 0.521868
0.197656 0 0.802344
0.544278 0.455722 0
0.102319 0.210068 0.687613
0.697313 0.302687 0
0.190743 0.413201 0.396056
0.150683 0.371366 0.477951
0 0.324364 0.675636
0.173678 0.0563922 0.76993
0.0725298 0.411783 0.515687
0.157357 0.498093 0.34455
0.122343 1.35828e-17 0.877657
0.467343 0.532657 0
0.773327 0.226673 0
0.185301 0.166491 0.648208
0.75 8.32667e-17 0.25
0.111025 0.455126 0.433849
0.234347 0.765653 0
5.48398e-17 2.1488e-17 1
0.651559 0 0.348441
0.428604 0.571396 0
0.476081 0 0.523919
0.342668 0.0849619 0.57237
0.311695 0.0314305 0.656875
0 0.639633 0.360367
0.546941 0.0638577 0.389202
0.0698199 0.162086 0.768094
0.117226 0.882774 0
0.640568 0.109432 0.25
0.0170297 0.378354 0.604617
0.226899 0.0828673 0.690234
0.580883 6.44909e-17 0.419117
0.385987 0.12852 0.485493
0.0978854 0.0774625 0.824652
5.55112e-17 1 0
0.268161 0.481839 0.25
0.450267 0.299733 0.25
0.0514071 0.0161167 0.932476
0.156283 0.843717 0
0.382473 0.367527 0.25
0.0242437 0.49739 0.478367
0.659266 0.340734 0
0.507544 0.0256162 0.466839
0.26922 0.24897 0.481809
0.416435 0.0433471 0.540218
0.273305 0.726695 0
0.536324 0.213676 0.25
0.35042 0.210617 0.438964
0.598908 0.0799674 0.321125
0.272716 0.372099 0.355185
0.353691 0.328771 0.317538
0.0236514 0.124029 0.85232
0.735397 0.264603 0
0.227977 0.206606 0.565417
0.471388 0.226228 0.302384
0 0.449455 0.550545
0.0245921 0.689223 0.286185
0.582718 0.417282 0
0.565322 0.156388 0.27829
0.811304 0.188696 0
0.230938 0.330823 0.438239
0.105364 0.33258 0.562056
0.312257 0.687743 0
0.84909 0.15091 0
0.428825 0.177425 0.39375
0.311566 0.290086 0.398348
0.688135 0.0363704 0.275495
0.96231 0.0376901 0
0.0988657 0.651134 0.25
0.461218 0.0989999 0.439783
0.505846 0.494154 0
0.039063 0.960937 0
3.13963e-17 0.565585 0.434415
0.394779 0.256056 0.349165
0.351025 0.648975 0
0.382033 0 0.617967
0.134039 0.578831 0.28713
0.924582 0.0754176 0
0.0155558 0.253179 0.731265
0.314805 0.413882 0.271313
0.0781414 0.921859 0
