0.239068 0.43628 0.324652
0.357101 0.317274 0.325625
0.157179 0.842821 0
0.437291 0.288977 0.273732
1 0 0
0.504966 0.245034 0.25
0.3154 0.6846 0
0.0791116 0.399435 0.521454
0.796861 0.203139 0
0.307414 0.0934899 0.599096
1.4535e-17 0.261839 0.738161
0.225045 0.0184057 0.75655
0.391592 0.358408 0.25
0.199619 0.396073 0.404308
0.0392197 0.96078 0
0.399891 0.235808 0.364301
0.322535 0.27168 0.405785
4.16334e-17 0.75 0.25
0.576725 6.40293e-17 0.423275
0 0 1
0.0631204 0.231929 0.704951
0.117792 0.882208 0
0.51816 0.144008 0.337832
0.11587 0.439046 0.445084
0.293253 9.76728e-17 0.706747
0.662276 0.0877242 0.25
5.55112e-17 1 0
0.122205 0.318163 0.559632
0.600446 0.104276 0.295279
0.508794 0.0245444 0.466661
0.139581 0.189795 0.670624
0.0989256 0.151112 0.749963
2.43876e-17 0.439327 0.560673
3.70579e-17 0.667576 0.332424
0.959346 0.0406544 0
0.473072 0.207572 0.319356
0.0281521 0.599361 0.372487
0.0162248 0.192658 0.791117
0.595043 0.404957 0
0.0588689 0.691131 0.25
0.572615 0.177385 0.25
0.419798 0.0864974 0.493705
0.220618 0.146239 0.633143
0.0771654 0.51607 0.406765
0.756399 0.243601 0
0.288629 0.226614 0.484758
0.256845 0.183636 0.559519
0.0871815 0.279675 0.633143
0.434865 0.565135 0
0.491272 0.101884 0.406843
0.182757 0.105671 0.711572
0.172051 0.232192 0.595757
0.0243284 0.484848 0.490823
0.646333 7.17573e-17 0.353667
0.474719 0.525281 0
0.323106 0.404092 0.272802
0.0629443 6.98822e-18 0.937056
0.078484 0.921516 0
0.686193 0.0239057 0.289901
0.878059 0.121941 0
0.196656 0.803344 0
0.554675 0.445325 0
0.365459 0.184833 0.449708
0.0317043 0.367072 0.601224
0.243984 0.31325 0.442766
0.281457 0.35723 0.361313
0.102001 0.0248626 0.873137
0.56183 0.0648182 0.373352
0.141023 0.0713217 0.787656
0.918717 0.0812833 0
0.204868 0.520867 0.274265
0.434019 0.149587 0.416394
0.75 8.32667e-17 0.25
0.207387 0.271699 0.520914
0.0662563 0.103272 0.830472
0.514701 0.485299 0
0.161996 0.35573 0.482274
0.0872353 0.62842 0.284345
1.84388e-17 0.332164 0.667836
0.173661 5.78407e-17 0.826339
0.355152 0.644848 0
0.837411 0.162589 0
0.160543 0.477057 0.3624
0.160439 0.589561 0.25
0.675622 0.324378 0
0.275777 0.724223 0
0.36252 4.02478e-17 0.63748
0.0034345 0.0746916 0.921874
0.635321 0.364679 0
0.236225 0.763775 0
0.339936 0.134752 0.525312
0.391256 0.0383745 0.57037
0.394974 0.605026 0
0.715999 0.284001 0
0.117436 0.55348 0.329084
0.463964 5.15103e-17 0.536036
0.275438 0.474562 0.25
3.08476e-17 0.5557 0.4443
7.87075e-18 0.141787 0.858213
0.263284 0.0659145 0.670802
