0.402646 8.94054e-17 0.597354
0.3717 0.6283 0
0.0971174 0.337884 0.564999
0.256793 0.0808544 0.662353
0.203978 2.26462e-17 0.796022
0.0504112 0.0154106 0.934178
0.0702596 0.0927754 0.836965
0.291575 0.123797 0.584627
0.181524 0.40169 0.416786
0.407407 0.257166 0.335427
0.651939 0.348061 0
0.125363 0.874637 0
0.133637 0.369412 0.496952
0.4441 0.16989 0.38601
0.572943 0.427057 0
0.105442 0.558711 0.335846
0.528874 0.124061 0.347065
0.75 8.32667e-17 0.25
0.191499 0.524775 0.283725
4.16438e-17 0.75 0.25
0.961922 0.0380777 0
0.0418258 0.958174 0
0.442185 0.0592462 0.498569
0.334131 0.415869 0.25
0.367188 0.0861132 0.546698
0.166916 0.833084 0
0.14014 0.25675 0.60311
0.60445 0.0781169 0.317433
0.541352 6.01021e-17 0.458648
0.691418 0.308582 0
0.362486 0.216827 0.420687
0.023642 0.37597 0.600388
0.452702 0.547298 0
0.0627701 0.63132 0.30591
0.280737 0.252073 0.46719
0.923751 0.0762491 0
0.730862 0.269138 0
0.0695498 0.515904 0.414546
3.02014e-17 0.543924 0.456076
0.227472 0.0339171 0.73861
0.290243 0.709757 0
2.42588e-17 0.436897 0.563103
0.572835 0.166022 0.261143
0.885371 0.114629 0
0.0268835 0.471133 0.501983
0.186069 0.288005 0.525926
0.808442 0.191558 0
0.322863 0.171794 0.505343
0.412504 0.587496 0
0.224634 0.322611 0.452755
0.143091 0.0497151 0.807194
0.262803 0.348986 0.388211
0.612507 0.387493 0
0.155584 0.594416 0.25
0.208016 0.791984 0
0.331 0.669 0
0.472 1.04805e-16 0.528
0.14696 0.480158 0.372882
0.297953 0.387051 0.314996
0.22456 0.439531 0.335909
0.261623 0.488377 0.25
0.238003 0.211045 0.550951
0.532898 0.467102 0
8.13975e-18 0.146596 0.853404
0.375759 0.34443 0.279811
0.0996397 0.43837 0.46199
0.249139 0.750861 0
0.643713 0.106287 0.25
5.55251e-17 1 0
0.116259 1.29074e-17 0.883741
0.0804613 0.218717 0.700822
1.81141e-17 0.326233 0.673767
1.40993e-17 0.253928 0.746072
0.300772 1.00177e-16 0.699228
1 0 0
0.689293 0.0321786 0.278529
0.151716 0.186928 0.661356
0.514376 0.235624 0.25
3.75163e-17 0.675664 0.324336
0.647281 7.18626e-17 0.352719
4.51205e-18 0.0812614 0.918739
0.107284 0.138569 0.754147
0.492822 0.507178 0
0.0106232 0.602367 0.387009
0.180195 0.107199 0.712605
0.0778333 0.672167 0.25
0.490127 0.0860569 0.423816
0.846969 0.153031 0
0.0633704 0.290199 0.64643
0.332297 0.29867 0.369032
0.335959 0.0342588 0.629782
0.215378 0.159753 0.624869
0.482447 0.20558 0.311973
0.0281176 0.18405 0.787833
0.0836423 0.916358 0
0.402631 0.134591 0.462778
0.769795 0.230205 0
0.575079 0.0315269 0.393394
0 0 1
0.44317 0.30683 0.25
