1 0 0
0.368509 0.35159 0.279901
0 0 1
0.103524 0.571621 0.324856
0.804532 0.195468 0
0.148962 0.499497 0.351541
0.558804 0.191196 0.25
0.0755531 0.924447 0
3.2597e-17 0.587216 0.412784
0.68773 0.31227 0
0.105122 0.0919041 0.802974
1.83812e-17 0.331127 0.668873
0.236527 0.119608 0.643865
0.0377607 0.962239 0
0.265305 0.734695 0
0.317976 0.0791745 0.602849
0.441338 0.195825 0.362836
0.521239 0.150093 0.328668
0.610333 0.389667 0
0.0299207 0.375867 0.594213
0.018744 0.135038 0.846218
0.361037 4.00832e-17 0.638963
0.30344 0.69656 0
0.72651 0.27349 0
2.43311e-17 0.43831 0.56169
0.401424 0.0283302 0.570246
0.646107 7.17323e-17 0.353893
0.291964 0.0270648 0.680971
0.470639 1.04503e-16 0.529361
0.0703067 0.173321 0.756372
0.0186832 0.260951 0.720366
0.659083 0.0909168 0.25
0.0795101 0.42351 0.49698
0.571702 0.428298 0
0.0478152 0.518635 0.433549
0.432856 0.0796334 0.487511
0.765569 0.234431 0
0.1611 0.380212 0.458688
0.113386 0.886614 0
2.77055e-17 0.499099 0.500901
0.882501 0.117499 0
0.204898 0.40431 0.390792
0.151307 5.03953e-17 0.848693
0.341598 0.658402 0
0.56671 6.29174e-17 0.43329
0.332046 0.417954 0.25
0.355448 0.118145 0.526407
0.141645 0.608355 0.25
0.151362 0.848638 0
0.509201 0.0370064 0.453793
0.152877 0.266826 0.580297
0.0796179 0.0428818 0.8775
3.80734e-17 0.685869 0.314131
0.572301 0.0606965 0.367002
1.15096e-17 0.207339 0.792661
0.145362 0.135047 0.719591
0.75 8.32667e-17 0.25
0.68507 0.0259203 0.28901
0.107574 0.219387 0.673039
0.251796 8.38648e-17 0.748204
0.227288 0.772712 0
0.494623 0.505377 0
0.649017 0.350983 0
0.075309 0.669598 0.255093
0.533111 0.466889 0
0.281203 0.379875 0.338922
0.058119 9.03351e-17 0.941881
4.16334e-17 0.75 0.25
0.96075 0.0392502 0
0.312732 0.315757 0.371511
0.191996 0.540316 0.267688
0.182529 0.0368084 0.780663
0.268334 0.287198 0.444468
0.417875 0.582125 0
0.843465 0.156535 0
0.48151 0.112827 0.405663
0.456234 0.543766 0
0.921499 0.078501 0
0.187537 0.190647 0.621816
5.55112e-17 1 0
0.261486 0.488514 0.25
0.197151 0.313677 0.489173
0.312711 0.201188 0.486101
0 0.0838329 0.916167
0.23188 0.453749 0.314371
0.189287 0.810713 0
0.0338892 0.616227 0.349884
0.399221 0.272854 0.327925
0.27257 0.160079 0.567351
0.232427 0.235994 0.531579
0.118671 0.464319 0.41701
0.379711 0.620289 0
0.397057 0.158294 0.444649
0.487821 0.237977 0.274201
0.599305 0.113813 0.286881
0.211735 0.0825476 0.705718
0.0747341 0.295879 0.629387
0.354891 0.237534 0.407575
0.112344 0.344483 0.543173
0.441428 0.308572 0.25
