3.27765e-17 0.590449 0.409551
0.479451 0.520549 0
0.50474 5.60375e-17 0.49526
0.076386 0.231369 0.692245
0.0681744 0.556339 0.375487
0.670778 0.076204 0.253018
0.23956 0.76044 0
0.304097 0.328965 0.366938
0.159731 0.840269 0
0.687015 7.6274e-17 0.312985
0.119826 0.880174 0
0.390117 0.297419 0.312465
2.74864e-17 0.495151 0.504849
1.28872e-18 1.53021e-18 1
0.123621 0.269676 0.606703
0.491977 0.258023 0.25
0.109795 0.470024 0.420181
0.536673 0.188698 0.274629
0.599805 0.400195 0
0.15542 0.190514 0.654066
0.497281 0.143294 0.359425
0.0895413 0.345053 0.565406
0.0450875 0.687706 0.267207
0.605519 0.144481 0.25
0.0922727 0.0331958 0.874532
0.193642 0.556358 0.25
0.720325 0.279675 0
0.294968 0.191224 0.513807
0.578679 0.101639 0.319682
0.0346606 0.30964 0.655699
0.199665 0.800335 0
0.132885 0.0776395 0.789476
0.259298 2.87878e-17 0.740702
0.461776 0.0939836 0.44424
0.411797 4.57186e-17 0.588203
0.315345 0.0723933 0.612262
0.346722 3.84938e-17 0.653278
0.0185579 0.201282 0.78016
0.53553 0.0648247 0.399646
0.27946 0.72054 0
0.228704 0.129926 0.641371
0.0350375 0.515759 0.449204
0.0606879 6.73771e-18 0.939312
0.188114 0.437095 0.374791
0.840512 0.159488 0
0.303578 0.446422 0.25
0.680177 0.319823 0
4.16334e-17 0.75 0.25
4.41825e-18 0.0795921 0.920408
0.25835 0.159898 0.581752
0.575664 6.39116e-17 0.424336
0.399364 0.600636 0
1 0 0
0.119077 0.630923 0.25
0.162069 1.79933e-17 0.837931
1.50509e-17 0.271132 0.728868
0.348368 0.376616 0.275016
0.0798969 0.920103 0
0.920294 0.0797061 0
0.639988 0.360012 0
2.08132e-17 0.374937 0.625063
0.559659 0.440341 0
0.0916247 0.598583 0.309792
0.760478 0.239522 0
0.172863 0.312148 0.514989
0.149365 0.516742 0.333893
0.102477 0.155985 0.741538
0.381286 0.13951 0.479203
0.255057 0.276889 0.468054
0.359812 0.25959 0.380597
0.433305 0.0452849 0.52141
0.880408 0.119592 0
0.0624046 0.112599 0.824996
0.0082893 0.430839 0.560872
0.519516 0.480484 0
0.359387 0.640613 0
0.0726488 0.415371 0.51198
0.418704 0.331296 0.25
0.622386 0.0242067 0.353408
0.800542 0.199458 0
0.319388 0.680612 0
8.36659e-18 0.150719 0.849281
0.203915 0.0317025 0.764382
0.439412 0.560588 0
0.960137 0.0398629 0
0.183096 0.10542 0.711485
0.75 8.32667e-17 0.25
0.145474 0.38847 0.466057
0.449414 0.221491 0.329095
5.55112e-17 1 0
0.0399736 0.960026 0
0.330308 0.226709 0.442983
0.223348 0.355546 0.421106
0.264621 0.403898 0.33148
0.273949 0.0452141 0.680837
0.206953 0.234748 0.558299
0.350215 0.101245 0.54854
0.232828 0.486278 0.280894
0.415792 0.178773 0.405435
3.65688e-17 0.658764 0.341236
