0.616366 0.383634 0
0.517361 0.140767 0.341872
0.572656 0.177344 0.25
0.272976 0.385418 0.341606
0.026105 0.689421 0.284474
0.473202 0.096734 0.430064
0.309117 0.690883 0
0.34936 0.0850538 0.565587
0.539638 0.460362 0
0.124609 0.326519 0.548872
0.501252 0.498748 0
0.311288 0.438712 0.25
0 0 1
0.193187 0.160298 0.646516
0.315603 0.030764 0.653633
0.0350384 0.0290475 0.935914
5.53736e-18 0.0997521 0.900248
5.55112e-17 1 0
0.0386935 0.961307 0
0.961572 0.0384281 0
0.270551 0.729449 0
0.198287 0.289538 0.512175
0.577114 6.40726e-17 0.422886
0.273554 0.120768 0.605678
0.157573 0.243474 0.598952
0.115607 0.198942 0.685452
0.0829704 0.151841 0.765188
0.644717 7.1578e-17 0.355283
0.152709 0.111582 0.735709
0.386062 0.613938 0
0.154722 0.845278 0
0.163584 0.498838 0.337578
0.15698 0.376591 0.466429
3.5565e-17 0.640681 0.359319
0.198268 0.0353112 0.766421
4.16334e-17 0.75 0.25
0.389254 0.135457 0.475288
0.381111 0.368889 0.25
0.0773791 0.922621 0
0.0290612 0.138379 0.83256
0.434004 0.300122 0.265874
2.87295e-17 0.517545 0.482455
0.142058 0.577987 0.279955
0.383513 4.25785e-17 0.616487
0.312028 0.168305 0.519667
0.884727 0.115273 0
0.193361 0.806639 0
0.273742 0.251482 0.474776
0.654669 0.345331 0
1 0 0
0.0803332 0.280109 0.639558
0.274546 3.04807e-17 0.725454
0.243072 0.468523 0.288405
0.0568666 0.357963 0.58517
0.553521 0.0658477 0.380631
0.174179 7.73508e-17 0.825821
0.210362 0.539638 0.25
0.0316918 0.242367 0.725942
0.392356 0.257464 0.350181
1.14596e-17 0.206437 0.793563
0.00522108 0.453318 0.541461
0.231958 0.768042 0
0.0776568 0.418072 0.504271
0.510566 0.015199 0.474235
0.923143 0.0768567 0
0.598781 0.102346 0.298874
0.769593 0.230407 0
0.432326 0.174958 0.392716
0.351742 0.214841 0.433417
0.233376 0.0803348 0.686289
0.346473 0.338941 0.314586
0.75 8.32667e-17 0.25
0.105746 1.05661e-16 0.894254
0.846334 0.153666 0
0.066291 0.605322 0.328387
0.0864295 0.533284 0.380286
0.685472 0.0238218 0.290706
0.234614 0.337663 0.427723
0.0132969 0.567564 0.419139
0.234641 0.204924 0.560435
0.101039 0.648961 0.25
2.14282e-17 0.386016 0.613984
0.455171 1.01068e-16 0.544829
1.73534e-17 0.312612 0.687388
0.195304 0.422266 0.38243
0.109307 0.461941 0.428752
0.462901 0.537099 0
0.731266 0.268734 0
0.502795 0.247205 0.25
0.310867 0.297108 0.392025
0.424458 0.575542 0
0.807952 0.192048 0
0.47273 0.212901 0.314369
0.692967 0.307033 0
0.423574 0.0621944 0.514232
0.0901133 0.0697176 0.840169
0.116047 0.883953 0
0.578034 0.421966 0
0.66163 0.0883698 0.25
0.347618 0.652382 0
