0.314706 0.685294 0
0.700241 0.299759 0
0.229468 0.108578 0.661954
0.19676 0.80324 0
0.275453 0.724547 0
0.22892 0.231854 0.539225
0.75 8.32667e-17 0.25
0.81361 0.18639 0
0.347725 0.335568 0.316707
0.433367 0.0366352 0.529998
0.624105 0.375895 0
0.3929 0.6071 0
0.249942 0.500058 0.25
0.73807 0.26193 0
0.850969 0.149031 0
0.509132 0.490868 0
0.115935 0.634065 0.25
0.585778 0.414222 0
0.308901 0.309605 0.381494
0.489399 0.260601 0.25
0.0712878 0.073043 0.855669
0.6185 0.115049 0.266451
0.0598668 0.550648 0.389485
0.505089 5.60761e-17 0.494911
3.23976e-17 0.583623 0.416377
0.308023 0.0671421 0.624835
0.888314 0.111686 0
0.17826 0.561906 0.259834
0.404136 4.48681e-17 0.595864
0.312922 0.189864 0.497214
0.270134 0.149733 0.580133
0.0415293 0.442883 0.515588
0.431785 0.568215 0
0.0179773 0.156874 0.825149
2.84457e-17 0.512432 0.487568
0.68415 0.06585 0.25
0.265307 0.391336 0.343357
0.662116 0.337884 0
0.236131 0.763869 0
5.81232e-18 0.104705 0.895295
0.544266 0.0300099 0.425724
1 0 0
0.0907996 0.47561 0.43359
0.138687 0.51486 0.346453
0 0.654855 0.345145
0.27086 0.269999 0.459141
0.117992 0.882008 0
0.96285 0.0371497 0
7.78086e-22 0.225676 0.774324
0.925684 0.0743164 0
9.88253e-19 0.414802 0.585198
0.418523 0.288779 0.292698
0.134091 0.396468 0.469442
0.0393211 0.960679 0
0.470499 0.529501 0
0.410865 0.170781 0.418354
0.217917 0.468003 0.314081
0.148316 0.15252 0.699164
0.0937771 0.360735 0.545488
0.153147 0.0208063 0.826047
0.669334 0.00935439 0.321312
0.384774 0.132415 0.482811
0.182843 0.314517 0.50264
0.0710514 0.189809 0.73914
0.221287 2.45678e-17 0.778713
0.157374 0.842626 0
0.0296178 0.0305776 0.939805
0.361382 0.241006 0.397612
0.775931 0.224069 0
0.462132 0.0828038 0.455064
0.3516 0.0946432 0.553757
0.547456 0.452544 0
0.613229 6.80821e-17 0.386771
4.18169e-17 0.75 0.25
0.448192 0.211281 0.340527
0.223071 0.352588 0.42434
0.0185104 0.276326 0.705163
0.526909 0.161253 0.311837
0.103743 1.15178e-17 0.896257
0.389514 0.360486 0.25
0.106871 0.110854 0.782275
0.579311 0.0771801 0.343509
0.315536 0.428119 0.256344
0.17665 0.432583 0.390768
0.0786381 0.921362 0
0 0.345116 0.654884
0.335767 3.72777e-17 0.664233
0.0417505 0.687365 0.270884
1.11022e-16 1.75797e-23 1
0.562664 0.187336 0.25
0.0850794 0.597703 0.317217
0.187862 0.192272 0.619866
0.145509 0.27457 0.57992
5.55112e-17 1 0
0.0657484 0.315967 0.618285
0.104147 0.235204 0.660648
0.353894 0.646106 0
0.184894 0.073868 0.741238
0.268213 0.0221987 0.709588
0.495345 0.120916 0.383739
