0.961157 0.0388428 0
4.16334e-17 0.75 0.25
0.612085 0.387915 0
0.396218 0.0312512 0.572531
0.254181 0.426269 0.31955
0.0651191 0.07725 0.857631
0.19815 0.177487 0.624364
0.344142 0.258824 0.397033
0.151677 0.848323 0
0.354537 3.93615e-17 0.645463
0.353619 0.120929 0.525452
0.0951191 0.654881 0.25
0.301551 0.345397 0.353052
0.189792 0.810208 0
3.36892e-26 0.385502 0.614498
0.166178 0.583822 0.25
0.278707 0.149557 0.571736
1.88746e-26 0.313128 0.686872
0.457556 0.542444 0
0.225968 5.01751e-17 0.774032
0.922321 0.0776791 0
3.52905e-17 0.635737 0.364263
0.496042 0.503958 0
0.191853 0.066326 0.741821
0.538701 0.114636 0.346663
0.154385 0.138826 0.70679
0.0567906 0.359127 0.584082
0.290338 0.459662 0.25
0.11119 0.212558 0.676252
0.607345 0.0774227 0.315233
0.0379281 0.962072 0
0.129093 0.323856 0.54705
0.689509 0.310491 0
0.0209951 0.0394028 0.939602
0.428501 0.225559 0.34594
0.573416 0.426584 0
0.80585 0.19415 0
0.342318 0.389683 0.267999
0.113712 0.886288 0
0.0985375 2.18797e-17 0.901463
1 0 0
0.239272 0.0995936 0.661134
0.170424 0.36105 0.468526
0 0.116951 0.883049
0.0346603 0.491313 0.474026
0.844681 0.155319 0
0.42749 0.0895132 0.482997
0.154384 0.0140377 0.831579
0.160374 0.250126 0.5895
5.55112e-17 1 0
0.262386 0.304949 0.432665
0.313205 0.207206 0.479589
0.0785685 0.284357 0.637074
0.728224 0.271776 0
0.481529 0.268471 0.25
0.31604 0.0727138 0.611246
0.266075 0.733925 0
0.577239 0.172761 0.25
0.534692 0.465308 0
0.0849302 0.407535 0.507535
0.109195 0.0998291 0.790976
0.021384 0.247426 0.73119
0.650762 0.349238 0
0.389071 0.174622 0.436307
0.38076 0.61924 0
0.304284 0.695716 0
0.647206 7.18543e-17 0.352794
0.214669 0.390749 0.394582
3.12046e-17 0.562133 0.437867
0.88349 0.11651 0
1.07207e-17 0.193127 0.806873
0.690201 0.0298685 0.279931
0.463311 1.02876e-16 0.536689
0.382873 0.300444 0.316682
0.0213634 0.68806 0.290577
3.153e-26 0.457852 0.542148
0.126697 0.44237 0.430934
0.227898 0.772102 0
0.578706 0.0236422 0.397652
0.419181 0.580819 0
0.0622089 0.599863 0.337929
0.532968 5.91713e-17 0.467032
0 0 1
0.22053 0.514225 0.265245
0.411445 0.338555 0.25
0.173413 0.475305 0.351282
0.64739 0.10261 0.25
0.0860274 0.520627 0.393345
0.210997 0.284901 0.504102
0.498514 0.0676849 0.433801
0.508419 0.197398 0.294183
0.283669 0.0137239 0.702607
0.0758284 0.924172 0
0.464121 0.146824 0.389055
0.132652 0.553756 0.313593
0.0722637 0.167845 0.759891
0.75 8.32667e-17 0.25
0.243177 0.221643 0.53518
0.76703 0.23297 0
0.342492 0.657508 0
