0.168859 0.142434 0.688707
0.122832 0.877168 0
0.366772 0.633228 0
3.27716e-18 0.0590361 0.940964
0.320227 0.0805722 0.5992
0.268435 0 0.731565
0.75 8.32667e-17 0.25
0.0806878 8.95815e-18 0.919312
0.389281 0.289226 0.321492
0.204412 0.795588 0
0.0593254 0.264746 0.675928
0.271853 0.288564 0.439584
0.407119 0.592881 0
0.129303 0.229344 0.641352
4.16334e-17 0.75 0.25
0 0 1
0.363096 4.03117e-17 0.636904
0.24151 0.111198 0.647293
0.111341 0.0379998 0.85066
0.567656 0.432344 0
0.432897 0.209211 0.357892
0.208561 0.0505726 0.740866
2.65338e-17 0.477991 0.522009
1 0 0
0.725953 0.274047 0
0.163506 0.836494 0
0.922047 0.0779526 0
0.561641 6.23546e-17 0.438359
0.245131 0.754869 0
0.647029 0.352971 0
0.50253 0.0412252 0.456244
0.13867 0.0914362 0.769894
0.0946338 0.496686 0.408681
0.109902 0.640098 0.25
3.03973e-17 0.54759 0.45241
0.190931 0.327703 0.481366
0.109842 0.367835 0.522323
1.63226e-17 0.294043 0.705957
0.0819224 0.918078 0
0.0099841 0.223338 0.766678
0.607253 0.392747 0
0.0410594 0.958941 0
0.353751 0.37845 0.2678
0.610584 0.00464041 0.384776
0.0672274 0.450627 0.482145
0.277411 0.159986 0.562604
0.882922 0.117078 0
0.079765 0.320288 0.599947
0.400813 0.0308092 0.568378
2.03292e-17 0.366218 0.633782
0.468892 5.20575e-17 0.531108
0.0927583 0.18233 0.724911
0.157515 0.281185 0.5613
0.0684197 0.130152 0.801429
0.326331 0.673669 0
0.546086 0.203914 0.25
3.60797e-17 0.649955 0.350045
5.55112e-17 1 0
0.476116 0.254581 0.269303
0.18383 0.454663 0.361508
0.0354105 0.689027 0.275562
9.12379e-18 0.16436 0.83564
0.4244 0.3256 0.25
0.181239 2.01216e-17 0.818761
0.765254 0.234746 0
0.265391 0.411843 0.322766
0.470409 0.124294 0.405297
0.35585 0.12128 0.52287
0.804582 0.195418 0
0.228031 0.497529 0.27444
0.548562 0.0870491 0.364389
0.35128 0.248342 0.400377
0.392605 0.166431 0.440965
0.228151 0.37068 0.401169
0.235332 0.243487 0.521181
0.300291 0.449709 0.25
0.961043 0.0389575 0
0.28574 0.71426 0
0.202092 0.194609 0.6033
0.666871 0.0831289 0.25
0.595095 0.134264 0.270641
0.13628 0.531931 0.331789
0.527737 0.472263 0
0.509862 0.166281 0.323857
0.487532 0.512468 0
0.313828 0.204787 0.481385
0.311107 0.332555 0.356338
0.288612 0.0366716 0.674716
0.625953 0.0517647 0.322282
0.0287667 0.0924597 0.878774
0.184111 0.565889 0.25
0.0836606 0.604615 0.311724
0.42946 0.0835682 0.486972
0.0366457 0.577637 0.385717
0.686552 0.313448 0
0.02539 0.408555 0.566055
0.447331 0.552669 0
0.692924 7.693e-17 0.307076
0.843822 0.156178 0
0.147059 0.411581 0.44136
