0.688456 0.0393962 0.272148
0.492984 0.236155 0.270862
0.104823 0.645177 0.25
0.75 8.32667e-17 0.25
0.0290401 0.0958695 0.87509
0.961383 0.0386174 0
0.396059 4.39714e-17 0.603941
0.563099 0.186901 0.25
0.570288 0.429712 0
0.440346 0.133093 0.42656
0.360674 0.283855 0.355471
0.884082 0.115918 0
0.152088 0.461747 0.386165
2.95434e-17 0.530709 0.469291
0.176805 0.573163 0.250032
0.073512 0.134092 0.792396
0 0.168104 0.831896
0.396151 0.199025 0.404825
0.238084 0.275263 0.486652
0.191094 0.243322 0.565584
0.288296 0.711704 0
0.0192166 0.339098 0.641685
0.206367 0.793633 0
0.0788228 0.605695 0.315482
0.507702 0.0966955 0.395602
0.0413725 0.958627 0
8.45354e-17 2.64869e-17 1
0.806678 0.193322 0
0.462261 5.13212e-17 0.537739
3.58598e-17 0.64599 0.35401
0.204567 0.485627 0.309806
0.0748404 0.494994 0.430166
0.0793439 8.80894e-18 0.920656
0.242843 0.416761 0.340396
0 0.0611528 0.938847
5.55122e-17 1 0
0.281623 0.322953 0.395424
0.845487 0.154513 0
0.124062 0.875938 0
0.158942 0.0859296 0.755129
0 0.40995 0.59005
4.16334e-17 0.75 0.25
0.451024 0.298976 0.25
0.107716 0.171614 0.720669
0.7676 0.2324 0
0.310441 0.372789 0.316769
0.213408 0.00996607 0.776626
0.442737 0.21638 0.340882
0.654181 7.26287e-17 0.345819
1.62681e-17 0.288877 0.711123
0.189577 0.120867 0.689556
0.107255 0.290929 0.601817
0.333995 0.416005 0.25
0.0727452 0.37177 0.555485
0.582743 0.0378577 0.379399
0.272777 0.196939 0.530284
0.150368 0.206329 0.643303
0.15206 1.68821e-17 0.84794
0.25681 0.0733535 0.669836
0.0183987 0.219054 0.762548
0.0713842 0.250723 0.677893
0.228471 0.1595 0.612029
0.329146 0.670854 0
0.110067 0.0605344 0.829399
0.0250589 0.576401 0.39854
0.610157 0.389843 0
0.183841 0.396775 0.419384
0.255345 0.494655 0.25
0.0201523 0.460468 0.51938
1 0 0
0.922759 0.0772414 0
0.316043 0.242362 0.441595
0.409798 0.590202 0
0.165031 0.834969 0
0.53027 0.46973 0
0.390125 0.336199 0.273676
0.207626 0.343968 0.448406
0.40496 0.0928642 0.502176
0.0827181 0.917282 0
0.554942 6.1611e-17 0.445058
0.119129 0.536419 0.344452
0.524614 0.147607 0.327779
0.636994 0.113006 0.25
0.282701 3.13861e-17 0.717299
0.349643 0.163928 0.48643
0.688956 0.311044 0
0.151997 0.325566 0.522437
0.449934 0.550066 0
0.301541 0.114766 0.583692
0.369288 0.630712 0
0.728292 0.271708 0
0.107291 0.416095 0.476614
0.331629 0.0229934 0.645377
0.485846 0.042289 0.471866
0.649504 0.350496 0
0.490231 0.509769 0
0.0306816 0.689408 0.27991
0.369217 0.0675067 0.563276
0.601815 0.0875381 0.310646
0.247299 0.752701 0
