0.165068 0.834932 0
0.271186 9.03231e-17 0.728814
0.597431 0.152569 0.25
0.558166 0.104801 0.337033
0.844778 0.155222 0
0.123847 0.876153 0
0.178967 0.391443 0.42959
1.37177e-17 0.247117 0.752883
0.136377 0.474511 0.389111
0.12381 0.608616 0.267574
0.247262 0.752738 0
0.328621 0.671379 0
1 0 0
0.648754 0.351246 0
0.00765503 0.482048 0.510297
0.117109 0.0701272 0.812764
0.3903 0.207551 0.402149
0.156102 0.11009 0.733808
0.0941037 0.434646 0.47125
0.299444 0.385643 0.314913
0.338627 3.75951e-17 0.661373
0.264071 0.346602 0.389326
0.489621 0.510379 0
0.369103 0.630897 0
0.100406 4.4589e-17 0.899594
0.0127407 0.616621 0.370639
0.219231 0.432562 0.348207
0.239816 0.0686787 0.691505
0.69148 7.67697e-17 0.30852
0.391782 0.358218 0.25
0.425645 0.23907 0.335286
0.409285 0.590715 0
0.284248 0.0942893 0.621463
0.198046 0.150548 0.651406
0.0685577 0.150588 0.780854
0.0884602 0.570749 0.340791
0.138756 0.350014 0.51123
0.51769 0.0720268 0.410284
0.883626 0.116374 0
0.0868831 0.307455 0.605662
0.569387 0.430613 0
0.436678 0.120245 0.443078
0.062786 0.385371 0.551843
0.161706 0.241967 0.596327
0.167412 0.51594 0.316647
0.628312 0.0545808 0.317107
2.32725e-17 0.41924 0.58076
0.318833 0.132222 0.548944
1.93004e-17 0.347686 0.652314
0.202057 0.026776 0.771167
0.497846 0.252154 0.25
0.238495 0.184217 0.577288
0.529598 0.470402 0
0.438502 9.7367e-17 0.561498
0.35353 0.171872 0.474598
0 0 1
0.206161 0.793839 0
4.16334e-17 0.75 0.25
0.805897 0.194103 0
0.28823 0.71177 0
0.476271 0.15752 0.366209
0.609041 0.390959 0
0.0396341 0.105616 0.85475
0.0413939 0.958606 0
0.164392 7.30047e-17 0.835608
0.76683 0.23317 0
0.06339 0.517668 0.418942
3.08363e-17 0.555497 0.444503
0.75 8.32667e-17 0.25
0.197149 0.552851 0.25
4.81314e-18 0.0867059 0.913294
0.397125 0.0849704 0.517904
0.669975 0.0800249 0.25
0.226056 0.309251 0.464693
0.961203 0.0387966 0
0.477 0.0313661 0.491634
0.609645 5.23746e-05 0.390303
9.94645e-18 0.179179 0.820821
0.254976 0.480485 0.264539
0.688326 0.311674 0
0.0930442 0.189756 0.7172
0.5438 6.03739e-17 0.4562
0.449344 0.550656 0
0.92246 0.0775405 0
0.524509 0.188526 0.286965
0.322531 0.427469 0.25
3.79465e-17 0.683583 0.316417
0.187436 0.275721 0.536843
0.0380346 0.024328 0.937637
0.0364736 0.276958 0.686569
0.350764 0.303456 0.34578
0.272616 0.223117 0.504267
0.727679 0.272321 0
5.55112e-17 1 0
0.434041 0.294437 0.271522
0.123819 0.217097 0.659084
0.310646 0.261928 0.427426
0.0827359 0.917264 0
0.367103 0.0381636 0.594734
0.0778342 0.672166 0.25
