4.16334e-17 0.75 0.25
0.66572 0.0842802 0.25
0.241891 0.758109 0
7.41859e-18 0.164753 0.835247
0.546778 6.07045e-17 0.453222
0.374365 0.309449 0.316187
0.297025 0.0935444 0.609431
0.194476 0.0984986 0.707025
0.681275 0.318725 0
1 0 0
0.442311 0.557689 0
0.334996 0.394218 0.270785
0.362314 0.637686 0
0.0300042 0.092135 0.877861
0.84043 0.15957 0
0.137162 0.425875 0.436963
0.57494 0.17506 0.25
0.250489 0.426695 0.322816
0.168016 0.211624 0.62036
0.522109 0.477891 0
0.0922913 0.513032 0.394677
0.134169 0.551338 0.314493
0.213443 0.384396 0.402161
0.249183 2.76649e-17 0.750817
0.374087 0.193827 0.432086
0.065313 0.597804 0.336883
0.578419 0.0400931 0.381488
0 0.0597159 0.940284
0.137123 0.291069 0.571808
0.9202 0.0798002 0
0.215692 0.138862 0.645446
0.504458 0.209855 0.285687
0.535523 0.128822 0.335656
0.422452 0.124075 0.453473
5.55112e-17 1 0
0.0535212 0.301902 0.644577
0.372725 0.0383299 0.588945
0.0955857 0.654414 0.25
0.334091 0.268719 0.39719
0.641531 0.358469 0
0.458462 0.166173 0.375364
0.00908571 0.562357 0.428557
0.0900667 0.235075 0.674858
0.477969 0.0308527 0.491178
0.721044 0.278956 0
0.286628 0.463372 0.25
0.800617 0.199383 0
0.482238 0.517762 0
0.760819 0.239181 0
0.441716 4.90403e-17 0.558284
0.501402 0.0843117 0.414286
0.213509 0.257523 0.528968
0.75 8.32667e-17 0.25
0.343359 3.81205e-17 0.656641
0.331423 0.13936 0.529217
0.29445 0.222007 0.483543
0.040348 0.959652 0
0.218037 0.513496 0.268467
0.561977 0.438023 0
0.161366 0.838634 0
0.402353 0.597647 0
3.83173e-17 3.31609e-18 1
2.78776e-17 0.502199 0.497801
0.0796463 8.84251e-18 0.920354
0.172914 0.340813 0.486272
0.173744 0.470698 0.355558
0.201649 0.798351 0
0.60173 0.39827 0
0.0576263 0.352253 0.590121
0.322198 0.677802 0
0.0944722 0.385375 0.520153
0.0214943 0.687451 0.291054
0.472875 0.277125 0.25
0.686272 0.0204767 0.293251
0.15636 0.0696992 0.773941
0.166593 0.583407 0.25
0.294369 0.348102 0.357529
0.121011 0.159379 0.71961
0.403447 0.346553 0.25
0.25348 0.303147 0.443373
0.252244 0.179424 0.568332
1.49997e-17 0.270211 0.729789
0.880318 0.119682 0
0.642967 7.13836e-17 0.357033
0.273424 0.0422979 0.684278
1.9481e-17 0.350938 0.649062
0.9601 0.0398996 0
0.113401 0.0334714 0.853127
0.282084 0.717916 0
0.0807376 0.919262 0
0.398855 0.0856176 0.515527
0.0800331 0.119167 0.8008
0.121074 0.878926 0
0.062345 0.464717 0.472938
0.18193 2.01983e-17 0.81807
0.60685 0.0980915 0.295058
0.033559 0.202617 0.763824
3.52448e-17 0.634914 0.365086
2.39659e-17 0.431731 0.568269
0.420028 0.238048 0.341925
