3.83436e-17 0.690737 0.309263
0.568813 0 0.431187
0.707693 0.292307 0
0.146763 0.0240312 0.829206
0.833136 0.166864 0
0.101896 2.26255e-17 0.898104
0.0160733 0.516047 0.46788
0 0 1
0.09966 0.47322 0.42712
0.13895 0.389991 0.471059
0.456635 0.543365 0
0.175449 0.311444 0.513107
0.958305 0.0416949 0
0.381399 0.0195346 0.599067
0.215886 0.470797 0.313317
0.290089 0.709911 0
0.672234 7.4633e-17 0.327766
0.618719 0.131281 0.25
0.414959 0.585041 0
0.124078 0.875922 0
0.111165 0.600313 0.288522
0.791366 0.208634 0
0.249677 0.500323 0.25
1.3517e-17 0.2435 0.7565
0.176951 0.074617 0.748432
0.256333 0.151103 0.592564
0.0716282 0.550585 0.377786
0.0285188 0.628541 0.34294
0.138481 0.153702 0.707816
5.79396e-18 0.104375 0.895625
0.00251046 0.392512 0.604977
0.179847 0.570153 0.25
0.91662 0.0833804 0
0.0618087 0.197245 0.740946
4.16334e-17 0.75 0.25
0.75 8.32667e-17 0.25
0.415371 0.0712491 0.51338
0.0826684 0.917332 0
0.331683 0.668317 0
5.55112e-17 1 0
0.215489 4.78482e-17 0.784511
2.56827e-17 0.462658 0.537342
0.136498 0.270861 0.592641
0.0286359 0.0311116 0.940252
0.665813 0.334187 0
0.623939 0.376061 0
0.262413 0.0213915 0.716195
0.248517 0.751483 0
0.258652 0.391275 0.350073
0.37332 0.62668 0
0.0663529 0.0765556 0.857091
0.371692 0.378308 0.25
0.5337 0.0717207 0.39458
0.58269 0.101474 0.315836
0.418762 0.18592 0.395318
0.219008 0.108776 0.672216
0.0641363 0.427406 0.508458
0.00529389 0.168833 0.825873
0.458446 0.106182 0.435373
0.256683 0.269827 0.47349
0.337967 0.228891 0.433142
0.175281 0.192185 0.632535
0.493182 0.256818 0.25
0.749538 0.250462 0
0.547906 0.187983 0.264111
0.540211 0.459789 0
1 0 0
0.0588683 0.304671 0.636461
0.683642 0.0599297 0.256429
0.177536 0.431881 0.390584
0.331759 3.68327e-17 0.668241
0.874861 0.125139 0
0.30284 0.431828 0.265333
1.77358e-17 0.319499 0.680501
0.217927 0.350683 0.43139
0.613823 0.0281813 0.357996
0.144177 0.516708 0.339114
0.38005 0.267694 0.352256
0.296208 0.0720319 0.63176
0.336467 0.345085 0.318447
3.247e-17 0.584927 0.415073
0.500232 0.019261 0.480507
0.338076 0.106789 0.555135
0.297416 0.189035 0.513549
0.0805523 0.669448 0.25
0.42381 0.309682 0.266508
0.0919648 0.351527 0.556509
0.458276 0.223485 0.318239
0.0891328 0.236708 0.674159
0.297283 0.308349 0.394368
0.498367 0.501633 0
0.450298 4.99931e-17 0.549702
0.501454 0.147996 0.35055
0.206993 0.793007 0
0.0967657 0.116483 0.786751
0.376873 0.149006 0.474121
0.165508 0.834492 0
0.582084 0.417916 0
0.0413241 0.958676 0
0.216555 0.230832 0.552613
