0.227761 0.121997 0.650242
0.303609 0.696391 0
0.457415 0.542585 0
0.0933379 0.260108 0.646555
0.306155 0.0805862 0.613259
0.260312 0.433397 0.306291
0.922741 0.0772592 0
0.320722 0.429278 0.25
0.300007 0.204256 0.495737
3.24336e-17 0.584272 0.415728
0.522857 0.0952535 0.38189
0.113275 0.886725 0
0.418792 0.581208 0
0.151077 0.848923 0
0.49603 0.50397 0
0.447196 0.243216 0.309587
5.55112e-17 1 0
4.16334e-17 0.75 0.25
2.73448e-18 5.27767e-17 1
1 1.11022e-16 0
0.170648 0.544449 0.284903
0.334247 0.370685 0.295068
0.180331 0.210905 0.608765
0.264668 0.164015 0.571317
0.341907 0.658093 0
0.0617733 0.0040531 0.934174
0.0929954 0.37634 0.530664
0.689 0.0287363 0.282263
0.767783 0.232217 0
0.19116 0.0827506 0.72609
0.256752 0.293006 0.450242
0.574492 0.140855 0.284652
0.46354 0.0514583 0.485002
3.75041e-17 0.675615 0.324385
0.0683761 0.448996 0.482628
0.845319 0.154681 0
0.0258653 0.173343 0.800792
0.132536 0.617464 0.25
0.446892 9.92299e-17 0.553108
0.806564 0.193436 0
0.380287 0.619713 0
0.237333 0.512667 0.25
0.884032 0.115968 0
0.177168 0.336497 0.486335
1.35883e-17 0.244785 0.755215
0.275448 0.0285495 0.696002
0.573522 0.426478 0
0.0367755 0.525001 0.438223
0.728931 0.271069 0
0.0774748 0.0826618 0.839863
0.961374 0.0386263 0
0.0635949 0.681044 0.255362
0.647348 0.102652 0.25
0.532579 5.91282e-17 0.467421
0.0350463 0.612401 0.352552
0.411106 0.203752 0.385142
0.408051 0.341949 0.25
1.75053e-17 0.315347 0.684653
0.476399 0.273601 0.25
0.373061 0.290392 0.336548
0.387111 0.0358868 0.577002
0.189001 0.810999 0
0.378771 0.15553 0.465699
0.64381 7.14773e-17 0.35619
0.612398 0.387602 0
0.492108 0.1687 0.339192
0.346535 3.84732e-17 0.653465
0.16207 0.032746 0.805184
0.690133 0.309867 0
7.40959e-18 0.133479 0.866521
0.534743 0.465257 0
0.0673995 0.213419 0.719181
2.69952e-17 0.486303 0.513697
0.75 8.32667e-17 0.25
0.127561 4.24862e-17 0.872439
0.221082 0.380556 0.398362
0.217903 0.251544 0.530553
0.26533 0.73467 0
0.0409043 0.344776 0.614319
0.446301 0.123477 0.430222
0.54467 0.20533 0.25
0.110491 0.125391 0.764118
0.133405 0.297081 0.569513
0.294491 0.336499 0.369011
0.0981532 0.573836 0.328011
0.144657 0.416925 0.438418
0.335232 0.247581 0.417187
0.57028 0.0215429 0.408177
0.227155 0.772845 0
0.189246 0.464291 0.346463
0.352666 0.112304 0.53503
0.65127 0.34873 0
0.234079 7.7964e-17 0.765921
0.115163 0.497675 0.387163
0.00887064 0.0698278 0.921302
2.30691e-17 0.415576 0.584424
0.145892 0.169308 0.6848
0.0755039 0.924496 0
0.603073 0.0692245 0.327703
0.0377186 0.962281 0
