0.962537 0.0374626 0
0.23409 0.0871555 0.678755
0.480109 0.110703 0.409188
0.469482 0.530518 0
0.32066 0.195832 0.483508
0.399817 0.276262 0.323921
0.65862 7.31215e-17 0.34138
0.314147 0.685853 0
0.398903 0.154932 0.446165
0.075187 0.43329 0.491523
0.0241341 0.518383 0.457483
0.0234549 0.0405024 0.936043
0.161125 0.137596 0.701279
0.177055 1.9657e-17 0.822945
0.158356 0.51465 0.326994
0.661043 0.338957 0
0.353105 0.646895 0
1 0 0
0.589182 6.54123e-17 0.410818
0 0.350911 0.649089
3.26187e-17 0.587606 0.412394
0.275087 0.724913 0
2.0096e-17 3.54151e-17 1
0.599419 0.0910882 0.309493
5.55112e-17 1 0
0.195417 0.554583 0.25
0.437211 0.312789 0.25
0.100549 0.0479349 0.851516
0.112002 0.354769 0.533229
0.194883 0.184337 0.62078
0.27783 0.276378 0.445792
0.358884 0.108226 0.532889
0.774463 0.225537 0
0.196863 0.803137 0
0.391984 0.608016 0
0.122978 0.598318 0.278704
0.235528 0.23461 0.529862
0.485691 0.241107 0.273202
0.157599 0.842401 0
0.58479 0.41521 0
0.134597 0.0904284 0.774975
0.19868 0.437953 0.363367
0.698953 0.301047 0
1.33535e-17 0.240556 0.759444
0.278243 0.397193 0.324564
0.366007 0.363564 0.270429
0.315551 0.434449 0.25
0.0816129 0.185971 0.732416
0 0.470739 0.529261
0.237461 0.356185 0.406354
0.266506 0.123342 0.610151
0 0.75 0.25
0.0283348 0.278043 0.693623
0.546579 0.453421 0
3.83331e-17 0.690547 0.309453
0.359601 0.236727 0.403673
0.374601 4.15891e-17 0.625399
0.281352 3.12363e-17 0.718648
0.687814 0.0451289 0.267057
0.75 8.32667e-17 0.25
0.0795998 0.55179 0.36861
0.211208 0.0347053 0.754087
0.399209 0.0339175 0.566874
0.519448 0.152155 0.328397
0.156399 0.395171 0.44843
0.113614 0.47523 0.411157
0.887448 0.112552 0
0.555296 0.194704 0.25
0.473541 5.25737e-17 0.526459
0.441745 0.195881 0.362375
0.437557 0.0758743 0.486569
0.284366 0.160045 0.555589
0.0763411 0.311927 0.611732
0.194899 0.314898 0.490203
0.508163 0.491837 0
0.0789581 0.921042 0
0.630457 0.119543 0.25
0.236058 0.763942 0
0.0830111 0.666989 0.25
0.925009 0.0749912 0
0.430805 0.569195 0
0.622977 0.377023 0
0.313756 0.0434355 0.642809
0.520453 0.0217526 0.457794
0.0219713 0.399546 0.578482
0.0614144 0.132251 0.806335
9.59043e-18 0.172458 0.827542
0.156374 0.269956 0.57367
0.118317 0.881683 0
0.115061 0.228715 0.656224
0.0873681 0 0.912632
0.0341616 0.627382 0.338457
0.736681 0.263319 0
0.812176 0.187824 0
0.0395002 0.9605 0
0.84978 0.15022 0
0 0.104434 0.895566
0.244551 0.483469 0.27198
0.557783 0.0665236 0.375693
0.320612 0.318869 0.360519
