0.530567 0.155942 0.313491
0.244285 0.018567 0.737148
0.384318 4.26679e-17 0.615682
0.75 8.32667e-17 0.25
0.414334 0.161888 0.423778
0.304169 0.445831 0.25
8.88722e-18 0.160098 0.839902
0.108506 0.511239 0.380254
1.05927e-16 5.09489e-18 1
0.0991017 0.650898 0.25
5.55112e-17 1 0
0.452403 0.201393 0.346205
0.115199 0.391891 0.49291
0.109237 0.890763 0
0.17356 0.57644 0.25
0.158269 0.0743161 0.767415
0.161078 0.309043 0.529878
0.0771726 0.351802 0.571025
0.403158 0.596842 0
0.218964 0.781036 0
0.313651 3.48222e-17 0.686349
0.440337 0.559663 0
0.288548 0.175978 0.535474
0.487335 5.41051e-17 0.512665
0.664177 0.335823 0
0.0745809 0.470769 0.45465
0.490797 0.248919 0.260284
0.202599 0.466385 0.331015
0.850978 0.149022 0
0.248025 0.391298 0.360677
0.5543 6.15397e-17 0.4457
0.121498 0.0279181 0.850584
0.417732 0.0353532 0.546915
0.072784 0.927216 0
0.0182294 0.561762 0.420008
0.776315 0.223685 0
0.429248 0.320752 0.25
0.202912 0.348592 0.448497
0.47752 0.52248 0
0.116034 0.155553 0.728413
0.182333 0.817667 0
0.0260792 0.20256 0.771361
0.244732 0.143704 0.611565
0.0773827 0.234281 0.688336
0.0235905 0.68668 0.28973
0.0817239 9.07318e-18 0.918276
0.738976 0.261024 0
0.160969 0.189217 0.649814
0.514775 0.485225 0
0.328761 0.21197 0.459269
2.82766e-17 0.509386 0.490614
0.284533 0.301781 0.413685
0.0798156 0.115847 0.804338
0.284327 0.0652611 0.650412
0.245014 0.262409 0.492577
0.0244198 0.319627 0.655953
1.51946e-17 0.273721 0.726279
0.192776 2.14024e-17 0.807224
0.365966 0.249633 0.384401
0.962766 0.0372341 0
0.560742 0.189258 0.25
0.116077 0.272658 0.611264
0.0710781 0.596514 0.332408
0.160056 0.428907 0.411037
0.202411 0.22636 0.571228
3.52368e-17 0.63477 0.36523
0.683022 0.0510314 0.265946
0.5521 0.4479 0
1 0 0
0.813631 0.186369 0
0.92553 0.07447 0
0.145648 0.54602 0.308332
0.374799 0.124118 0.501083
0.0337566 0.0871265 0.879117
0.626748 0.373252 0
0.145809 0.854191 0
0.577842 0.0825504 0.339608
0.499793 0.106944 0.393263
0.333002 0.0899495 0.577049
0.366237 0.633763 0
0.255722 0.744278 0
0.036399 0.963601 0
0.667033 7.40556e-17 0.332967
0.589421 0.410579 0
3.25439e-18 0.0586259 0.941374
0.459471 0.074049 0.46648
0.202478 0.106054 0.691468
0.400816 0.285493 0.313691
0.239823 0.502738 0.257438
0.356677 0.381425 0.261897
0.0227885 0.437849 0.539363
0.322053 0.343463 0.334484
4.16334e-17 0.75 0.25
0.63208 0.11792 0.25
0.888258 0.111742 0
0.601906 0.0175352 0.380559
0.292501 0.707499 0
2.16733e-17 0.390431 0.609569
0.329346 0.670654 0
0.70159 0.29841 0
