0.226322 0.773678 0
0.15114 0.220309 0.628551
0.104218 0.188075 0.707707
0.448651 0.301349 0.25
0.100922 0.0696326 0.829445
0.106622 0.30081 0.592569
0.417311 0.264033 0.318656
3.16781e-17 0.570662 0.429338
0.386942 0.220363 0.392695
0.063137 0.607209 0.329654
0.0738244 0.00562734 0.920548
0.49363 0.50637 0
1 0 0
0.0217621 0.107827 0.870411
0.190332 0.0184278 0.79124
0.687424 0.0237159 0.28886
0.0268108 0.69011 0.283079
0.32652 0.42348 0.25
0.725801 0.274199 0
0.112997 0.887003 0
0.340477 0.659523 0
0.23557 0.172579 0.591851
0.843076 0.156924 0
0.378794 0.621206 0
0.330824 0 0.669176
0.142165 0.580625 0.27721
0.455234 0.544766 0
0.167436 0.502882 0.329681
0.150729 0.849271 0
0.960725 0.0392754 0
0.921424 0.078576 0
0.084281 0.415007 0.500712
0.651887 0.0981126 0.25
1.06422e-16 4.60003e-18 1
0.189976 0.141027 0.668997
0.570685 0.429315 0
0.0694117 0.14758 0.783008
0.648035 0.351965 0
0.317948 0.12687 0.555181
0.548702 0.139365 0.311934
0.882261 0.117739 0
3.59348e-18 0.0647343 0.935266
0.395522 0.0880481 0.51643
0.470456 0.0620423 0.467502
0.302349 0.697651 0
0.353503 0.173039 0.473459
0.431661 0.138849 0.42949
0.23099 0.0640751 0.704935
0.75 8.32667e-17 0.25
0.310915 0.259039 0.430047
0.264316 0.735684 0
2.57609e-17 0.464066 0.535934
0.432762 0 0.567238
0.195399 0.254024 0.550576
0.0689363 0.268784 0.66228
0.579203 0.170797 0.25
0.504661 5.60286e-17 0.495339
2.15549e-17 0.388299 0.611701
0.0376431 0.962357 0
0.14929 0.102357 0.748353
0.532145 0.467855 0
0.597974 0.06742 0.334606
0.152754 0.391737 0.45551
0.234216 0.35723 0.408554
0.63683 7.07023e-17 0.36317
0.0752897 0.92471 0
0.803893 0.196107 0
0.243673 0.29126 0.465067
0.25998 2.88636e-17 0.74002
4.16334e-17 0.75 0.25
0.188512 0.811488 0
0.609322 0.390678 0
0.469905 0.182168 0.347927
0.062288 0.368135 0.569577
0.334071 0.31004 0.355889
0.100514 0.649486 0.25
0.118818 0.465417 0.415765
0.276317 0.211076 0.512607
0.254755 0.469579 0.275666
0.086622 0.538477 0.374901
0.377541 0.35323 0.269229
0.162959 0.328668 0.508373
0.686865 0.313135 0
0.0329586 0.501975 0.465066
5.55112e-17 1 0
0.764778 0.235222 0
1.73453e-17 0.312464 0.687536
0.514618 0.095785 0.389597
0.363193 0.0367552 0.600052
1.0033e-17 0.180738 0.819262
0.211968 0.538032 0.25
0.203564 0.430312 0.366124
0.416973 0.583027 0
0.564689 0.0102254 0.425086
0.279032 0.0888403 0.632128
0.287095 0.386584 0.326321
3.57011e-17 0.643133 0.356867
0.0126741 0.238775 0.748551
0.508182 0.230315 0.261503
0.140905 1.56436e-17 0.859095
