7.22893e-17 3.8733e-17 1
0.392033 0.304889 0.303079
0.378982 0.621018 0
0.75 8.32667e-17 0.25
0.337042 0.662958 0
0.241327 0.265517 0.493156
0.545547 0.454453 0
0.103165 0.088758 0.808077
4.16334e-17 0.75 0.25
0.0844164 0.222426 0.693157
0.152764 0.597236 0.25
0.104596 0.563126 0.332278
1 0 0
0.438208 0.112533 0.449259
0.267542 0.482458 0.25
0.282482 0.0647279 0.65279
0.0300049 0.309383 0.660612
0.242543 0.143102 0.614355
0.65579 7.28074e-17 0.34421
0.462453 0.537547 0
0.608673 0.0804983 0.310829
0.317508 0.356206 0.326286
0.061766 0.634433 0.303801
0.169063 0.830937 0
5.55112e-17 1 0
0.0846202 0.91538 0
0.253155 0.746845 0
0.0196854 0.128871 0.851443
0.171265 0.418852 0.409882
0.58698 0.41302 0
0.280679 0.185501 0.53382
0.5041 0.4959 0
0.0879884 0.453349 0.458663
0.250266 2.77851e-17 0.749734
0.417502 0.332498 0.25
2.69477e-17 0.485446 0.514554
0.152401 1.69199e-17 0.847599
0.319252 3.54441e-17 0.680748
0.126853 0.873147 0
0.165191 0.179752 0.655057
0.793429 0.206571 0
0.634869 0.115131 0.25
0.476945 0.16064 0.362415
0.227147 0.453952 0.318901
0.121877 0.380905 0.497217
0.494977 0.255023 0.25
0.0423286 0.957671 0
0.875994 0.124006 0
0.29514 0.70486 0
0.0807886 0.0391015 0.88011
0.367535 0.0194668 0.612998
0.210785 0.0916038 0.697612
0.359233 0.268251 0.372516
0.958641 0.041359 0
3.76245e-17 0.677782 0.322218
0.752171 0.247829 0
0.690519 0.0401815 0.269299
1.50757e-17 0.271579 0.728421
0.586874 0.0278155 0.385311
0.917315 0.0826853 0
0.0651026 0.522388 0.412509
0.144992 0.490023 0.364985
0.560933 0.184909 0.254158
0.359287 0.150341 0.490372
0.161597 0.303256 0.535147
0.436061 4.84125e-17 0.563939
0.319658 0.228183 0.452158
1.10779e-17 0.199561 0.800439
0.541341 0.126983 0.331676
0.0624781 0.171351 0.766171
0.510866 0.0784152 0.410719
0.0763757 0.673624 0.25
0.0575939 6.3942e-18 0.942406
0.448814 0.229193 0.321992
3.06857e-17 0.552785 0.447215
0.250413 0.387012 0.362575
0.340014 0.409986 0.25
4.51741e-18 0.0813784 0.918622
0.193903 0.531821 0.274276
0.420758 0.579242 0
0.710911 0.289089 0
0.200806 0.224099 0.575095
2.11211e-17 0.380484 0.619516
0.322358 0.104248 0.573394
0.400091 0.192133 0.407776
0.547221 6.07538e-17 0.452779
0.0802652 0.34141 0.578325
0.136761 0.131439 0.731801
0.669641 0.330359 0
0.204272 0.344251 0.451477
0.398723 0.072928 0.528349
0.0124766 0.606419 0.381105
0.480115 0.0250054 0.49488
0.628324 0.371676 0
0.211034 0.788966 0
0.119045 0.263783 0.617172
0.182425 0.0392083 0.778367
0.834715 0.165285 0
0.0328545 0.420133 0.547013
0.282179 0.308025 0.409797
