0.207336 0.517239 0.275425
0.453732 0.187045 0.359223
0.456681 0.293319 0.25
0.236549 0.436159 0.327292
0.173926 0.826074 0
0.130643 0.869357 0
0.308344 3.4233e-17 0.691656
1.86126e-17 0.335204 0.664796
0.840492 0.159508 0
0.464711 0.0703965 0.464893
0.0701831 0.0744618 0.855355
0.25996 0.74004 0
0.301406 0.175355 0.523238
3.31909e-17 0.59782 0.40218
0 0 1
0.880531 0.119469 0
0.426873 0.0330332 0.540094
0.393023 4.36344e-17 0.606977
0.153755 0.154589 0.691657
0.0436356 0.956364 0
3.7245e-17 0.670765 0.329235
0.0191749 0.158075 0.822751
0.493018 0.227316 0.279666
0.554988 0.445012 0
0.319298 0.405712 0.27499
0.58328 0.0385553 0.378165
0.201063 0.197626 0.601311
3.76824e-17 0.225549 0.774451
0.214518 0 0.785482
0.387586 0.612414 0
0.400445 0.255725 0.34383
0.678912 0.321088 0
0.060633 0.689367 0.25
0.0674916 0.413036 0.519473
0.302795 0.697205 0
0.719636 0.280364 0
0.0279703 0.0323295 0.9397
0.106033 0.113863 0.780104
0.151873 0.358123 0.490005
0.637672 0.112328 0.25
0.275711 0.360203 0.364086
0.159179 0.473363 0.367458
1 0 0
0.606289 0.0847097 0.309001
0.163752 0.586248 0.25
0.0759061 0.505412 0.418682
0.960107 0.0398932 0
0.2169 0.7831 0
0 0.106364 0.893636
0.349442 0.0879616 0.562597
0.347363 0.209827 0.44281
0.0758857 0.189748 0.734367
0.345262 0.654738 0
0.655192 7.2741e-17 0.344808
0.388022 0.361978 0.25
0.920251 0.0797487 0
0.318454 0.0498794 0.631667
0.229184 0.318935 0.45188
0.127175 0.544602 0.328223
0.252849 0.0358376 0.711314
0.558341 6.19883e-17 0.441659
0.108991 0.439183 0.451826
0.689954 0.0387264 0.271319
0.312246 0.283007 0.404748
0.471717 0.528283 0
4.1642e-17 0.75 0.25
0.596332 0.403668 0
0.800265 0.199735 0
0.275762 0.474238 0.25
0.0186247 0.38281 0.598566
0.0918849 0.625713 0.282402
2.91477e-17 0.524932 0.475068
0.75 8.32667e-17 0.25
0.271676 0.140834 0.58749
0.0871223 0.912878 0
0.356794 0.324207 0.319
0.563804 0.186196 0.25
0.637363 0.362637 0
0.077108 0.297787 0.625106
0.258982 0.244746 0.496273
0.760065 0.239935 0
5.55344e-17 1 0
0.429831 0.570169 0
0.179798 0.0777367 0.742465
0.421593 0.156179 0.422229
0.0272903 0.267527 0.705183
0.504571 0.0972276 0.398202
0.102004 0 0.897996
0.513673 0.486327 0
0.180549 0.274524 0.544927
0.493358 5.47738e-17 0.506642
0.108872 0.32852 0.562608
0.148574 0.024057 0.827369
0.0569311 0.578618 0.364451
0.533533 0.138932 0.327535
0.120913 0.230828 0.648259
7.66043e-17 0.454013 0.545987
0.384411 0.122281 0.493308
0.193351 0.396893 0.409756
0.23019 0.110065 0.659745
