0.175385 0.574615 0.25
1.73116e-17 0.311859 0.688141
0.671524 0.0658574 0.262619
0.121235 0.878765 0
1 0 0
0.420583 4.66941e-17 0.579417
0.41837 0.272911 0.308719
0.75 8.32667e-17 0.25
0.228773 0.501135 0.270092
0.438106 0.0388385 0.523055
0.384968 0.114857 0.500175
0.323179 0.676821 0
0.222655 0.194292 0.583053
0.0925812 0.449838 0.457581
0.179799 0.0288336 0.791367
0.10162 0.189186 0.709194
0.511937 0.117736 0.370327
0.426279 0.157444 0.416277
0.684554 0.000413014 0.315033
0.342825 0.195863 0.461311
0.683828 0.316172 0
0.468899 0.196614 0.334487
0.0808248 0.919175 0
0.213491 0.0770804 0.709428
0.38173 0.236108 0.382162
0.260107 0.112534 0.627359
6.58039e-18 0.118542 0.881458
0.55246 0.0312635 0.416277
0.802752 0.197248 0
4.16334e-17 0.75 0.25
0.0468243 0.147634 0.805542
0.17549 0.40475 0.41976
0.103403 0.646597 0.25
0.202073 0.797927 0
0.0799648 8.87787e-18 0.920035
0.29389 0.0295061 0.676604
0.0774596 0.592392 0.330148
0.604124 0.395876 0
5.55112e-17 1 0
0.0900222 0.0720163 0.837962
0.470003 0.0810659 0.448932
0.144262 1.60163e-17 0.855738
0.643973 0.356027 0
0.0281961 0.238417 0.733387
0.26214 0.237101 0.500759
0.921177 0.0788226 0
0.881776 0.118224 0
0.377925 0.372075 0.25
0.363544 0.636456 0
0.150367 0.537664 0.31197
0.00698216 0.496303 0.496715
0.0404105 0.959589 0
0.0301739 0.686176 0.28365
0.301443 0.279632 0.418925
3.15896e-17 0.569067 0.430933
3.56953e-17 0.643029 0.356971
0.960578 0.0394219 0
0.013797 0.0523747 0.933828
0.0713226 0.273674 0.655004
0.339094 0.0739091 0.586997
0.0593686 0.535019 0.405612
0.590206 0.0791321 0.330662
8.70652e-17 2.39571e-17 1
0.251456 2.79172e-17 0.748544
0.305062 0.400729 0.294209
0.357632 3.97051e-17 0.642368
0.182024 0.277927 0.540049
0.552914 0.162977 0.284108
0.0658283 0.401179 0.532993
0.48413 0.51587 0
0.101875 0.319991 0.578134
0.448317 0.301683 0.25
0.5242 0.4758 0
0.514101 5.70767e-17 0.485899
0.144406 0.233995 0.621599
0.302645 0.154224 0.543131
0.403768 0.596232 0
0.62094 0.12906 0.25
0.723563 0.276437 0
0.28629 0.46371 0.25
0.179022 0.153712 0.667266
0.21166 0.444816 0.343525
0.259551 0.363305 0.377144
0.0170037 0.363179 0.619817
0.221102 0.320612 0.458286
0.130108 0.490151 0.379741
0.763164 0.236836 0
0.132913 0.111285 0.755802
0.518708 0.231292 0.25
0.242457 0.757543 0
0.161655 0.838345 0
0.141462 0.361536 0.497002
0.564184 0.435816 0
1.16085e-17 0.209121 0.790879
0.341609 0.32129 0.337101
2.40512e-17 0.433268 0.566732
0.282887 0.717113 0
0.444051 0.555949 0
0.842259 0.157741 0
0.619484 6.87765e-17 0.380516
