0.525284 0.474716 0
0 0.182972 0.817028
3.54436e-17 0.638495 0.361505
0.0179246 0.685272 0.296803
0.323331 0.676669 0
0.725088 0.274912 0
0.36731 0.0437096 0.58898
0.804028 0.195972 0
0.921556 0.0784444 0
0.201891 0.798109 0
0.295268 0.206332 0.4984
0.572188 0.0225751 0.405237
0.485009 0.514991 0
0.565514 0.434486 0
0.219739 0.456318 0.323943
0.960873 0.0391267 0
0.0826848 0.667315 0.25
0.309294 0.289165 0.401541
0.605421 0.394579 0
0.485929 0.077479 0.436592
0.481832 0.194814 0.323354
0.404234 0.595766 0
5.55112e-17 1 0
0.0999987 1.11021e-17 0.900001
0.125603 0.279562 0.594834
2.78444e-17 0.5016 0.4984
0.404535 0.107028 0.488436
0.29365 0.0813629 0.624987
4.69921e-17 8.5191e-18 1
0.0216888 0.233733 0.744578
0.103829 0.104749 0.791421
0.685285 0.314715 0
0.220029 7.32843e-17 0.779971
0.452584 0.0327855 0.514631
0.161434 0.838566 0
0.1718 0.198143 0.630057
0.0879998 0.467316 0.444684
0.264765 0.0251835 0.710052
0.427425 0 0.572575
0.364217 0.191063 0.444719
0.0847529 0.356862 0.558385
0.441849 0.15602 0.402131
0.0807138 0.919286 0
3.16447e-17 0.570061 0.429939
0.643647 7.14592e-17 0.356353
0.339859 0.333036 0.327105
0.170604 0.314482 0.514914
0.282864 0.717136 0
0.253987 0.161451 0.584562
0.0352575 0.327926 0.636817
0.603811 0.0722456 0.323943
0.843245 0.156755 0
0.526924 0.113475 0.359602
0.374499 0.375501 0.25
0.121046 0.878954 0
0.363891 0.636109 0
0.393673 0.242696 0.363631
0.262228 0.378156 0.359615
0.127521 0.391705 0.480774
0 0.297165 0.702835
0.242377 0.757623 0
0.146983 0.603017 0.25
0.0357936 0.435115 0.529092
0.764549 0.235451 0
0.138774 0.503159 0.358068
0.332911 0.12929 0.537799
0.333974 3.70786e-17 0.666026
0.0925695 0.585181 0.32225
0.0720695 0.169314 0.758617
0.305642 0.421719 0.27264
0.185403 0.538746 0.275851
0.139202 0.153793 0.707006
0.0403639 0.959636 0
0.217021 0.346663 0.436316
0.180693 0.0737082 0.745598
0.645424 0.354576 0
0.573145 0.151625 0.27523
0.645841 0.104159 0.25
0.414497 0.298732 0.286771
6.09651e-18 0.109825 0.890175
0.444587 0.555413 0
0.75 8.32667e-17 0.25
0.257818 0.271204 0.470979
0.218474 0.114188 0.667338
4.1636e-17 0.75 0.25
0.534636 0.215364 0.25
0.0249128 0.0347394 0.940348
0.0609599 0.541266 0.397774
0.0645261 0.0771662 0.858308
0.471148 0.278852 0.25
0.086959 0.24228 0.670761
0.210889 0.238308 0.550803
0.68903 0.0294062 0.281564
0.17422 0.424164 0.401616
0.257691 0.492309 0.25
1 0 0
0.526866 5.84939e-17 0.473134
0.15037 0.0183909 0.831239
6.65763e-17 0.399502 0.600498
0.882369 0.117631 0
