0.619655 0.380345 0
0.339099 0.20978 0.451121
5.50823e-17 4.28807e-19 1
0.957647 0.0423531 0
0.28655 0.71345 0
0.0972022 0.652798 0.25
0.606703 0.0608978 0.332399
0.453813 0.103499 0.442688
0.0732662 0.0705637 0.85617
0.122317 0.877683 0
0.0222803 0.262094 0.715626
0.0407538 0.959246 0
0.0385647 0.427031 0.534405
0.689951 0.026185 0.283864
0.577566 0.422434 0
0.204053 0.795947 0
0.643654 7.146e-17 0.356346
0.83049 0.16951 0
0.75 0 0.25
0.141831 0.544254 0.313916
0.4727 5.24803e-17 0.5273
0.377289 0.128632 0.494078
0.48607 0.26393 0.25
0.338398 0.332956 0.328646
0.499626 0.152242 0.348132
0.331304 0.0870492 0.581647
0.0815215 0.918478 0
0.419193 0.303881 0.276926
0.661703 0.338297 0
0.379528 0.256001 0.364471
0.381452 4.23497e-17 0.618548
0.533705 0.0811453 0.38515
0.327824 0.672176 0
0 0.497032 0.502968
0.195016 0.178558 0.626426
0.410372 0.589628 0
0.299232 0.291708 0.40906
0.219364 2.43543e-17 0.780636
0.108344 0.221257 0.670399
0.220338 0.446751 0.332911
3.16212e-17 0.569637 0.430363
0.788208 0.211792 0
0.745874 0.254126 0
5.55112e-17 1 0
0.179465 0.296547 0.523989
0.552788 0.197212 0.25
0.872886 0.127114 0
0.377103 0.372897 0.25
0.579574 0.132618 0.287808
0.115533 0.103013 0.781454
0.217387 0.334425 0.448188
0.207956 0.517807 0.274236
0.155099 0.0209274 0.823973
0.571573 6.34574e-17 0.428427
0.228888 0.208135 0.562977
0.0311583 0.0287403 0.940101
0.0259608 0.687512 0.286527
0.259473 0.372231 0.368296
1 0 0
0.299204 0.162463 0.538333
0.104822 1.16376e-17 0.895178
0.500112 0.0321157 0.467773
0.130963 0.379516 0.489521
0.284412 3.15761e-17 0.715588
0.173809 0.414293 0.411898
0.129053 0.492536 0.378411
0.0572798 0.536821 0.405899
0.493656 0.506344 0
0.261534 0.250294 0.488172
0.417534 0.178074 0.404392
0.369086 0.630914 0
0.703755 0.296245 0
0.0738262 0.595065 0.331109
3.56535e-17 0.642277 0.357723
0.16493 0.58507 0.25
0.272998 0.477002 0.25
0.0655891 0.301194 0.633217
2.21141e-17 0.398372 0.601628
0.250367 0.10806 0.641573
0.0231203 0.149155 0.827725
0.245163 0.754837 0
0.452026 0.547974 0
0.163118 0.836882 0
0.308304 0.0348689 0.656827
0.0919635 0.345127 0.562909
0.145105 0.259398 0.595497
0.915261 0.0847386 0
0 0.102402 0.897598
0 0.216497 0.783503
0.158243 0.141681 0.700076
0.53568 0.46432 0
0.0861495 0.457718 0.456132
0.0756167 0.178985 0.745399
4.75182e-17 0.75 0.25
0.199083 0.0690987 0.731818
0.410486 0.0459657 0.543548
0.651197 0.0988032 0.25
0.458477 0.222189 0.319334
0.306696 0.411882 0.281422
1.83068e-17 0.329786 0.670214
