0.0658432 0.0932776 0.840879
0.341375 0.658625 0
0.0274028 0.331301 0.641296
0.112614 0.513248 0.374138
0.303136 0.696864 0
4.16334e-17 0.75 0.25
0.171861 0.314607 0.513532
0.588048 0.0844837 0.327468
0.344252 3.82196e-17 0.655748
0.393397 0.130897 0.475706
0.10513 0.112522 0.782348
0.026223 0.687218 0.286559
5.55112e-17 1 0
0.670265 0.0144037 0.315332
0.224713 0.225065 0.550222
0.883585 0.116415 0
0 0 1
0.413901 4.59522e-17 0.586099
0.548333 0.177665 0.274002
0.255022 0.388206 0.356772
0.212596 0.350499 0.436906
0.682629 0.067371 0.25
0.444255 0.0372636 0.518482
0.148775 0.250956 0.600269
0.47358 0.0870144 0.439406
0.499524 0.250476 0.25
0.0753776 0.924622 0
0.113068 0.886932 0
0.230883 2.56332e-17 0.769117
0.0734123 0.597879 0.328709
0.30032 0.428941 0.270739
0 0.146049 0.853951
0.805804 0.194196 0
0.269392 0.143256 0.587353
0.274404 0.0214557 0.70414
0.418145 0.581855 0
0.75 8.32667e-17 0.25
0.464082 0.214068 0.321851
0.185473 0.182103 0.632424
0.844713 0.155287 0
0.428198 0.173569 0.398233
1 0 0
0.766919 0.233081 0
0.252398 0.497602 0.25
3.77996e-17 0.51898 0.48102
0.188928 0.811072 0
0.150387 0.544772 0.30484
0.0776822 0.476572 0.445746
0.298666 0.303811 0.397523
0.372742 0.377258 0.25
0.0624501 6.93336e-18 0.93755
0.961229 0.0387707 0
0.689077 0.310923 0
0.313132 0.0655914 0.621277
0.165787 0.431443 0.40277
0.337734 0.341449 0.320818
0.309589 0.179144 0.511266
1.18188e-33 0.218557 0.781443
0.650154 0.349846 0
0.516705 5.73658e-17 0.483295
0.57259 0.42741 0
0.110111 0.304255 0.585634
0.1768 0.5732 0.25
0.611461 0.388539 0
0.259845 0.265673 0.474482
0.358643 0.0915329 0.549824
0.428299 0.305539 0.266162
0.101183 0.648817 0.25
0.0606585 0.189299 0.750042
1.82602e-33 0.291053 0.708947
0.0872752 0.23637 0.676354
0.0243117 0.449452 0.526236
0.533916 0.466084 0
0.142626 0.151558 0.705815
0.51134 0.128608 0.360052
0.72801 0.27199 0
0.384923 0.261244 0.353833
0.92242 0.0775801 0
0.0220286 0.565722 0.412249
0.553288 0.0352882 0.411424
0.122008 0.398082 0.47991
0.495256 0.504744 0
0.206745 0.466705 0.326549
0.102675 0.0265128 0.870812
0.346041 0.219537 0.434422
0.0376804 0.96232 0
0.183989 0.0702576 0.745753
0.229142 0.103138 0.66772
0.151059 0.848941 0
0.379692 0.620308 0
0.621249 6.89725e-17 0.378751
3.54363e-17 0.638363 0.361637
4.2095e-18 0.0758316 0.924168
0.0770507 0.37021 0.552739
0.165928 1.84217e-17 0.834072
0.456659 0.543341 0
0.226944 0.773056 0
0.264923 0.735077 0
2.23717e-17 0.403012 0.596988
0.615251 0.134749 0.25
