0.0310149 0.148147 0.820838
0.401299 0.598701 0
0.321144 0.678856 0
0.800657 0.199343 0
0.361215 0.638785 0
0.280259 0.306377 0.413364
0.117869 0.0987354 0.783396
0.432011 0.0453226 0.522666
0.513012 0.146117 0.340871
0.228683 1.01556e-16 0.771317
0.0751978 0.183687 0.741115
0.472948 0.102943 0.424109
0.601284 0.398716 0
0.22576 0.507896 0.266344
0.370531 0.379469 0.25
0.426072 0.184204 0.389723
0.681079 0.318921 0
0 0 1
0.0720896 0.440124 0.487786
0.0174626 0.27414 0.708397
0.561348 0.438652 0
0.96012 0.0398803 0
0.481374 0.518626 0
0.0492137 0.593822 0.356964
0.557805 0.186762 0.255432
0.188219 0.192361 0.61942
0.0978194 0.363173 0.539007
0.400388 0.131027 0.468585
0.328741 0.0313231 0.639936
1.91804e-17 0.345524 0.654476
0.0991823 0.624799 0.276019
0.0684332 0.312108 0.619459
0.0276624 0.519774 0.452563
0.295314 3.27864e-17 0.704686
0.18574 0.461871 0.352389
0.490923 5.45034e-17 0.509077
0.200744 0.799256 0
0.51725 0.0297927 0.452958
0.360532 0.0803107 0.559157
0.880356 0.119644 0
0.687516 0.0453456 0.267139
0.146773 0.415058 0.438169
0.376361 0.270755 0.352883
3.71258e-17 0.668799 0.331201
0.160606 0.839394 0
0.0803059 0.919694 0
0.0139347 0.403315 0.582751
0.19338 0.0633305 0.743289
0.34454 0.230983 0.424477
0.630836 0.119164 0.25
0.0401603 0.95984 0
0.6589 2.9261e-16 0.3411
0.490911 0.259089 0.25
0.0612337 0.688766 0.25
0.720952 0.279048 0
6.34749e-18 0.114346 0.885654
0.59037 6.55442e-17 0.40963
4.16334e-17 0.75 0.25
0.75 8.32667e-17 0.25
0.418885 0.31167 0.269445
0.281005 0.115334 0.603661
0.162007 7.19458e-17 0.837993
0.840503 0.159497 0
0.0877558 0.055725 0.856519
0.641137 0.358863 0
1.23026e-17 0.221623 0.778377
0.324783 0.344016 0.331201
0.556307 0.0663344 0.377358
0.0804331 8.92987e-18 0.919567
0.19678 0.342495 0.460724
0.234067 0.257647 0.508285
0.460731 0.223814 0.315455
0.0155024 0.049414 0.935084
0.134913 0.541511 0.323576
1 0 0
0.332773 0.152751 0.514475
0.44136 0.55864 0
0.104366 0.22994 0.665693
2.62441e-17 0.472772 0.527228
5.55112e-17 1 0
0.59781 0.0902442 0.311945
0.254154 0.18002 0.565825
0.297098 0.452902 0.25
0.232052 0.382963 0.384985
0.237795 0.0907125 0.671493
0.155129 0.145189 0.699682
0.24088 0.75912 0
0.102456 0.497401 0.400143
0.920239 0.0797608 0
0.301686 0.215728 0.482586
0.12046 0.87954 0
0.268657 0.419395 0.311948
0.167531 0.309497 0.522972
0.521391 0.478609 0
3.21168e-17 0.578566 0.421434
0.281008 0.718992 0
0.172111 0.577889 0.25
0.400197 0 0.599803
0.760814 0.239186 0
0.143168 0.269188 0.587644
