3.97386e-18 1.07048e-16 1
3.58835e-17 0.64642 0.35358
0.616656 0.383344 0
0.0801525 0.183469 0.736378
0.0317593 0.029262 0.938979
0.731573 0.268427 0
1.60197e-17 0.288585 0.711415
0.467861 0 0.532139
0.309736 0.690264 0
0.496495 0.238706 0.264799
0.231941 7.72519e-17 0.768059
0.531941 0.0871156 0.380943
0.193864 0.806136 0
0.35748 0.11325 0.52927
1 0 0
0.884905 0.115095 0
0.155216 0.844784 0
0.449621 0.19794 0.352438
0.232515 0.767485 0
0.320611 0.318847 0.360541
0.43193 0.0788826 0.489188
0.0264672 0.149896 0.823636
0.396956 0.160338 0.442707
0.0819915 0.602493 0.315516
0.923267 0.0767326 0
0.158223 0.274606 0.567171
0.508616 0.0296003 0.461784
0.348216 0.651784 0
0.0558318 0.260581 0.683587
0.501839 0.498161 0
0.106741 5.92529e-17 0.893259
0.425112 0.574888 0
0.654973 0.345027 0
0.961631 0.0383686 0
0.03275 0.68831 0.27894
0.1327 0.526674 0.340627
0.278277 0.153586 0.568136
0.808226 0.191774 0
0.693244 0.306756 0
0.125234 0.227335 0.647431
0.471187 0.124022 0.404791
0.56904 0.18096 0.25
0.31825 0.196257 0.485493
0.361509 0.237108 0.401383
0.274109 0.396943 0.328948
0.846569 0.153431 0
0.578407 0.421593 0
0.175689 0.57013 0.25418
0.321665 0.428335 0.25
0.201177 0.190128 0.608695
0.403516 0.274696 0.321788
0.769899 0.230101 0
0.239776 0.107045 0.653179
0.195748 0.0708161 0.733436
0.282934 0.0192763 0.69779
0.352877 3.91773e-17 0.647123
0.216413 0.474961 0.308626
0.271165 0.728835 0
0 0.542074 0.457926
0.278341 0.277823 0.443836
0.643753 0.106247 0.25
1.20062e-17 0.216284 0.783716
0.0776739 0.922326 0
0.147529 0.400896 0.451574
4.16334e-17 0.75 0.25
0.107372 0.642628 0.25
0.646967 7.18278e-17 0.353033
0.0388902 0.96111 0
0.162051 0.0159246 0.822024
0.0355108 0.573284 0.391205
0.575477 0 0.424523
0 0.104237 0.895763
0.316385 0.0736555 0.60996
2.00342e-17 0.360904 0.639096
0.233519 0.358744 0.407737
0.0673656 0.443449 0.489185
0.0789062 0.314704 0.60639
0.0254406 0.402605 0.571954
0.366785 0.360137 0.273078
0.181247 0.440455 0.378299
0.540104 0.147862 0.312033
0.116668 0.105189 0.778143
0.159154 0.148294 0.692553
0.248166 0.501834 0.25
2.62216e-17 0.472366 0.527634
0.0760225 0.0703493 0.853628
0.540146 0.459854 0
0.194391 0.318209 0.487401
0.116484 0.883516 0
5.55112e-17 1 0
0.399563 0.0241538 0.576283
0.463515 0.536485 0
0.439743 0.310257 0.25
0.386668 0.613332 0
0.688523 0.0323303 0.279147
0.0935246 0.489578 0.416897
0.110591 0.359787 0.529622
0.603588 0.0663713 0.330041
0.238128 0.235711 0.52616
0.75 8.32667e-17 0.25
