0.365027 0.634973 0
0.634219 0.0533383 0.312443
0.32574 0.42426 0.25
0.0138961 0.347544 0.63856
2.71857e-17 0.489734 0.510266
0.0256114 0.0339572 0.940431
0.803959 0.196041 0
0.170548 0.393096 0.436356
0.0625074 0.387742 0.54975
0.235517 0.0382158 0.726267
0.251643 0.34907 0.399286
0.464338 0.0430552 0.492607
0.532953 5.91697e-17 0.467047
0.524711 0.148476 0.326813
0.75 8.32667e-17 0.25
0.0250922 0.220424 0.754484
0.525764 0.474236 0
0.438724 4.87082e-17 0.561276
0.0405401 0.95946 0
0.324504 0.675496 0
0.417661 0.135639 0.4467
0.302295 3.35615e-17 0.697705
0.444958 0.305042 0.25
0.340479 0.0606968 0.598824
0.338898 0.178524 0.482578
1.85953e-17 1.60991e-17 1
0.266339 0.0892518 0.644409
0.0993417 0.305461 0.595197
1.61897e-17 0.291648 0.708352
0.209966 0.434011 0.356023
0.224369 0.176514 0.599117
0.562641 0.071337 0.366022
0.373958 0.222295 0.403747
0.0815718 0.130089 0.78834
0.137201 0.601089 0.26171
0.190303 0.130608 0.679089
0.124164 0.476426 0.39941
0.137506 0.348412 0.514083
0 0.106919 0.893081
0.166444 0.512814 0.320742
0.96094 0.0390599 0
4.16334e-17 0.75 0.25
0.136245 0.0315584 0.832196
0.0614021 0.0805795 0.858018
0.645721 0.354279 0
0.215931 0.306752 0.477317
0.72508 0.27492 0
0.17984 0.263291 0.55687
0.764618 0.235382 0
0.258998 0.222143 0.518859
0.605829 0.394171 0
0.0985722 1.09437e-17 0.901428
0.0350951 0.524023 0.440882
0.205654 0.544346 0.25
0.605347 0.12675 0.267902
0.67714 0.0728598 0.25
0.445656 0.554344 0
0.0871498 0.556916 0.355934
0.0810817 0.918918 0
0.384621 0.0909622 0.524417
0.409388 0.266058 0.324554
0.485617 0.514383 0
1 0 0
0.157974 0.0869219 0.755104
0.243465 0.756535 0
0.674258 7.48577e-17 0.325742
0.882646 0.117354 0
2.31961e-17 0.417864 0.582136
0.557151 0.192849 0.25
0.492269 0.0953127 0.412419
0.203718 2.26173e-17 0.796282
0.333291 0.308567 0.358142
9.9402e-18 0.178972 0.821028
0.405377 0.594623 0
0.451832 0.183872 0.364295
0.147129 0.217658 0.635213
0.921811 0.0781888 0
0.0706035 0.25779 0.671606
0.685502 0.314498 0
0.490201 0.234337 0.275462
0.28403 0.71597 0
0.301375 0.138267 0.560358
0.202856 0.797144 0
0.162237 0.837763 0
0.565823 0.434177 0
0.598499 6.64468e-17 0.401501
0.370457 4.1129e-17 0.629543
0.121651 0.878349 0
0.086582 0.437719 0.475699
5.55112e-17 1 0
0.0749384 0.675062 0.25
0.289504 0.388593 0.321903
3.91656e-17 0.672164 0.327836
0.0563255 0.630529 0.313145
0.295794 0.264811 0.439395
0.255289 0.475297 0.269414
0.375674 0.353837 0.27049
0.110435 0.175389 0.714176
0.843335 0.156665 0
3.29923e-17 0.594336 0.405664
