0.305341 0.368215 0.326444
0.670807 0.079193 0.25
0.0357493 0.154335 0.809916
0.131229 0.0938174 0.774954
4.16341e-17 0.75 0.25
0.512849 0.0179206 0.469231
0 0 1
0.602447 0.397553 0
0.0883121 0.417343 0.494345
0.130054 0.557956 0.31199
0.468146 0.281854 0.25
0.280362 0.719638 0
0.392047 0.141138 0.466815
0.345812 0.294662 0.359526
0.881353 0.118647 0
0.688558 7.64453e-17 0.311442
0.401185 0.598815 0
0.169088 0.129963 0.700949
0.205563 0.172064 0.622373
0.437605 0.244663 0.317732
0.722491 0.277509 0
3.16723e-17 0.570557 0.429443
0.089001 0.524942 0.386057
0.167008 0.254132 0.57886
7.93055e-17 0.469239 0.530761
1.82301e-17 0.328404 0.671596
0.54077 0.0736367 0.385594
0.530336 0.209454 0.260211
0.0464458 0.601151 0.352403
0.174762 0.373491 0.451747
0.013116 0.0637588 0.923125
0.119897 0.880103 0
0.0665987 0 0.933401
0.582254 6.46431e-17 0.417746
0.441533 0.558467 0
0.320572 0.679428 0
0.360861 0.639139 0
0.361989 0.224105 0.413906
0.467945 0.105305 0.426751
0.18928 0 0.81072
0.181954 0.484707 0.333339
0.0347337 0.260384 0.704883
0.562239 0.437761 0
0.642461 0.357539 0
0.039912 0.960088 0
0.29003 0.257125 0.452844
0.217479 0.0380817 0.744439
0.960453 0.0395474 0
0.124479 0.00851102 0.86701
3.67349e-17 0.661758 0.338242
0.0798723 0.920128 0
0.0856968 0.178183 0.73612
0.160007 0.839993 0
0.212046 0.293965 0.493989
3.47728e-17 0.124957 0.875043
0.624358 0.029917 0.345725
0.0394753 0.686222 0.274303
0.289772 0 0.710228
0.133281 0.333226 0.533493
0.0590407 0.370232 0.570727
0.396272 0.332477 0.271251
0.25895 0.332101 0.408949
0.841728 0.158272 0
0.0374004 0.499245 0.463354
5.55112e-17 1 0
0.599719 0.150281 0.25
0.428337 0.0640493 0.507613
3.86456e-17 0.225471 0.774529
0.240168 0.759832 0
0.247556 0.0861735 0.66627
0.347039 0.402961 0.25
0.325869 0.0354273 0.638703
0.123808 0.215598 0.660594
0.246079 0.213691 0.540229
0.320844 0.175431 0.503725
0.103327 0.646673 0.25
0.392805 4.36101e-17 0.607195
0.283832 0.128227 0.587941
0.920943 0.0790567 0
0.462551 0 0.537449
0.57723 0.110707 0.312063
0.522142 0.477858 0
0.424798 0.1893 0.385902
0.0822945 0.0750209 0.842685
0.273247 0.447316 0.279437
0.762343 0.237657 0
0.170532 0.579468 0.25
0.237725 0.512275 0.25
0.802044 0.197956 0
0.221642 0.4104 0.367957
0.75 8.32667e-17 0.25
0.48184 0.51816 0
1 0 0
0.200062 0.799938 0
0.0848566 0.294307 0.620836
0.132651 0.451205 0.416145
2.2143e-17 0.398892 0.601108
0.356821 0.0889222 0.554257
0.499666 0.158067 0.342267
0.682567 0.317433 0
