0.294924 0.369174 0.335902
0.575684 0.158183 0.266134
5.55112e-17 1 0
0.344567 0.04446 0.610973
0.100568 0.523403 0.376029
0.110676 0 0.889324
0.75 8.32667e-17 0.25
0.367551 0.204891 0.427559
0.444933 0.555067 0
0.789473 0.210527 0
0.254178 0.324213 0.421609
0.399953 0.350047 0.25
0.148551 0.43979 0.41166
1.10096e-16 9.2643e-19 1
0.53232 0.114123 0.353557
0.531953 0.468047 0
0.126927 0.101657 0.771416
0.57572 0.0226775 0.401603
0.916104 0.0838963 0
0.661569 0.338431 0
0.489003 0.19339 0.317606
0.19001 0.353985 0.456005
0.112592 0.396839 0.49057
0.0449731 0.955027 0
3.83084e-17 0.690102 0.309898
3.36051e-17 0.605375 0.394625
0.229499 2.54795e-17 0.770501
0.454756 0.281507 0.263737
0.0283499 0.548369 0.423281
0.126851 0.566586 0.306563
0.0295058 0.435646 0.534849
0.704327 0.295673 0
0.0722797 0.301447 0.626273
0.24952 0.100356 0.650124
0.0839283 0.185921 0.73015
0.0803668 0.669633 0.25
0.158535 0.315996 0.525469
0.245286 0.217709 0.537005
0.262767 0.454276 0.282957
0.645717 0.104283 0.25
0.222564 0.406653 0.370783
0.181927 0.48697 0.331103
0.530007 5.88426e-17 0.469993
0.207781 0.178497 0.613721
0.958092 0.041908 0
0.412954 0.119457 0.467589
0.492176 0.0774055 0.430419
0.0787638 0.0680833 0.853153
0.376204 0.0843024 0.539494
0.329435 0.283645 0.38692
0.162838 0.0176468 0.819515
0.122207 0.225029 0.652764
0.312883 0.687117 0
0.292396 0.131272 0.576332
1.85932e-17 0.334945 0.665055
2.80178e-17 0.504724 0.495276
1.29717e-17 0.233677 0.766323
0.874101 0.125899 0
0.0900301 0.90997 0
0.329949 3.66317e-17 0.670051
0.410863 0.241786 0.347352
0.401101 0.598899 0
0.0556967 0.13946 0.804843
0.179644 0.820356 0
0.420913 4.67307e-17 0.579087
0.0325972 0.266495 0.700908
2.22188e-17 0.400239 0.599761
0.449161 0.158921 0.391918
0 0.75 0.25
0.618584 0.381416 0
0.329871 0.420129 0.25
0.134943 0.865057 0
0.26868 0.73132 0
0.0491873 0.620054 0.330759
0.605729 0.0737295 0.320541
0.831984 0.168016 0
0.329156 0.168856 0.501988
0.153159 0.596841 0.25
0.226218 0.523782 0.25
7.28183e-22 0.093719 0.906281
9.09073e-18 0.163764 0.836236
0.164254 0.145507 0.690239
0.357126 0.642874 0
0.689825 0.0303213 0.279854
0.278388 0.253273 0.468339
1 0 0
0.0387782 0.0218113 0.939411
0.488558 0.511442 0
0.747098 0.252902 0
0.575304 0.424696 0
0.0868554 0.34878 0.564365
0.459971 0.0288161 0.511213
0.198475 0.0708841 0.730641
0.523478 0.226522 0.25
0.2738 0.0278757 0.698324
0.224131 0.775869 0
0.17167 0.255758 0.572573
0.645983 0 0.354017
0.367189 0.321017 0.311794
0.0742302 0.472277 0.453493
