0.176296 0.0349757 0.788728
0.227627 0.314702 0.45767
0.454395 1.00896e-16 0.545605
0.575216 0.424784 0
0.267075 0.732925 0
0.183835 0.403564 0.412601
1.82958e-17 0.0658188 0.934181
0.0183915 0.11305 0.868558
0.390209 8.66438e-17 0.609791
0.147838 0.359493 0.492669
0.469545 0.157133 0.373322
3.11182e-17 0.560576 0.439424
1 0 0
0 0 1
0.666481 7.39943e-17 0.333519
0.690998 0.0590023 0.25
0.491446 0.258554 0.25
0.263202 0.353929 0.38287
0.420819 0.579181 0
0.691363 0.308637 0
0.145222 0.491699 0.36308
0.884361 0.115639 0
0.104972 0.196415 0.698613
0.0163707 0.240562 0.743067
0.273529 0.230074 0.496397
0.0965095 0.074741 0.82875
0.34387 0.65613 0
0.349152 0.30152 0.349327
5.55112e-17 1 0
0.0706596 0.525238 0.404103
9.31742e-17 0.185689 0.814311
0.627248 0.0860082 0.286744
0.188721 0.275526 0.535753
0.189037 0.15582 0.655143
0.291569 0.395075 0.313356
1.72721e-17 0.311146 0.688854
0.0172514 0.364517 0.618231
0.536543 0.463457 0
0.477664 0.0343221 0.488014
0.845819 0.154181 0
0.133704 0.616296 0.25
0.152314 0.847686 0
0.227806 0.0792693 0.692925
0.397392 0.21145 0.391159
0.554061 6.15131e-17 0.445939
0.228766 0.771234 0
0.0760841 0.923916 0
0.652682 0.347318 0
0.29563 0 0.70437
0.0609243 0.681425 0.257651
0.146689 0.113497 0.739814
0.322071 0.148897 0.529032
0.237279 0 0.762721
0.596288 0.0280095 0.375702
0.276708 0.113885 0.609407
0.305443 0.694557 0
0.320633 0.0380035 0.641363
0.138131 0 0.861869
0.518719 0.193915 0.287366
0.922921 0.0770792 0
0.249736 0.500264 0.25
0.613948 0.386052 0
0.36818 0.0736166 0.558203
0.114166 0.885834 0
0.10513 0.3197 0.57517
0.100425 0.578399 0.321176
0.149781 0.235394 0.614825
0.0380227 0.961977 0
0.320774 0.429226 0.25
0.80725 0.19275 0
0.75 8.32667e-17 0.25
0.368647 0.355632 0.275722
0.419113 0.110719 0.470168
0.506781 0.0802122 0.413007
0.459328 0.540672 0
0.497897 0.502103 0
0.768672 0.231328 0
0.551307 0.114049 0.334644
0.961478 0.0385224 0
0.103948 0.44608 0.449972
0.382279 0.617721 0
0.0259772 0.609083 0.36494
0.591256 0.158744 0.25
0.437589 0.2422 0.320211
0.182925 0.542283 0.274792
0.0721041 0.00840305 0.919493
0.0707027 0.275331 0.653966
0.218951 0.449066 0.331983
0.233581 0.192642 0.573777
0.0693129 0.152352 0.778335
3.7158e-17 0.669379 0.330621
0.42549 0.32451 0.25
7.26988e-17 0.435452 0.564548
0.190544 0.809456 0
0.730028 0.269972 0
4.16334e-17 0.75 0.25
0.361937 0.183188 0.454875
0.311143 0.267057 0.421799
0.0165132 0.489767 0.49372
0.0703441 0.400104 0.529552
