0.159411 0.0928495 0.747739
0.875377 0.124623 0
0.220341 0.367283 0.412377
0.128059 0.165752 0.706189
0.601836 0.0852803 0.312883
0.337597 0.241847 0.420556
0.24825 0.75175 0
0.286831 0.207756 0.505413
0.958475 0.041525 0
0.666385 0.333615 0
1 0 0
0.565449 0.180568 0.253983
0.171913 0 0.828087
0.0345321 0.689124 0.276344
0.165337 0.834663 0
0.0599668 0.380635 0.559398
0.220075 0.49833 0.281594
0.0881425 0 0.911858
0.75 8.32667e-17 0.25
3.60555e-17 0.649518 0.350482
0.164304 0.206441 0.629255
0.108697 0.641303 0.25
0.361922 0.388078 0.25
0.624452 0.375548 0
0.523075 0.139997 0.336928
0.406053 0.0861259 0.507821
0.289781 0.710219 0
0.20677 0.79323 0
0.916934 0.0830662 0
3.68932e-17 4.74021e-18 1
0.10435 0.0502051 0.845445
0.132801 0.53258 0.334619
0.833744 0.166256 0
0.331489 0.668511 0
0.383199 0.277556 0.339245
0.144697 0.408576 0.446728
0.0815336 0.122065 0.796401
0.357196 0.0601262 0.582678
0.20422 0.247421 0.548359
0.209317 0.115761 0.674921
0.0412748 0.958725 0
0.466713 0.221309 0.311978
0.688649 0.0385627 0.272788
0.310645 0.0179632 0.671392
0.653885 7.25959e-17 0.346115
1.25414e-17 0.225925 0.774075
0.456759 0.543241 0
0.0273367 0.336603 0.63606
0.380809 4.22783e-17 0.619191
3.03343e-17 0.546455 0.453545
0.447268 0.125465 0.427266
0.321824 0.131835 0.546341
5.78154e-18 0.104151 0.895849
0.427637 0.316651 0.255712
0.414933 0.585067 0
0.267957 2.97492e-17 0.732043
0.49864 0.50136 0
0.0815619 0.250598 0.66784
0.123328 0.351919 0.524753
0.297593 0.32167 0.380737
0.0579758 0.199678 0.742346
0.37317 0.62683 0
0.498546 0.251454 0.25
4.16334e-17 0.75 0.25
0.451265 5.01005e-17 0.548735
0.182192 0.567808 0.25
2.25405e-17 0.406054 0.593946
2.6566e-17 0.478571 0.521429
0.368902 0.16579 0.465308
0.0691625 0.446307 0.484531
0.637981 0.112019 0.25
0.204911 0.0299195 0.765169
0.256994 0.283083 0.459922
0.0923691 0.495765 0.411866
5.55112e-17 1 0
0.708328 0.291672 0
0.332836 0.35807 0.309094
0.184632 0.321061 0.494306
0.750159 0.249841 0
0.0825579 0.917442 0
0.48415 0.0342183 0.481631
0.242729 0.167462 0.58981
0.256671 0.411132 0.332196
0.0240329 0.0400439 0.935923
0.0354371 0.577506 0.387057
0.289358 0.460642 0.25
0.792009 0.207991 0
0.551255 0 0.448745
1.65125e-17 0.297463 0.702537
0.509912 0.0863588 0.403729
0.113625 0.29191 0.594466
0.123923 0.876077 0
0.540564 0.459436 0
0.583824 0.0332861 0.38289
0.010826 0.155245 0.833929
0.0828382 0.604959 0.312203
0.178326 0.453691 0.367984
0.42157 0.19545 0.38298
0.582504 0.417496 0
0.2792 0.0880672 0.632733
