0.203444 0.407872 0.388684
0.652262 0.347738 0
0.574807 0.425193 0
9.87088e-17 1.23135e-17 1
0.190264 0.809736 0
0.807175 0.192825 0
0.0305724 0.498951 0.470476
0.0662426 0.252223 0.681535
0.227865 0.164753 0.607382
0.305032 0.694968 0
0.312597 0.118722 0.56868
0.159447 0.590553 0.25
0.613504 0.386496 0
0.674614 2.99589e-16 0.325386
0.295855 0.3588 0.345346
0.0824783 0.41516 0.502362
0.0690181 0.128183 0.802799
0.434074 0.114744 0.451182
0.265183 0.204162 0.530655
0.266975 0.483025 0.25
0.304642 0.243369 0.451989
0.113933 0.886067 0
0.590665 0.159335 0.25
0.343389 0.656611 0
0.0225979 0.214309 0.763093
1 0 0
0.381811 0.618189 0
0.399513 0.312577 0.28791
0.347671 0.280689 0.37164
4.16334e-17 0.75 0.25
0.458853 0.541147 0
0.431353 9.57796e-17 0.568647
0.0860734 2.86682e-17 0.913927
0.477091 0.0248818 0.498027
3.14862e-17 0.567128 0.432872
0.235934 0.443839 0.320227
0.520723 0.201204 0.278073
0.152307 0.0843209 0.763373
0.536075 0.463925 0
0.31712 0.410266 0.272614
1.21235e-20 0.17102 0.82898
0.497413 0.502587 0
0.163388 0.00339996 0.833212
0.434255 0.235199 0.330546
0.194325 0.529929 0.275746
5.83212e-18 0.105062 0.894938
0.360377 0.0273697 0.612253
0.729743 0.270257 0
0.266686 0.733314 0
1.95855e-17 0.35282 0.64718
0.0759391 0.924061 0
0.0835464 0.535216 0.381238
0.145223 0.208299 0.646478
0.167943 0.369748 0.462309
0.629509 0.0647145 0.305776
0.25618 0.324309 0.419511
0.0346774 0.384701 0.580622
0.691018 0.308982 0
0.75 8.32667e-17 0.25
0.27503 0.0817932 0.643177
0.0944692 0.615443 0.290088
0.127746 0.334214 0.53804
0.0908933 0.29816 0.610946
0.0346582 0.603006 0.362336
0.318742 3.53875e-17 0.681258
0.554712 0.111632 0.333656
0.475116 0.157473 0.367411
0.220395 7.34064e-17 0.779605
0.152862 0.498748 0.348391
0.0379269 0.962073 0
0.0968817 0.0549999 0.848118
1.5741e-17 0.283564 0.716436
0.420301 0.579699 0
0.845834 0.154166 0
0.022344 0.0413239 0.936332
5.55112e-17 1 0
0.47689 0.27311 0.25
0.670322 0.0796776 0.25
0.178473 0.249919 0.571608
0.15209 0.84791 0
0.392524 0.0780994 0.529377
0.216683 0.287394 0.495923
0.546599 6.06846e-17 0.453401
7.65521e-17 0.457729 0.542271
0.88439 0.11561 0
0.243833 0.0377163 0.718451
0.107026 0.168306 0.724668
0.119042 0.454393 0.426565
3.72217e-17 0.670527 0.329473
0.922946 0.077054 0
0.228458 0.771542 0
0.961491 0.0385092 0
0.600069 0.0148513 0.385079
0.0636242 0.686376 0.25
0.191433 0.122827 0.685741
0.34955 0.160699 0.489751
0.768485 0.231515 0
0.390682 0.198489 0.41083
0.513055 0.0749549 0.41199
0.376354 0.373646 0.25
