0.104182 0.346224 0.549594
0.0894033 0.660597 0.25
0.368898 0.381102 0.25
0.252431 0.747569 0
1.86811e-17 0.336528 0.663472
0.213739 0.471991 0.31427
5.55112e-17 1 0
0.168393 0.831607 0
0.290762 9.68432e-17 0.709238
1.2254e-17 0.220749 0.779251
0.57994 6.43863e-17 0.42006
0.0217806 0.267377 0.710842
0.387022 4.2968e-17 0.612978
0.192502 0.064536 0.742962
0.643968 0.106032 0.25
0.543135 0.206865 0.25
0.669727 0.330273 0
0.466974 0.097286 0.43574
0.415101 0.310718 0.274181
0.00121149 0.583184 0.415604
0.102571 1.13877e-17 0.897429
0.228886 0.21898 0.552135
2.50987e-17 0.452137 0.547863
0.419907 0.580093 0
0.141129 0.517303 0.341568
0.424456 0.179199 0.396345
0.300312 0.432521 0.267167
0.153441 0.141508 0.705051
0.299335 0.304617 0.396048
0.248586 0.501414 0.25
0.507909 0.137873 0.354218
0.75 8.32667e-17 0.25
0.222114 9.86386e-17 0.777886
0.343542 0.221519 0.434939
0.149915 0.261414 0.588671
0.0421289 0.957871 0
4.16334e-17 0.75 0.25
0.46164 0.53836 0
0.272527 0.132479 0.594994
0.510366 0.0128823 0.476752
0.688453 0.0340858 0.277461
0 0 1
0.628182 0.371818 0
0.586591 0.413409 0
1 0 0
0.333807 0.345256 0.320937
0.650637 7.22352e-17 0.349363
0.455809 1.0121e-16 0.544191
0.192225 0.177944 0.62983
0.384579 0.139839 0.475582
0.711117 0.288883 0
0.34894 0.0908601 0.5602
0.380767 0.263537 0.355696
0.108969 0.223019 0.668012
0.111466 0.103848 0.784686
0.421909 0.0632394 0.514852
0.318535 0.0408318 0.640633
3.59463e-17 0.647551 0.352449
0.0206111 0.385331 0.594058
0.175486 0.432704 0.39181
0.958867 0.0411333 0
0.307254 0.177211 0.515534
5.76511e-18 0.103855 0.896145
0.103006 0.598285 0.29871
0.0936273 0.477044 0.429328
0.0208475 0.152349 0.826804
0.220802 0.347783 0.431414
0.0659545 0.427385 0.50666
0.263905 0.262234 0.473861
0.793926 0.206074 0
0.0842586 0.915741 0
0.0721523 0.300966 0.626882
0.752551 0.247449 0
0.54684 0.0615818 0.391578
0.0254725 0.686042 0.288485
0.459283 0.221187 0.31953
0.15469 0.0172725 0.828038
0.184653 0.30476 0.510588
0.876463 0.123537 0
0.210413 0.789587 0
0.0655678 0.554531 0.379901
0.178452 0.571548 0.25
0.336279 0.663721 0
0.544961 0.455039 0
0.599191 0.0778669 0.322943
0.141828 0.389053 0.469119
0.0720673 0.07083 0.857103
0.479026 0.270974 0.25
0.835239 0.164761 0
0.917661 0.0823386 0
2.88637e-17 0.519961 0.480039
0.257134 0.391044 0.351822
0.126351 0.873649 0
0.073705 0.182212 0.744083
0.378099 0.621901 0
0.029184 0.0304858 0.94033
0.238035 0.0913365 0.670628
0.503282 0.496718 0
0.569379 0.151 0.279621
0.29435 0.70565 0
