0.879646 0.120354 0
0.18614 0.519988 0.293872
0.360338 0.18691 0.452752
0.263134 2.92138e-17 0.736866
0.305357 0.153576 0.541067
0.150897 0.348573 0.50053
0.276352 0.339338 0.38431
0.107766 0.432499 0.459734
0.277768 0.722232 0
0.190951 0.386834 0.422215
0.108898 0.553521 0.337582
0.437607 0.562393 0
0.397595 0.602405 0
0.581319 6.45394e-17 0.418681
0.574911 0.149565 0.275524
0.18319 0.14817 0.668639
0.0187477 0.35684 0.624412
0.477697 0.522303 0
0.195967 0 0.804033
0.158478 0.841522 0
0.643978 0.106022 0.25
0.483967 0 0.516033
1 0 0
0.247413 0.502587 0.25
0.0651964 0.148675 0.786129
0.718932 0.281068 0
0.0717603 0.390561 0.537679
0.152356 0.47069 0.376954
0.226849 0.189132 0.584019
0.0584409 0.691559 0.25
0 0 1
0.230886 0.423138 0.345976
0.374347 4.15608e-17 0.625653
0.0907199 0.0778263 0.831454
0.919806 0.0801943 0
0.650709 7.22432e-17 0.349291
0.263184 0.108812 0.628004
0.146875 0.0992181 0.753907
0.558022 0.441978 0
0.198191 0.801809 0
0.53653 0.0960962 0.367374
0.147615 0.228542 0.623843
0.18933 0.268476 0.542194
0.0709127 0.268397 0.66069
0.237986 0.762014 0
0.458398 0.259431 0.282171
0.514895 0.0391046 0.446001
0.306049 0.024387 0.669564
0.517875 0.482125 0
0.493005 0.177938 0.329057
0.132021 0.0138112 0.854168
0.221595 0.0682839 0.710121
0.441626 0.0824812 0.475893
6.40373e-18 0.115359 0.884641
4.16334e-17 0.75 0.25
0.0831659 0.628103 0.288731
0.759156 0.240844 0
0.638457 0.361543 0
1.69906e-17 0.306076 0.693924
3.05129e-17 0.549672 0.450328
5.55112e-17 1 0
2.37265e-17 0.427418 0.572582
0.281214 0.445196 0.273589
0.410766 0.218164 0.37107
0.959907 0.0400926 0
0.380471 0.116207 0.503322
0.799357 0.200643 0
0.839531 0.160469 0
0.0160568 0.0496217 0.934321
1.02843e-17 0.185265 0.814735
0.75 8.32667e-17 0.25
0.0228833 0.5984 0.378716
0.273333 0.227887 0.49878
0.455893 0.136348 0.407759
0.31764 0.68236 0
0.320006 0.366512 0.313482
0.370332 0.294234 0.335433
0.321299 0.262402 0.416299
0.598212 0.401788 0
0.106141 0.311415 0.582445
0.155386 0.594614 0.25
0.0395746 0.960425 0
0.0726999 0.511375 0.415925
0.530209 0.219791 0.25
0.118832 0.881168 0
0.0177889 0.236071 0.74614
0.606849 0.0663345 0.326817
0.0188829 0.478669 0.502448
0.678695 0.321305 0
0.339179 0.0756473 0.585174
0.0817955 9.08112e-18 0.918205
0.417393 0.0257468 0.55686
0.353525 0.396475 0.25
0.233662 0.305192 0.461146
3.70302e-17 0.667077 0.332923
0.423324 0.326676 0.25
0.0792076 0.920792 0
0.689717 0.0334024 0.276881
0.103941 0.187633 0.708426
0.357549 0.642451 0
