0.57411 0.42589 0
0.728594 0.271406 0
0.0372136 0.559653 0.403133
0.0713719 0.0744168 0.854211
0.0381379 0.961862 0
0.0389947 0.455294 0.505712
0.806088 0.193912 0
0.176904 0.330523 0.492573
4.1639e-17 0.75 0.25
0.961228 0.0387725 0
0.65126 0.34874 0
0.180974 0.203095 0.615931
0.340287 0.121558 0.538155
0.0301775 0.0306324 0.93919
0.496968 0.503032 0
0.532529 0.217471 0.25
0.266383 0.0269578 0.706659
0.0162594 0.160129 0.823612
0.153626 0.0223346 0.824039
1 0 0
0.140599 0.286663 0.572738
0.490071 0 0.509929
0.381714 0.618286 0
0.0150702 0.284734 0.700196
0.379727 0.166732 0.453541
0.0762811 0.923719 0
0.607372 0.0654544 0.327174
0.922442 0.0775579 0
0.689892 0.310108 0
0.105072 0.114671 0.780257
0.348073 0.37385 0.278077
0.183292 0.0771113 0.739597
0.132537 0.519286 0.348177
0.690031 0.0319012 0.278068
0.380002 0.291199 0.328799
0.218444 0.372135 0.409421
0.0683082 0.681692 0.25
0.105098 0 0.894902
0.433152 4.80896e-17 0.566848
2.91824e-17 0.525632 0.474368
0.26077 0.415694 0.323537
0.767319 0.232681 0
0.136617 0.613383 0.25
0.458756 0.12794 0.413304
0.419826 0.211953 0.36822
0.343393 0.656607 0
0.1144 0.8856 0
0.0845561 0.592519 0.322925
0 0 1
0.222893 0 0.777107
0.535565 0.464435 0
0.0640193 0.325678 0.610303
0.61275 0.38725 0
0.309039 0.440961 0.25
0.75 8.32667e-17 0.25
0.25914 0.290299 0.450561
0.420091 0.579909 0
0.419661 0.330339 0.25
0.179613 0.542794 0.277594
0.419836 0.0829945 0.497169
0.0899778 0.484473 0.425549
0.844877 0.155123 0
0.64933 0 0.35067
0 0.425012 0.574988
0.0689923 0.195384 0.735624
0.144355 0.159069 0.696576
0.576824 0.147691 0.275485
0.183142 0.451652 0.365206
0.335374 0 0.664626
0.339092 0.249939 0.410969
0.0914255 0.373747 0.534828
1.27578e-17 0.229793 0.770207
0.190641 0.809359 0
0.0997851 0.244247 0.655968
0.463209 0.25961 0.277181
0.537696 0.0942282 0.368076
0.266953 0.733047 0
0.372612 0.0378832 0.589504
0.134041 0.411337 0.454621
3.47455e-17 0.625836 0.374164
0.305177 0.694823 0
0.228789 0.771211 0
0.300445 0.334131 0.365424
0.152514 0.847486 0
0.220207 0.246724 0.533069
5.86027e-18 0.105555 0.894445
0.222532 0.117352 0.660116
0.506628 0.0460967 0.447276
0.300048 0.206053 0.493898
0.0153163 0.672035 0.312648
0.297211 0.0811369 0.621652
0.260173 0.163354 0.576473
0.242701 0.507299 0.25
0.496192 0.174429 0.329379
5.55186e-17 1 0
0.883661 0.116339 0
0.645538 0.104462 0.25
1.96607e-17 0.354129 0.645871
0.458543 0.541457 0
0.579335 6.43191e-17 0.420665
