0.154 0.372519 0.473481
2.49228e-17 0.448969 0.551031
1.83193e-17 0.330011 0.669989
5.55112e-17 1 0
0.580439 0.419561 0
0.524805 0.137093 0.338102
0.377364 0.0360467 0.586589
1.44184e-17 0.259739 0.740261
0.0780179 0.52516 0.396822
0.095204 0.217804 0.686992
0.0350319 0.60368 0.361288
0.389148 0.147443 0.463409
0.13894 0.13673 0.72433
0.327809 0.422191 0.25
0.347878 0.652122 0
0.43153 0.31847 0.25
0.250953 0.499047 0.25
0.362302 0.350944 0.286754
0.309077 0.690923 0
0.0969957 0.629185 0.273819
5.55592e-18 0.100087 0.899913
0.219596 0.0920092 0.688394
0.75 8.32667e-17 0.25
0.100924 1.12048e-17 0.899076
0.263918 2.93008e-17 0.736082
0.549136 6.09663e-17 0.450864
0.474215 0.215782 0.310002
0.0202569 0.379008 0.600736
0.046314 0.187299 0.766387
0.664204 0.0857961 0.25
0.181152 0.175458 0.64339
0.602414 0.100059 0.297527
0.448238 4.97645e-17 0.551762
4.16334e-17 0.75 0.25
1 0 0
0.574367 0.175633 0.25
0.425524 0.574476 0
0.261712 0.134805 0.603483
0.271976 0.259661 0.468364
0.77207 0.22793 0
0.196389 0.41343 0.390181
0.192942 0.807058 0
0.92428 0.0757195 0
0.57123 0.0473073 0.381463
0.102875 0.1011 0.796025
3.14099e-17 0.56583 0.43417
0.236057 0.336835 0.427109
1.0281e-16 8.21231e-18 1
0.270281 0.729719 0
0.386708 0.613292 0
0.464332 0.535668 0
0.14611 0.254029 0.599861
0.174056 0.575944 0.25
0.279484 0.381539 0.338978
0.502957 0.247043 0.25
0.0385704 0.96143 0
0.317375 0.303858 0.378767
0.306766 0.181929 0.511305
0.23257 0.458525 0.308905
0.848301 0.151699 0
0.167436 1.85891e-17 0.832564
0.684928 0.0207253 0.294346
0.487584 0.0961677 0.416248
0.0741133 0.411838 0.514049
0.396834 0.265893 0.337273
0.733855 0.266145 0
0.11571 0.88429 0
0.353987 3.93005e-17 0.646013
0.33678 0.106915 0.556306
0.231599 0.768401 0
0.0665548 0.292039 0.641406
0.695656 0.304344 0
0.541791 0.458209 0
0.436584 0.178498 0.384917
0.106718 0.334295 0.558987
0.810213 0.189787 0
0.962139 0.0378615 0
0.886361 0.113639 0
0.0229538 0.495955 0.481091
0.125249 0.555372 0.319379
0.640565 7.1117e-17 0.359435
0.154327 0.845673 0
0.0703418 0.0700639 0.859594
0.416992 0.0810853 0.501923
0.293691 0.0484256 0.657883
0.190329 0.295016 0.514655
0.483189 0.0323386 0.484473
0 0.166359 0.833641
0.657243 0.342757 0
0.227319 0.215714 0.556967
0.352924 0.224355 0.422722
0.503096 0.496904 0
0.0771105 0.922889 0
0.113832 0.45198 0.434188
0.618861 0.381139 0
0.0599362 0.690064 0.25
3.71775e-17 0.66973 0.33027
0.0296068 0.0287678 0.941625
0.162581 0.490665 0.346754
0.190211 0.0434936 0.766295
