0.169337 0.262729 0.567934
0.207147 0.412319 0.380535
0.361762 0.0478982 0.59034
0.298107 0.252158 0.449734
0.122045 0.3432 0.534754
0.213191 0.183775 0.603035
0.495225 0.1952 0.309575
0.124465 0 0.875535
0.202949 0.797051 0
3.16434e-17 0.570035 0.429965
0.403866 0.596134 0
0.2741 3.04312e-17 0.7259
0.363892 0.636108 0
0.682901 0.317099 0
2.56325e-17 0.461752 0.538248
0.633418 7.03235e-17 0.366582
0.841656 0.158344 0
0.0292239 0.105317 0.865459
0.166527 0.376586 0.456888
5.55114e-17 1 0
0.75 8.32667e-17 0.25
0.453619 0.296381 0.25
0.608836 0.0647494 0.326414
0.257643 0.215303 0.527054
0.305182 0.132068 0.56275
0.353634 3.92612e-17 0.646366
0.920864 0.0791363 0
0.483799 0.516201 0
0.0350159 0.277461 0.687523
0.461014 0.159623 0.379363
0.245865 0.44597 0.308165
0.526256 0.223744 0.25
0.0556292 0.00861971 0.935751
0.290813 0.0461783 0.663009
0.430502 0.117971 0.451528
1.36824e-17 0.246479 0.753521
0.69007 0.019803 0.290127
0.643202 0.356798 0
0.12692 0.227564 0.645516
0.297311 0.369942 0.332747
0.122044 0.877956 0
0.101047 0.648953 0.25
3.56849e-17 0.642839 0.357161
0.101475 0.0637175 0.834808
0.21378 0.0558021 0.730418
0.722589 0.277411 0
0.283616 0.716384 0
0.211397 0.297006 0.491597
0.243329 0.756671 0
0.162568 0.837432 0
0.0646602 0.147646 0.787694
0.122385 0.457914 0.419701
0.205904 0.544096 0.25
0.563605 0.436395 0
0.512942 0.0744999 0.412558
0.254365 0.109112 0.636523
0.0285266 0.39105 0.580423
0.762306 0.237694 0
4.3002e-18 0.0774651 0.922535
0.344342 0.168235 0.487422
0.082737 0.307744 0.609519
4.16335e-17 0.75 0.25
0.277105 0.472895 0.25
0.483869 0.024725 0.491406
0.381486 0.206731 0.411782
0.062741 0.605756 0.331503
0.443905 0.556095 0
1.94238e-17 0.349887 0.650113
0.881285 0.118715 0
0.0899543 0.191291 0.718755
0.0814066 0.918593 0
1 0 0
0.139008 0.577795 0.283197
0.394739 0.084168 0.521093
0.193405 0 0.806595
0.323869 0.676131 0
0.031532 0.502177 0.466291
0.0407179 0.959282 0
0.253941 0.333051 0.413009
0.653803 0.0961971 0.25
0.801983 0.198017 0
0.585177 0.15296 0.261864
0.167612 0.496267 0.336121
0.603451 0.396549 0
0.348307 0.401693 0.25
0.339456 0.291288 0.369257
0.418965 0.248479 0.332556
0.441802 4.90498e-17 0.558198
0.140915 0.0984101 0.760675
0.523719 0.476281 0
0.0870095 0.534299 0.378692
0.96046 0.0395397 0
0.543202 0.112187 0.344611
0.0271768 0.68947 0.283353
0.173663 0.143011 0.683325
0.0810339 0.420798 0.498169
0.383993 0.333336 0.282671
9.85836e-18 0.177592 0.822408
0.558363 6.19908e-17 0.441637
2.19642e-17 5.79137e-18 1
