0.462684 0.0343979 0.502918
0.924545 0.0754554 0
0.642366 0.107633 0.25
4.31429e-17 1.23682e-17 1
0.0846787 0.500168 0.415153
0.262582 0.314414 0.423003
0.0864176 0.387623 0.52596
0.620651 0.379349 0
0.205251 0.50373 0.291019
0.595187 0.0553321 0.349481
0.428304 0.571696 0
0.52458 5.82401e-17 0.47542
2.98227e-21 0.286475 0.713525
0.422494 4.69063e-17 0.577506
0.0782797 0.92172 0
0.308278 0.112729 0.578993
0.0256829 0.0394967 0.93482
0.0908936 1.00912e-17 0.909106
0.464102 0.285898 0.25
0.105834 0.167002 0.727164
0.175012 0.460852 0.364136
0.308696 0.353369 0.337935
0.773171 0.226829 0
0.305209 0.237235 0.457556
0.123638 0.537861 0.338501
0.0777625 0.255033 0.667205
0.132055 0.307925 0.56002
0.0249745 0.216354 0.758672
0.347783 0.279109 0.373108
0.0784052 0.607813 0.313782
0.75 8.32667e-17 0.25
0.15641 0.84359 0
0.195355 0.804645 0
0.505523 0.494477 0
0.426265 0.243565 0.330171
0.389621 0.610379 0
0.267543 0.0754863 0.65697
0.128602 0.425773 0.445625
0.46692 0.53308 0
0.0284874 0.578807 0.392705
0.273181 0.726819 0
0.81109 0.18891 0
0.469607 0.164211 0.366182
0.575177 0.174823 0.25
0.350949 0.649051 0
0.147116 0.203096 0.649788
0.96228 0.03772 0
5.55112e-17 1 0
1 0 0
0.735176 0.264824 0
0.543964 0.456036 0
0.549309 0.129073 0.321617
0.658849 0.341151 0
5.81235e-18 0.104706 0.895294
0.226801 0.156759 0.61644
0.117367 0.882633 0
0.188779 0.116327 0.694894
0.219697 0.27514 0.505163
0.0391589 0.960841 0
0.264443 0.196364 0.539193
0.149708 0.0808403 0.769451
0.10251 0.647489 0.25
0.352865 0.0231251 0.62401
0.384704 0.077753 0.537543
0.685097 0.0427624 0.27214
0.234277 0.0242114 0.741512
0.305057 3.38681e-17 0.694943
0.3121 0.6879 0
0.848986 0.151014 0
0.220954 0.389196 0.38985
0.187942 2.08658e-17 0.812058
0.429221 0.117541 0.453238
0.507899 0.214527 0.277574
0.0695462 0.123892 0.806562
0 0.433377 0.566623
0.2648 0.485199 0.25
0.0344793 0.468845 0.496676
0.886801 0.113199 0
0.393088 0.326214 0.280698
0.274885 0.425079 0.300037
0.0299347 0.690242 0.279823
0.234274 0.765726 0
0.346677 0.157354 0.495969
0.582317 0.417683 0
0.509225 0.0825372 0.408238
0.173222 0.576778 0.25
0.110176 0.0417916 0.848032
0.66298 7.36056e-17 0.33702
0.38789 0.198766 0.413344
4.16333e-17 0.75 0.25
2.98861e-17 0.53838 0.46162
0.581783 0.00137153 0.416845
3.59528e-17 0.647667 0.352333
0.174598 0.350331 0.475071
0.697009 0.302991 0
1.99768e-17 0.359871 0.640129
9.60845e-18 0.17309 0.82691
0.0591383 0.333229 0.607633
0.176943 0.23937 0.583687
0.354288 0.395711 0.25
