0.273983 0.126034 0.599983
0.235983 1.04798e-16 0.764017
0.0164997 0.133476 0.850024
0.443487 0.273035 0.283479
0.344352 0.405648 0.25
3.60295e-17 0.64905 0.35095
0.3479 0.204054 0.448047
0.19689 0.0688525 0.734258
0.309596 0.165564 0.52484
0.75 8.32667e-17 0.25
0.916431 0.0835687 0
0.374727 0.625273 0
0.249564 0.750436 0
0.032189 0.40589 0.561921
0.791265 0.208735 0
0.151496 0.456859 0.391644
0.299383 0.288314 0.412303
0.44048 0.0280557 0.531465
1 0 0
0.624801 0.375199 0
5.19106e-18 7.80757e-17 1
0.474315 0.1951 0.330585
0.432187 0.158057 0.409756
0.583178 0.416822 0
0.355019 0.306338 0.338643
0.0743597 0.0456159 0.880024
0.0987812 0.0957206 0.805498
0.0719155 0.440852 0.487232
0.277306 0.446641 0.276053
0.499829 0.500171 0
0.515241 0.115659 0.3691
0.0395047 0.300001 0.660494
0.262957 0.247018 0.490025
0.0277662 0.578084 0.39415
0.327064 0.0361725 0.636764
0.510573 5.6685e-17 0.489427
0.291295 0.708705 0
0.399845 4.43917e-17 0.600155
0.666395 0.333605 0
0.0931929 0.219895 0.686912
0.0560537 6.22321e-18 0.943946
0.707996 0.292004 0
0.299646 9.98022e-17 0.700354
0.458148 0.541852 0
0.16892 0.0353991 0.795681
0.223756 0.208572 0.567672
0.198381 0.480339 0.32128
0.207897 0.792103 0
0.590985 0.0784324 0.330583
4.16334e-17 0.75 0.25
0.832965 0.167035 0
0.621939 0.128061 0.25
0.174048 0.398231 0.427721
0.127565 0.36595 0.506485
0.472387 0.0782305 0.449382
0.239874 0.0902831 0.669842
0.671833 0.0103106 0.317857
0.553039 0.0287222 0.418239
0.35648 0.0819322 0.561588
0.55523 0.164051 0.280719
0.74962 0.25038 0
0.0830905 0.493169 0.42374
0.0830973 0.916903 0
0.144119 0.138793 0.717087
2.63142e-17 0.474035 0.525965
0.515442 0.234558 0.25
0 0.201977 0.798023
0.0882087 0.328906 0.582885
0.247487 0.386025 0.366488
2.05332e-17 0.369893 0.630107
0.874669 0.125331 0
0.684695 0.0627318 0.252573
0.316787 0.366307 0.316905
0.618919 6.87138e-17 0.381081
0.0649493 0.174419 0.760632
0.141618 1.57228e-17 0.858382
1.50685e-17 0.271451 0.728549
0.416437 0.583563 0
0.392124 0.236632 0.371244
0.0330958 0.69009 0.276814
0.333001 0.666999 0
5.55112e-17 1 0
0.0761458 0.606926 0.316928
0.134987 0.252668 0.612345
0.9582 0.0418004 0
0.124667 0.875333 0
0.23328 0.51672 0.25
0.393482 0.118875 0.487643
0.117737 0.534755 0.347508
0.0415506 0.958449 0
0.16625 0.83375 0
0.220641 0.32807 0.451289
0.541501 0.458499 0
0.412351 0.337649 0.25
0.184876 0.171937 0.643187
4.51149e-18 0.0812717 0.918728
0.177568 0.288879 0.533552
0.107129 0.642871 0.25
0.164704 0.572002 0.263294
3.00049e-17 0.540521 0.459479
