0.836781 0.163219 0
0.503957 0.185552 0.310491
0.167377 0.0784038 0.754219
1 0 0
0.320596 0.230017 0.449386
0.315686 0.684314 0
0.556124 0.104127 0.339749
0.277405 0.314987 0.407608
0.118203 0.881797 0
0.0772961 0.355073 0.567631
0.169109 0.556515 0.274376
0.877591 0.122409 0
0.276124 0.723876 0
0.112564 0.398405 0.489032
0.0276535 0.0314818 0.940865
0.4399 0.0958733 0.464227
0.236544 0.763456 0
0.412933 0.0441784 0.542888
0.0798052 0.239781 0.680414
0.553484 6.14491e-17 0.446516
0.02618 0.323142 0.650678
0.140637 0.0274593 0.831904
0.75 8.32667e-17 0.25
0.388318 8.6224e-17 0.611682
0.208955 2.31987e-17 0.791045
0.208229 0.111746 0.680025
0 0 1
0.163896 0.194957 0.641147
0.755842 0.244158 0
0.320046 1.06597e-16 0.679954
0.0271746 0.604542 0.368284
0.595769 0.0307569 0.373474
0.15409 0.437638 0.408271
0.0999933 0 0.900007
0.35527 0.64473 0
0.796225 0.203775 0
0.512512 0.0660577 0.42143
3.70813e-17 0.667998 0.332002
9.69269e-18 0.174608 0.825392
0.251605 0.0252593 0.723136
0.197053 0.802947 0
0.959119 0.0408813 0
5.7634e-18 0.103824 0.896176
0.10973 0.519177 0.371093
0.123637 0.626363 0.25
0.651116 0.098884 0.25
0.237542 0.398564 0.363895
4.16334e-17 0.75 0.25
0.430906 0.235837 0.333257
0.0626553 0.0782338 0.859111
0.290746 0.0680922 0.641162
0.240323 0.272864 0.486813
5.55112e-17 1 0
0.675103 0.324897 0
0.285108 0.187096 0.527797
0.397313 0.187409 0.415279
0.0393864 0.960614 0
0.483119 1.07274e-16 0.516881
0.315651 0.357203 0.327146
0.434817 0.565183 0
0 0.392731 0.607269
0.0715358 0.478871 0.449593
0.635069 0.364931 0
0.0536014 0.684592 0.261806
0.201868 0.233528 0.564604
0.590504 0.141865 0.26763
0.332747 0.0970203 0.570233
0.03231 0.208472 0.759218
0.918393 0.0816074 0
0.656034 7.28344e-17 0.343966
0.554549 0.445451 0
0.157632 0.842368 0
0.364644 0.140404 0.494952
0.0906474 0.587174 0.322179
0.471895 0.145394 0.382711
3.15453e-17 0.56827 0.43173
0.247284 0.149742 0.602974
0.356941 0.275746 0.367313
0.238522 0.511478 0.25
0.122169 0.160583 0.717248
0.685647 0.0346272 0.279726
0.514494 0.485506 0
0.11711 0.277535 0.605355
1.55427e-17 0.279993 0.720007
0.464067 0.285933 0.25
0.353392 0.396608 0.25
0.28251 0.442341 0.275149
0.0269154 0.436663 0.536421
0.0871372 0.122144 0.790719
0.715459 0.284541 0
0.474532 0.525468 0
0.536094 0.213906 0.25
0.594569 0.405431 0
0.394924 0.605076 0
0.397089 0.324524 0.278388
0.196634 0.356934 0.446432
0.158534 0.31577 0.525697
2.78984e-17 0.502573 0.497427
0.0787928 0.921207 0
0.19497 0.476728 0.328302
