0.154907 0.150505 0.694588
0.169073 0.499976 0.330951
0.283362 0.263307 0.453331
0.324201 0.306958 0.368841
0.0636833 0.606806 0.329511
0.222685 2.4723e-17 0.777315
1 0 0
0.186333 0.813667 0
0.405153 0.138088 0.456759
2.57719e-17 0.464265 0.535735
0.265777 0.0311601 0.703063
0.443105 0.186434 0.370461
0.08787 0.53721 0.37492
0.0313308 0.505469 0.4632
0.285439 0.385479 0.329082
0.0241567 0.393887 0.581957
0.285145 0.138021 0.576835
5.9148e-18 0.106552 0.893448
1.27132e-17 0.229021 0.770979
0.570707 0.0682184 0.361074
0.489983 0.510017 0
0.413287 0.586713 0
0.841217 0.158783 0
0.670589 7.44504e-17 0.329411
0.723026 0.276974 0
0.413454 4.59026e-17 0.586546
0.960253 0.0397474 0
0.161914 0.384329 0.453757
9.25864e-17 7.3947e-17 1
0.24259 0.222242 0.535168
0.0223663 0.276788 0.700846
0.399523 0.269237 0.33124
0.375193 0.624807 0
5.55112e-17 1 0
0.64481 0.35519 0
3.17849e-17 0.572587 0.427413
0.536835 0.213165 0.25
0.880767 0.119233 0
0.602082 6.68445e-17 0.397918
0.801648 0.198352 0
0.762178 0.237822 0
0 0.347383 0.652617
0.19897 0.185958 0.615072
0.112335 0.230978 0.656687
0.212843 0.537157 0.25
0.43786 0.31214 0.25
0.111522 0.888478 0
0.154398 0.0216939 0.823908
0.475849 0.237138 0.287013
0.241067 0.105386 0.653547
0.920516 0.079484 0
0.075906 0.308863 0.615231
0.104783 1.16333e-17 0.895217
0.567057 0.432943 0
0.75 8.32667e-17 0.25
0.368521 0.354139 0.27734
0.523796 0.14544 0.330764
0.20067 0.304439 0.49489
0.0185091 0.159227 0.822263
0.121291 0.462672 0.416038
0.254316 0.468117 0.277567
0.336654 0.0493459 0.614
0.0720668 0.0742282 0.853705
0.440966 0.0498422 0.509192
0.1431 0.578865 0.278035
0.243369 0.344335 0.412296
0.158604 0.26621 0.575186
0.482095 0.104881 0.413025
0.0740003 0.190464 0.735535
0.148839 0.851161 0
0.689147 0.0608532 0.25
0.528739 0.0314341 0.439827
0.206261 0.424739 0.369
0.0284007 0.689837 0.281762
0.683684 0.316316 0
0.337278 0.662722 0
0.595068 0.154932 0.25
0.45168 0.54832 0
0.528429 0.471571 0
0.261558 0.738442 0
0.108849 0.111956 0.779195
0.101891 0.648109 0.25
0.325222 0.424778 0.25
0.0296498 0.0314179 0.938932
0.323824 0 0.676176
0.605842 0.394158 0
0.187297 0.0753271 0.737376
0.36347 0.222798 0.413732
0.366523 0.0946139 0.538863
0.299382 0.700618 0
0.324501 0.179602 0.495896
0.0743695 0.92563 0
4.16334e-17 0.75 0.25
0.223869 0.776131 0
0.115423 0.347659 0.536919
0.620889 0.0907715 0.28834
0.502396 5.57771e-17 0.497604
0.0787223 0.424534 0.496744
3.57846e-17 0.644639 0.355361
0.0371682 0.962832 0
