0.0344999 0.0262096 0.93929
7.94643e-17 3.80241e-18 1
4.16334e-17 0.75 0.25
1 0 0
0.675968 0.324032 0
0.688962 0.0323393 0.278699
0.367582 0.336799 0.295619
0.555305 0.444695 0
0.0128277 0.421031 0.566141
0.469764 1.04309e-16 0.530236
0.19686 0.80314 0
0.297225 3.29986e-17 0.702775
0.115124 0.634876 0.25
0.0227219 0.199804 0.777474
0.270051 0.381298 0.348651
0.315761 0.684239 0
5.55112e-17 1 0
0.2044 0 0.7956
8.98827e-18 0.161918 0.838082
0.0949688 0.474186 0.430846
5.32922e-18 0.0960027 0.903997
0.646763 7.18052e-17 0.353237
0.59539 0.40461 0
0.104307 5.7902e-17 0.895693
0.489218 0.085935 0.424847
0.242836 0.507164 0.25
0.918885 0.0811152 0
0.278965 0.260329 0.460706
0.0595199 0.548995 0.391485
0.36522 0.0870625 0.547717
0.164852 0.259522 0.575626
0.75 8.32667e-17 0.25
0.40209 0.134658 0.463251
0.395226 0.604774 0
0.399901 8.87958e-17 0.600099
0.291989 0.433224 0.274786
0.212909 0.467883 0.319208
0.231505 0.343646 0.424849
0.040803 0.68734 0.271857
0.403343 0.257297 0.33936
0.173997 0.127112 0.698891
0.0895894 0.301524 0.608886
0.157424 0.842576 0
0.574344 0.0312234 0.394432
0.220879 0.0437061 0.735415
2.10917e-17 0.379954 0.620046
0.643092 0.106908 0.25
0.11945 0.10134 0.779211
0.0393193 0.960681 0
0.513743 0.236257 0.25
0.361156 0.218 0.420844
0.959443 0.0405571 0
0.14445 0.389515 0.466035
0.443046 0.170136 0.386817
0.480239 0.207009 0.312752
0 0.582243 0.417757
0.603801 0.0782639 0.317935
0.181114 0.427518 0.391368
0.136199 0.210163 0.653639
0.146351 0.0296539 0.823995
0.0187223 0.322153 0.659125
0.105741 0.353789 0.540471
0.193958 0.304494 0.501547
0.837825 0.162175 0
0.0834952 0.597742 0.318763
0.244355 0.216348 0.539298
0.527817 0.124531 0.347652
0.173427 0.562743 0.26383
0.323666 0.174218 0.502116
0.716366 0.283634 0
0.571749 0.166553 0.261698
0.44048 0.0592888 0.500231
0.515119 0.484881 0
0.09301 0.168336 0.738654
0.35022 0.39978 0.25
0 0.270117 0.729883
0.0570189 0.439103 0.503878
0.319203 0.301225 0.379572
0.332748 0.035642 0.63161
3.62966e-17 0.653861 0.346139
0.53984 5.99342e-17 0.46016
0.236344 0.763656 0
0.137225 0.513999 0.348775
0.635598 0.364402 0
0.44241 0.30759 0.25
0.289714 0.127919 0.582367
0.211431 0.170998 0.617571
0.435061 0.564939 0
0.0684601 0.0782894 0.85325
0.276081 0.723919 0
0.474953 0.525047 0
0.0670556 0.244013 0.688931
0.117963 0.882037 0
0.878344 0.121656 0
0.0786616 0.921338 0
0.756811 0.243189 0
0.355508 0.644492 0
0.253952 0.0864074 0.65964
0.797318 0.202682 0
2.83452e-17 0.510621 0.489379
