0.888184 0.111816 0
0.442295 0.294587 0.263118
0.314601 0.290623 0.394776
0.603399 0.0767421 0.319859
0.445753 0.162166 0.392082
0 0.392668 0.607332
0.850776 0.149224 0
0.375938 0.0786043 0.545458
0.197911 0.802089 0
0.296204 0.114658 0.589138
0.262426 0.487574 0.25
0.0809578 0.592669 0.326373
0.174902 0.236781 0.588317
0.529185 0.119065 0.35175
0 0 1
0.116446 0.0836586 0.799895
0.209594 0.283932 0.506475
0.623951 0.376049 0
0.237314 0.762686 0
5.55112e-17 1 0
0.574588 0.0247559 0.400656
0.432385 0.567615 0
0.571109 0.165668 0.263223
1.06512e-17 0.191875 0.808125
0.158445 0.841555 0
0.0578272 0.541233 0.40094
0.513324 0.236676 0.25
0.509097 0.490903 0
0.312257 3.46675e-17 0.687743
0.460053 0.0267464 0.513201
0.131744 0.496017 0.372239
0.0354062 0.686105 0.278489
0.0717071 0.354981 0.573312
0.0855779 0.462783 0.451639
0.700117 0.299883 0
0.0125719 0.322759 0.664669
0.192263 0.0399596 0.767777
0.0846341 0.157457 0.757909
0.393609 0.606391 0
1.4681e-17 0.26447 0.73553
0.311742 0.418132 0.270126
0.135853 0.193908 0.670238
0.470834 0.529166 0
0.417598 9.27254e-17 0.582402
0.547654 0.452346 0
0.642553 0.107447 0.25
0.14531 0.319104 0.535585
0.813234 0.186766 0
0.0971603 0.278059 0.624781
0 0.500674 0.499326
0.109306 0.640694 0.25
0.267674 0.375541 0.356785
0.285093 0.245396 0.469512
0.962784 0.0372164 0
0.315703 0.684297 0
0.345409 0.0303957 0.624195
0.185898 0.564102 0.25
0.0586854 0 0.941315
0.775637 0.224363 0
0.124385 0.388637 0.486979
0.401084 0.249441 0.349475
0.75 8.32667e-17 0.25
4.60463e-18 0.0829497 0.91705
0.2196 0.45347 0.326929
0.0615772 0.232196 0.706226
0.0303043 0.122939 0.846757
0.160415 0.534796 0.304789
0.11888 0.88112 0
0.354706 0.645294 0
0.530123 5.88554e-17 0.469877
3.59517e-17 0.647647 0.352353
0.491231 0.0787569 0.430012
0.227172 0.336599 0.436229
0.0859222 0.0366478 0.87743
0.365929 0.204732 0.429339
0.24937 8.30569e-17 0.75063
0.737999 0.262001 0
4.16334e-17 0.75 0.25
0.412495 0.117501 0.470003
0.157056 5.23102e-17 0.842944
1 0 0
0.215012 0.154211 0.630777
0.66218 0.33782 0
0.176829 0.41617 0.407001
0.0793455 0.920655 0
3.18711e-17 0.574138 0.425862
0.0396746 0.960325 0
0.276534 0.723466 0
0.645767 7.16945e-17 0.354233
0.58585 0.41415 0
0.331288 0.160689 0.508023
0.256986 0.0741215 0.668893
0.350803 0.329931 0.319266
0.383686 0.366314 0.25
0.688792 0.0322 0.279008
0.0313868 0.432694 0.535919
0.925474 0.0745264 0
0.481114 0.201483 0.317403
0.170147 0.115043 0.71481
0.25244 0.198384 0.549176
