0.245229 0.337184 0.417587
3.55379e-17 0.640187 0.359813
0.156375 0.843625 0
0.0243742 0.240716 0.73491
0.077633 0.270166 0.652201
0.177855 0.491154 0.33099
0.812881 0.187119 0
0.374754 0.0337795 0.591467
0.11725 0.88275 0
0.775295 0.224705 0
0.15773 0.379624 0.462646
0.289386 0.375396 0.335218
0.391433 0.608567 0
0.749999 8.32666e-17 0.250001
0.0148941 0.0471128 0.937993
0.108842 0.53686 0.354298
4.16337e-17 0.749999 0.250001
0.423753 0.246001 0.330246
0.369075 0.323231 0.307694
0.137633 0.282116 0.580251
0.258417 0.458013 0.28357
0.1542 0.57743 0.268371
0.666839 7.4034e-17 0.333161
3.28132e-17 0.196117 0.803883
6.93619e-17 2.70845e-20 1
0.206467 0.0185812 0.774952
0.597366 0.0312041 0.37143
0.287739 0.256357 0.455904
0.157313 1.74653e-17 0.842687
0.623314 0.376686 0
0.512552 0.0816984 0.405749
0.324108 0.126486 0.549406
0.430279 0.569721 0
0.255694 0.170477 0.57383
0.0589341 0.0913535 0.849712
0.169067 0.214762 0.616171
0.116905 0.189485 0.69361
0.273944 0.726056 0
0.585677 0.164322 0.250001
0.206695 0.416696 0.376609
0.234744 0.765256 0
0.661391 0.338609 0
0.699448 0.300552 0
0.584881 0.415119 0
0.689978 0.0600215 0.250001
0.013865 0.494503 0.491632
0.925359 0.0746411 0
5.55118e-17 1 0
0.194582 0.306981 0.498436
0.0781262 0.921874 0
1.74662e-17 0.314634 0.685366
0.162222 0.105083 0.732695
0.0263256 0.689484 0.28419
0.0890804 9.88991e-18 0.91092
0.0702696 0.605958 0.323772
0.546316 0.453684 0
0.232011 0.235453 0.532536
0.626294 0.0902192 0.283487
0.313087 0.686913 0
0.243581 0.0640388 0.69238
0.962737 0.0372632 0
0.446116 4.95289e-17 0.553884
0.401068 0.0841629 0.51477
0.400383 0.349616 0.250001
0.43146 0.125299 0.443241
0.340594 0.176079 0.483327
0.291342 0.0868005 0.621857
0.473435 0.276564 0.250001
0.850485 0.149515 0
2.42874e-17 0.437518 0.562482
0.32729 0.42271 0.250001
0.484675 0.0298145 0.48551
3.31778e-17 0.566699 0.433301
0.556702 6.18063e-17 0.443298
0.468697 0.167215 0.364088
0.507715 0.492285 0
0.0390683 0.960932 0
0.221799 0.5282 0.250001
0.514337 0.207922 0.277742
0.352289 0.647711 0
0.737199 0.262801 0
0.549147 0.12144 0.329412
0.887882 0.112118 0
0.117582 0.45458 0.427838
1 0 0
0.381165 0.209838 0.408997
0.101762 0.648237 0.250001
0.103055 0.345024 0.551921
0.342507 0 0.657493
7.2329e-20 0.121294 0.878706
0.273917 3.04109e-17 0.726083
0.331012 0.289633 0.379355
0.124304 0.0658685 0.809828
0.0731934 0.414552 0.512255
0.205039 0.140577 0.654384
0.0791796 0.15106 0.769761
0.0648536 0.521441 0.413706
0.0206624 0.366757 0.61258
0.195554 0.804446 0
0.469004 0.530996 0
