0.07079 0.0758634 0.853347
0.101817 0.648183 0.25
0.117379 0.882621 0
0.393703 0.606297 0
2.58512e-17 0.465689 0.534311
0.553459 0.446541 0
0.0231323 0.279237 0.697631
0.503615 0.246385 0.25
0.374613 0.122167 0.503219
0.42376 0.0349614 0.541278
0.494395 5.48889e-17 0.505605
0.235373 0.764627 0
5.55117e-17 1 0
0.281863 0.161612 0.556526
0.46543 0.196557 0.338013
0.209182 0.31023 0.480589
0.246671 0.235592 0.517737
0.150925 0.024812 0.824263
0.653146 7.25138e-17 0.346854
0.183295 0.0783891 0.738316
0.26963 0.48037 0.25
0.112012 0.353787 0.534201
3.58727e-17 0.646218 0.353782
0.0290072 0.690022 0.280971
0.406647 0.343353 0.25
4.16338e-17 0.75 0.25
0.383295 0.234742 0.381963
0.26101 0.0265687 0.712421
0.47348 0.52652 0
0.156718 0.843282 0
0.714736 0.285264 0
0.350927 0.30851 0.340562
0.354061 0.645939 0
0.795868 0.204132 0
6.35548e-19 2.712e-17 1
0.633857 0.366143 0
0.267266 0.34369 0.389044
1 0 0
0.877421 0.122579 0
0.29957 0.0670079 0.633422
2.98438e-17 0.537612 0.462388
0.755165 0.244835 0
0.959075 0.0409249 0
0.327108 1.08949e-16 0.672892
0.596545 0.0720231 0.331432
0.333532 0.196859 0.46961
0.337379 0.088902 0.573719
0.161025 0.460637 0.378338
0.078199 0.921801 0
0.112982 0.236317 0.650701
0.308123 0.381512 0.310365
0.0292071 0.576282 0.394511
0.0762817 0.312206 0.611512
0.338232 0.411768 0.25
1.28686e-17 0.231817 0.768183
0.028897 0.0322938 0.938809
0.274958 0.725042 0
0.0780852 0.607555 0.31436
1.93674e-17 0.348889 0.651111
0.198488 0.19582 0.605692
0.75 8.32667e-17 0.25
0.0729614 0.19454 0.732499
0.196018 0.803982 0
0.83659 0.16341 0
0.588364 6.53215e-17 0.411636
0.160863 0.274217 0.56492
0.151349 0.157176 0.691475
0.433608 0.566392 0
0.132842 0.404216 0.462942
0.218225 0 0.781775
0.531258 0.037864 0.430878
0.104041 0 0.895959
0.1061 0.115916 0.777984
0.674151 0.325849 0
0.0834327 0.493411 0.423156
5.9643e-18 0.107442 0.892558
0.0224375 0.396366 0.581197
0.314466 0.685534 0
0.419827 0.158631 0.421543
0.0390845 0.960915 0
0.172376 0.577624 0.25
0.194819 0.379818 0.425363
0.455125 0.0815675 0.463307
0.513357 0.486643 0
0.504146 0.112768 0.383086
0.20182 0.509009 0.289171
0.394145 4.37589e-17 0.605855
0.645398 0.104602 0.25
0.574532 0.175468 0.25
0.0626676 0.438298 0.499034
0.229913 0.116637 0.65345
0.235048 0.42692 0.338032
0.593584 0.406416 0
0.120623 0.537717 0.341661
0.543153 0.147825 0.309023
0.918231 0.0817694 0
0.687664 0.0349659 0.27737
0.43362 0.275866 0.290514
0.0169191 0.162004 0.821077
0.297834 0.271377 0.430789
