0.0387288 0.961271 0
0.221595 0.0455825 0.732822
0.472476 0.0960022 0.431521
0.457713 0.542287 0
0.101999 1.13242e-17 0.898001
0.20598 0 0.79402
0.624229 0.0276132 0.348158
0.964642 0.0353583 0
0.253895 0.0881293 0.657976
0.129492 0.340834 0.529674
0.510497 5.66765e-17 0.489503
0 0.582536 0.417464
0.420172 0.579828 0
0.0256134 0.155125 0.819261
0.641446 0.358554 0
0.474341 0.240461 0.285198
0.119529 0.593934 0.286537
0.507477 0.153032 0.339491
0.858054 0.141946 0
0.154411 0.845589 0
0.319105 0.430895 0.25
1.8458e-17 0.332509 0.667491
1.00926e-16 1.0096e-17 1
0.408218 4.53212e-17 0.591782
0.269059 0.730941 0
0.435922 0.185926 0.378151
1.24643e-17 0.224536 0.775464
0.687805 7.63617e-17 0.312195
0.206028 0.302182 0.49179
0.580354 6.44322e-17 0.419646
0.75 8.32667e-17 0.25
0.148214 0.0289106 0.822876
0.677952 0.322048 0
0.169318 0.133379 0.697303
0.299795 3.32839e-17 0.700205
0.118187 0.473832 0.407981
0.822472 0.177528 0
0.115913 0.884087 0
0.197547 0.552453 0.25
0.893559 0.106441 0
0.397279 0.270778 0.331943
0.337056 0.0334151 0.629529
0.203077 0.433484 0.363439
2.24961e-17 0.405253 0.594747
0.0330407 0.514665 0.452295
0.360437 0.222847 0.416717
0.344823 0.655177 0
0.159956 0.512509 0.327536
0.165398 0.258503 0.576099
0.283895 0.262841 0.453264
0.365887 0.358499 0.275614
0.786854 0.213146 0
5.55114e-17 1 0
0.494691 0.505309 0
0.605108 0.394892 0
0.0818262 0.181617 0.736556
0.540084 0.209916 0.25
0.281471 0.391895 0.326633
3.59649e-17 0.647884 0.352116
0.568519 0.431481 0
0.672637 0.0751758 0.252187
0.43575 0.31425 0.25
0.207011 0.174617 0.618373
0.192591 0.807409 0
0.322398 0.310048 0.367554
0.12207 0.104102 0.773828
0.36574 0.0873163 0.546943
0 0.477869 0.522131
0.400386 0.134229 0.465385
0.242885 0.348042 0.409072
0.306934 0.693066 0
0.029256 0.684386 0.286358
0.245769 0.217072 0.537159
0.0835346 0.298447 0.618019
0.0948811 0.655119 0.25
0.714596 0.285404 0
0.382773 0.617227 0
0.0724111 0.0756784 0.851911
4.16336e-17 0.75 0.25
0.580309 0.106608 0.313083
1 0 0
0.541007 0.067375 0.391618
0.750946 0.249054 0
0.163664 0.388923 0.447413
0.929201 0.0707991 0
0.323805 0.175993 0.500202
0.0271566 0.0344074 0.938436
6.05703e-18 0.109113 0.890887
0.443405 0.038605 0.51799
0.0317826 0.264052 0.704165
0.230948 0.769052 0
0.531567 0.468433 0
0.0753162 0.55823 0.366454
0.0576426 0.376375 0.565982
0.12248 0.21867 0.65885
0.247601 0.480417 0.271982
0.289067 0.129032 0.581901
0.0773739 0.922626 0
0.607705 0.142295 0.25
0.082893 0.429117 0.48799
