0.543657 0.456343 0
1 0 0
0.14708 0.163747 0.689172
0.233573 0.246547 0.51988
0.10535 0.246021 0.648628
0.672666 7.46809e-17 0.327334
0.0703566 0.0775085 0.852135
0.408565 0.266946 0.324489
0.547546 6.07899e-17 0.452454
0.25939 0.0593603 0.68125
0.772764 0.227236 0
0.0178902 0.288825 0.693285
0 0 1
0.0206867 0.409146 0.570167
0.597434 0.138932 0.263634
0.312128 0.687872 0
0.117505 0.882495 0
0.0619866 0.688013 0.25
5.55112e-17 1 0
0.75 8.32667e-17 0.25
0.156553 0.843447 0
3.71598e-17 0.669411 0.330589
0.329664 0.420336 0.25
0.581916 0.418084 0
0.149873 0.0280756 0.822051
0.658451 0.341549 0
0.0723275 0.323664 0.604008
0.552487 0.197513 0.25
0.310341 0.0892856 0.600373
0.734763 0.265237 0
0.696646 0.303354 0
0.596243 0.0176748 0.386082
0.216722 2.16549e-16 0.783278
0.480074 0.0151073 0.504819
0.197594 0.52916 0.273246
0.195505 0.804495 0
0.283392 0.398522 0.318086
0.0701678 0.200061 0.729772
0.353786 0.0056853 0.640529
0.428247 0.571753 0
0.0663264 0.569102 0.364571
0.239431 0.363501 0.397068
0.182846 0.0829413 0.734213
0.440819 0.0960958 0.463085
0.624673 0.0630862 0.31224
1.30946e-17 0.235891 0.764109
4.16334e-17 0.75 0.25
0.202129 0.446281 0.35159
0.350825 0.649175 0
0.316716 0.206365 0.476919
0.0291546 0.032538 0.938307
3.32361e-17 0.598728 0.401272
0.424627 4.71431e-17 0.575373
0.962194 0.0378062 0
0.353273 0.132645 0.514082
0.261129 0.488871 0.25
0.0391977 0.960802 0
0.270953 0.168314 0.560733
0.490474 0.226731 0.282794
0.151545 0.285879 0.562575
0.234399 0.765601 0
0.364772 0.237281 0.397947
0.0200077 0.529137 0.450855
1.99388e-17 0.359185 0.640815
0.325647 0.319256 0.355097
0.225385 0.130862 0.643753
0.848622 0.151378 0
0.505374 0.494626 0
0.104927 1.04843e-16 0.895073
0.390427 0.062942 0.546631
0.810689 0.189311 0
0.447891 0.302109 0.25
0.156783 0.405522 0.437695
0.28867 3.20488e-17 0.71133
0.0915321 0.618639 0.289829
0.674127 0.0758734 0.25
0.187785 0.208067 0.604148
0.458439 0.179115 0.362447
6.01232e-18 0.108308 0.891692
0.0149769 0.165354 0.819669
0.924391 0.0756093 0
0.404928 0.161624 0.433449
0.110334 0.366426 0.52324
0.38957 0.61043 0
0.466771 0.533229 0
0.107494 0.484636 0.407871
0.375971 0.352973 0.271056
0.510145 0.0774058 0.412449
0.62029 0.37971 0
0.886488 0.113512 0
0.144538 0.518491 0.336972
0.0783442 0.921656 0
0.104401 0.119791 0.775807
0.540131 0.119516 0.340354
0.278942 0.284242 0.436817
0.194556 0.325848 0.479595
2.65909e-17 0.479019 0.520981
0.0736067 0.442636 0.483757
0.273259 0.726741 0
0.157148 0.592852 0.25
