0.0210263 0.568425 0.410549
0.723186 0.276814 0
0.119 0.249818 0.631182
0.132031 0.106635 0.761334
0.5693 6.3205e-17 0.4307
0.802647 0.197353 0
5.55112e-17 1 0
0.353574 3.92546e-17 0.646426
0.523227 0.226773 0.25
0.75 8.32667e-17 0.25
0.394488 0.0290211 0.576491
0.415535 0.334464 0.25
0.238873 2.65203e-17 0.761127
0.122388 0.38129 0.496321
0.683502 0.316498 0
0.342718 0.25543 0.401852
1 0 0
2.07304e-17 0.373445 0.626555
0.193753 0.339843 0.466403
0.039356 0.299008 0.661636
0.292568 0.457432 0.25
0.0730089 0.60073 0.326261
0.692848 0.0571516 0.25
0.762988 0.237012 0
0.423443 0.0821091 0.494448
1.05262e-16 5.75986e-18 1
0 0.095949 0.904051
1.53949e-17 0.27733 0.72267
0.378679 0.297943 0.323378
0.558907 0.125832 0.315261
0.0552165 0.417832 0.526952
0.169468 0.0181017 0.81243
0.921103 0.0788966 0
0.0306328 0.687737 0.28163
0.226284 0.386043 0.387673
0.232333 0.25256 0.515107
0.203736 0.0744325 0.721831
0.0199062 0.219608 0.760486
0.0810032 0.336904 0.582092
0.881657 0.118343 0
0.48346 0.51654 0
0.462882 5.13903e-17 0.537118
0.307772 0.210148 0.48208
0.156791 0.294239 0.54897
0.842156 0.157844 0
0.443267 0.556733 0
0.346656 0.386982 0.266362
0.603768 0.396232 0
0.0763486 0.475434 0.448217
0.151916 0.431903 0.416181
0.0618114 0.140121 0.798068
0.0805682 0.919432 0
0.56374 0.43626 0
0.115342 1.28055e-17 0.884658
0.196628 0.206662 0.59671
0.418639 0.214899 0.366462
0.32259 0.67741 0
0 0.167105 0.832895
0.403051 0.596949 0
0.501309 0.030877 0.467814
0.185761 0.479537 0.334701
0.362841 0.637159 0
0.220608 0.529392 0.25
0.382933 0.169138 0.447929
0.272651 0.16535 0.561998
0.107006 0.642994 0.25
0.0402886 0.959711 0
0.457913 0.263017 0.27907
0.489951 0.175014 0.335035
0.120897 0.879103 0
0.240166 0.116954 0.64288
0.201561 0.798439 0
4.16334e-17 0.75 0.25
0.108987 0.522178 0.368835
3.56322e-17 0.641893 0.358107
0.304341 0.343654 0.352005
0.15353 0.569167 0.277303
0.314402 0.0793125 0.606285
2.89601e-17 0.521698 0.478302
0.5236 0.4764 0
0.671 7.4496e-17 0.329
0.643671 0.356329 0
0.632473 0.0884317 0.279095
0.1642 0.159273 0.676526
2.48455e-17 0.447576 0.552424
0.268315 0.298113 0.433573
0.282278 0.717722 0
0.960547 0.0394533 0
0.59131 0.158689 0.25
0.0922845 0.197091 0.710625
0.528262 0.0833502 0.388388
0.259655 0.427351 0.312994
0.605097 0.0340865 0.360817
0.349513 0.121774 0.528713
0.0410427 0.0216466 0.937311
0.0830401 0.0691267 0.847833
0.241918 0.758082 0
0.284947 0.0247016 0.690351
0.161224 0.838776 0
0.4574 0.125846 0.416754
