0.379902 0.156789 0.463309
0.147451 0.15354 0.699008
0.41086 0.324229 0.264911
0.340815 0.242047 0.417139
8.93626e-18 2.57582e-17 1
0.144557 0.402024 0.453419
0.501107 0.15476 0.344133
0.154484 0.0203996 0.825116
0.633479 0.366521 0
1 0 0
0.363278 0.386722 0.25
0.877204 0.122796 0
0.534823 0.0749206 0.390256
5.82805e-18 0.104989 0.895011
0.75 8.32667e-17 0.25
0.959011 0.0409889 0
0.100114 0.49163 0.408256
0.673154 7.47351e-17 0.326846
0.581281 0.105444 0.313275
0.264861 0.282853 0.452286
3.19573e-17 0.575691 0.424309
1.93864e-17 0.349234 0.650766
0.0705033 0.191201 0.738295
0.0266004 0.517048 0.456352
0.795747 0.204253 0
0.206867 0.484767 0.308366
0.714391 0.285609 0
0.128986 0.538764 0.332251
0.0181068 0.401311 0.580583
0.482789 0.267211 0.25
0.353486 0.646514 0
0.223541 0 0.776459
0.263986 0.155919 0.580095
0.459999 0.112731 0.427269
0.060748 0.689252 0.25
0.614623 0.0314541 0.353923
0.393129 0.606871 0
0.195822 0.804178 0
0.302939 0.198019 0.499042
0.0175555 0.157806 0.824638
0.754959 0.245041 0
0.0781173 0.921883 0
0.545706 0.1964 0.257894
0.235276 0.764724 0
0.307313 0.329331 0.363355
0.069907 0.314417 0.615675
0.185686 0.0738794 0.740435
2.61063e-17 0.470289 0.529711
0.419871 0.0750881 0.505041
0.313928 0.686072 0
0.300142 0.440352 0.259507
0.185516 0.195255 0.619229
0.418325 0.195949 0.385726
0.184718 0.320595 0.494688
0.472817 0.527183 0
0.552924 0.447076 0
0.673893 0.326107 0
4.16334e-17 0.75 0.25
0.340459 3.77985e-17 0.659541
0.456576 5.06901e-17 0.543424
0.270931 0.0220427 0.707026
0.571993 6.3504e-17 0.428007
0.303697 0.0744611 0.621842
1.26116e-17 0.22719 0.77281
0.106952 0.111336 0.781711
0.156498 0.843502 0
0.237669 0.512331 0.25
0.918096 0.0819044 0
0.146993 0.276494 0.576513
0.0390589 0.960941 0
0.265216 0.403318 0.331466
0.593167 0.406833 0
5.55112e-17 1 0
0.224893 0.363033 0.412073
0.274637 0.725363 0
0.117289 0.882711 0
0.104001 0.236278 0.65972
0.104021 0.359082 0.536897
0.0944385 0.624138 0.281424
0.616696 0.133304 0.25
0.0716789 0.0732084 0.855113
0.164854 0.585146 0.25
0.0174454 0.279259 0.703296
0.227257 0.110685 0.662058
0.0713062 0.436931 0.491763
0.104483 0 0.895517
0 0.668132 0.331868
0.387473 0.0226926 0.589835
0.04602 0.592525 0.361455
0.0300065 0.0305123 0.939481
0.432841 0.567159 0
0.683497 0.0615191 0.254984
0.454457 0.232529 0.313014
0.512759 0.487241 0
0.836522 0.163478 0
0.377632 0.285601 0.336766
0.503025 0.0229067 0.474068
0.343455 0.112361 0.544185
0.177783 0.445308 0.376909
0.225287 0.238577 0.536135
