0 0.12781 0.87219
0.474898 0.0294087 0.495693
0.334304 0.0632366 0.602459
0.415432 0.252957 0.331611
0.364828 4.05041e-17 0.635172
0.251445 0.333815 0.41474
0.397299 0.352701 0.25
0.0174041 0.512022 0.470574
0.0715691 0.538794 0.389637
0.169784 0.0263866 0.803829
0.269442 0.730558 0
5.86466e-18 2.18909e-17 1
0.0758083 0.422793 0.501399
0.540521 0.459479 0
0.653441 7.25465e-17 0.346559
0.0806605 0.192393 0.726947
0.585333 0.151452 0.263215
0.647991 0.102009 0.25
0.0383518 0.961648 0
0.202045 0.411729 0.386227
0.694622 0.305378 0
0.158622 0.492597 0.348781
0.378779 0.209721 0.411501
0.338756 0.171569 0.489675
0.251754 0.101725 0.646521
0.506265 0.0790968 0.414638
0.0129366 0.0649238 0.92214
0.294303 0.0157711 0.689926
0.683794 0.0358676 0.280339
0.295534 0.36892 0.335546
0.149635 0.600365 0.25
0.0312152 0.162723 0.806062
0.75 8.32667e-17 0.25
0.333522 0.403514 0.262964
0.207316 0.298993 0.493691
0.296215 0.255498 0.448286
0.202118 0.53282 0.265061
0.34687 0.65313 0
0.923919 0.0760813 0
0.548761 6.09248e-17 0.451239
0.459887 0.160604 0.379509
0.192219 0.807781 0
0.809533 0.190467 0
0.771291 0.228709 0
0.0274318 0.275813 0.696755
0.617676 0.382324 0
0.208179 0.183542 0.60828
2.567e-17 0.460752 0.539248
0.252111 0.219339 0.528551
0.551669 0.111899 0.336431
0.164958 0.263198 0.571844
3.71023e-17 0.668376 0.331624
0.24018 0.445412 0.314408
0.525532 0.224468 0.25
0.0767653 0.923235 0
0.108148 0.568532 0.32332
0.885868 0.114132 0
0.961957 0.0380426 0
0.0748337 0.675166 0.25
0.204897 0.0724291 0.722674
0.436848 9.69997e-17 0.563152
0.0789464 0.306577 0.614477
0.591425 0.0342545 0.374321
0.0652266 7.24161e-18 0.934773
0.153749 0.846251 0
0.273854 0.476146 0.25
0.656213 0.343787 0
0.308205 0.691795 0
0.294221 0.139399 0.56638
0.0808005 0.0777343 0.841465
0.424432 0.575568 0
5.55112e-17 1 0
0.494543 0.194171 0.311286
0.384836 0.0860726 0.529092
0.115294 0.884706 0
0.463188 0.536812 0
0.0550332 0.635548 0.309419
0.230865 0.769135 0
1.92082e-17 0.346024 0.653976
0.423713 0.12098 0.455307
0.119756 0.229389 0.650855
0.385655 0.614345 0
4.16334e-17 0.75 0.25
1 0 0
0.341258 0.296737 0.362005
1.29886e-17 0.233982 0.766018
0.11251 0.46042 0.42707
0.130599 1.44995e-17 0.869401
0.847765 0.152235 0
3.25711e-17 0.586749 0.413251
0.452632 0.288579 0.258789
0.579102 0.420898 0
0.240978 2.6754e-17 0.759022
0.0251598 0.390434 0.584407
0.12128 0.112292 0.766428
0.117472 0.343863 0.538665
0.161375 0.377863 0.460763
0.164514 0.149497 0.685989
0.732929 0.267071 0
0.501896 0.498104 0
