0.191398 0 0.808602
0.665464 0.084536 0.25
0.0900779 0.225508 0.684415
0.254259 0.745741 0
0.078028 0.489528 0.432444
0.306411 0.24317 0.450419
3.4919e-17 0.0873435 0.912656
0.244663 0.154322 0.601015
0.346141 0.403859 0.25
0.380399 0.209698 0.409903
4.16361e-17 0.75 0.25
5.55148e-17 1 0
0.348724 0.288937 0.362339
0.836235 0.163765 0
0.234729 0.407839 0.357432
0.276928 0.453113 0.269959
0.547129 0.452871 0
1 0 0
2.93627e-17 0.528922 0.471078
0.310102 0.366829 0.323069
3.58248e-17 0.645329 0.354671
0.87722 0.12278 0
0.671567 0.328433 0
9.5154e-17 0.326542 0.673458
0.550317 6.10975e-17 0.449683
0.138884 0.265654 0.595462
0.577385 0.0438126 0.378802
0.0681384 0.298763 0.633099
0.959066 0.040934 0
0.0223448 0.375539 0.602117
0.393442 0.334113 0.272446
0.064857 0.127978 0.807165
0.094112 0.354288 0.5516
0.588813 0.411187 0
0.242457 0.271211 0.486331
0.795162 0.204838 0
0.338483 0.661517 0
0.149209 0.0797884 0.771002
0.365214 4.05469e-17 0.634786
2.40699e-19 2.75149e-17 1
0.10954 0.158057 0.732403
0.462418 0.287582 0.25
0.227128 0.522872 0.25
0.686202 0.0207847 0.293014
0.505465 0.217581 0.276953
0.423644 0.249927 0.326429
0.408691 0.0177341 0.573574
0.534998 0.132912 0.33209
0.754082 0.245918 0
0.606804 0.0996431 0.293552
0.198216 0.361313 0.440471
0.505526 0.494474 0
0.0382141 0.453994 0.507791
6.30488e-17 0.216235 0.783765
0.0463478 0.01498 0.938672
0.296409 0.703591 0
0.272359 0.324144 0.403496
0.380317 0.619683 0
0.377295 0.0885453 0.53416
0.573675 0.176325 0.25
0.104964 0.645036 0.25
0.327089 0.172115 0.500796
0.0888122 0.0606961 0.850492
0.422116 0.577884 0
0.219355 0.224058 0.556587
0.630221 0.369779 0
0.169664 0.830336 0
0.118733 0 0.881267
0.498743 0.0902196 0.411037
0.0202878 0.256736 0.722977
0.479478 5.32328e-17 0.520522
0.157982 0.57449 0.267528
0.1672 0.189111 0.643689
0.155929 0.445506 0.398565
0.191352 0.487407 0.321241
0.211921 0.788079 0
0.454533 0.0612584 0.484208
0.0225194 0.574534 0.402947
0.310544 0.112412 0.577043
0.463939 0.536061 0
0.413256 0.135757 0.450987
0.127469 0.872531 0
0.119744 0.403508 0.476748
0.299492 3.32503e-17 0.700508
0.276197 0.0709058 0.652897
0.113118 0.530807 0.356074
2.40141e-17 0.432569 0.567431
0.16841 0.313184 0.518406
0.232989 0.0281872 0.738824
0.0425375 0.957463 0
0.918085 0.0819152 0
0.460139 0.172778 0.367083
0.712861 0.287139 0
0.643199 7.14094e-17 0.356801
0.197152 0.112383 0.690464
0.0736735 0.604861 0.321466
0.000240852 0.15164 0.848119
0.75 8.32667e-17 0.25
0.0850403 0.91496 0
0.0304067 0.689409 0.280184
