5.55112e-17 1 0
0.769149 0.230851 0
0.0159266 0.445697 0.538376
0.572548 0.427452 0
0.602373 0.0671371 0.33049
0.356494 3.95788e-17 0.643506
0.108529 0.270893 0.620578
0.414778 0.218622 0.366599
4.16334e-17 0.75 0.25
0.188121 4.17712e-17 0.811879
0.314367 0.0862506 0.599382
0.0833992 0.916601 0
0.651832 0.348168 0
6.80614e-17 0.391279 0.608721
0.961703 0.0382974 0
0.102214 0.398772 0.499014
0.563968 0.0212157 0.414816
0.254838 0.429207 0.315955
0.148074 0.309417 0.54251
0.154418 0.0700875 0.775494
0.200596 0.0941846 0.705219
0.340936 0.39269 0.266375
0.409481 0.340519 0.25
0.525067 5.82942e-17 0.474933
0.165831 0.584169 0.25
0.125069 0.874931 0
0.371974 0.628026 0
0.846465 0.153535 0
0.143833 0.439046 0.41712
0.155401 0.18249 0.662109
0.452434 0.547566 0
0.107412 0.529289 0.363299
0.299199 0.347932 0.352869
0.923419 0.0765811 0
0.0763247 0.602286 0.32139
0.219453 0.391743 0.388805
0.456064 0.125792 0.418144
0.20774 0.79226 0
0.331208 0.668792 0
0 0 1
0.190922 0.222073 0.587005
0.0890926 0.0580642 0.852843
0.236429 0.132275 0.631296
0.111818 0.150974 0.737208
0.0743953 0.231403 0.694201
0.0194641 0.569209 0.411327
0.338675 0.259839 0.401486
0.0206226 0.320001 0.659376
0.432624 0.0766496 0.490726
8.79817e-18 0.158494 0.841506
0.0664578 0.122035 0.811507
0.28462 0.0381596 0.677221
7.57218e-17 0.272633 0.727367
0.0416572 0.958343 0
0.115034 7.66282e-17 0.884966
0.213883 0.521071 0.265046
0.166445 0.833555 0
0.485164 0.181209 0.333627
0.46063 5.11402e-17 0.53937
2.87051e-17 0.517104 0.482896
0.516715 0.233285 0.25
0.412417 0.587583 0
0.556127 0.136258 0.307615
0.382509 0.170686 0.446805
0.305337 0.215929 0.478734
0.807981 0.192019 0
0.393651 0.0337138 0.572636
0.493029 0.506971 0
0.0222761 0.203359 0.774364
0.255555 8.5117e-17 0.744445
0.532959 0.467041 0
0.612356 0.387644 0
0.586949 0.163051 0.25
0.373471 0.302998 0.32353
0.352195 0.124572 0.523233
0.63683 7.07024e-17 0.36317
0.271227 0.174106 0.554667
0.290249 0.709751 0
5.0199e-18 0.0904304 0.90957
0.0707352 0.353789 0.575476
0.885045 0.114955 0
0.657206 0.092794 0.25
1 0 0
0.451801 0.269067 0.279132
0.690985 0.309015 0
0.182407 0.351576 0.466017
0.519931 0.0941058 0.385963
0.0426615 0.0180578 0.939281
0.26179 0.305472 0.432738
0.248983 0.751017 0
3.54782e-17 0.639118 0.360882
0.286231 0.463769 0.25
0.689041 0.0202549 0.290704
0.0701381 0.481592 0.44827
0.75 8.32667e-17 0.25
0.024313 0.688146 0.287541
0.09766 0.65234 0.25
0.178847 0.483686 0.337467
0.730166 0.269834 0
0.226884 0.263071 0.510045
