0.0348989 0.316593 0.648508
0.209356 0.0628083 0.727835
0.17288 0.140578 0.686542
0.167308 0.0144787 0.818214
0.202787 0.23965 0.557563
0.233875 0.766125 0
0.0814927 0.0687793 0.849728
0.427359 0.572641 0
0.136861 0.216933 0.646206
1 0 0
0.470055 5.21866e-17 0.529945
0.60064 0.0764631 0.322897
0.349275 0.223034 0.427691
0.220931 0.173783 0.605287
0.924164 0.0758356 0
0.078103 0.921897 0
0.0599883 0.141052 0.798959
0.186359 0.540944 0.272697
0.570212 0.153828 0.27596
0.61913 0.38087 0
0.394231 0.142139 0.463631
0.518108 0.130682 0.35121
0.810128 0.189872 0
0.350218 0.649782 0
0.166082 0.31178 0.522138
0.436634 0.179817 0.383548
0.733898 0.266102 0
0.473792 0.227979 0.298229
0.886212 0.113788 0
0.288309 0.133492 0.578198
0.334164 0.0407229 0.625113
0.642748 7.13594e-17 0.357252
0.537786 0.212214 0.25
3.81105e-17 0.686538 0.313462
0.110262 1.22415e-17 0.889738
9.62662e-18 0.173418 0.826582
0.306978 0.185028 0.507995
0.962097 0.037903 0
0.75 8.32667e-17 0.25
0.645434 0.104566 0.25
0.306522 0.423385 0.270093
0.140578 0.49999 0.359432
0.174604 0.421318 0.404079
0.772029 0.227971 0
0.0176421 0.229016 0.753341
0.401918 4.46219e-17 0.598082
0.111075 0.279629 0.609296
5.52798e-18 0.0995831 0.900417
0.258122 0.264735 0.477143
0.2155 0.343862 0.440638
0.504167 0.495833 0
0.695698 0.304302 0
0.580813 0.419187 0
0.482484 0.0909152 0.426601
0.235485 2.61441e-17 0.764515
0.0742503 0.670985 0.254765
0.0633545 0.535634 0.401011
0.538218 5.97542e-17 0.461782
0.376132 0.373868 0.25
0.125612 0.38844 0.485948
0.688005 0.0296301 0.282365
0.46576 0.53424 0
0.568422 0.0348244 0.396753
0.0215941 0.62227 0.356136
0.256837 0.493163 0.25
5.55112e-17 1 0
0.219485 0.456938 0.323577
0.346323 0.336875 0.316802
0.0912129 0.190133 0.718654
0.080965 0.353858 0.565177
0.393383 0.262455 0.344162
0.388868 0.611132 0
0.542537 0.457463 0
0.363074 0.0923886 0.544537
0.141338 0.608662 0.25
0.272648 0.727352 0
0.446701 0.303299 0.25
3.17678e-17 0.572278 0.427722
0.195065 0.804935 0
0.657438 0.342562 0
0.0323356 0.433015 0.534649
0.30567 3.39362e-17 0.69433
2.77748e-17 0.500347 0.499653
8.09748e-17 0.290858 0.709142
4.16334e-17 0.75 0.25
0 0 1
0.303239 0.300712 0.396048
0.8482 0.1518 0
0.0363657 0.0256151 0.938019
0.43788 0.0620194 0.5001
0.117101 0.882899 0
0.0390525 0.960947 0
2.17958e-17 0.392638 0.607362
0.262396 0.38043 0.357175
0.255603 0.0895187 0.654878
0.0991471 0.580244 0.320608
0.133479 0.10027 0.766251
0.156146 0.843854 0
0.088592 0.463012 0.448396
0.311502 0.688498 0
