0.651861 0.348139 0
0.209945 0.281787 0.508267
1.9189e-17 0.345679 0.654321
0.189786 0 0.810214
0.119379 0.0528648 0.827756
0.405004 0.113015 0.481981
0.398823 0.24538 0.355797
0.290909 0.105918 0.603173
0.961689 0.0383106 0
0.362578 0.200539 0.436883
0.480666 0.073176 0.446158
0.652427 0.097573 0.25
0.47499 0.198243 0.326767
1 0 0
5.55112e-17 1 0
0.366646 0.0750025 0.558352
0.331825 0.668175 0
0.579152 0.170848 0.25
0.612667 0.387333 0
0.354532 0.330114 0.315354
0.252924 0.192918 0.554158
0.0735755 0.54226 0.384164
0.167216 0.832784 0
0.248482 0.462331 0.289187
0.601044 0.0703357 0.32862
2.64314e-17 0.476146 0.523854
0.730012 0.269988 0
3.18021e-17 0.572896 0.427104
0.180626 0.228504 0.59087
0.104363 0 0.895637
0.533396 0.466604 0
0.218487 0.531513 0.25
0.040332 0.104837 0.854831
0.327839 0.0317333 0.640427
0.326729 0.155818 0.517453
0.769077 0.230923 0
0.439407 0.157589 0.403004
0.44916 0.0220757 0.528764
0.884908 0.115092 0
0.319974 0.287438 0.392588
0.20874 0.79126 0
0.285272 0.242235 0.472493
0.413421 0.586579 0
0.0349634 0.286446 0.678591
0.57307 0.42693 0
0.00663811 0.419143 0.574218
0.453799 0.546201 0
0.235208 0.0194279 0.745364
0.493641 0.506359 0
0.438916 0.28925 0.271834
0.0856754 0.664325 0.25
0.37258 0.62742 0
0.807936 0.192064 0
3.55066e-17 0.63963 0.36037
0.155457 0.172845 0.671698
0.206868 0.0843535 0.708778
0.152096 0.597904 0.25
0.165949 0.370508 0.463542
1.38295e-17 0.249131 0.750869
0.121709 0.457309 0.420982
0.0837517 0.916248 0
0.846421 0.153579 0
0.56841 0.0185785 0.413011
0.249892 0.750108 0
0.550684 0.144701 0.304614
0.92333 0.0766703 0
0.401975 4.46282e-17 0.598025
0.0202749 0.684648 0.295077
0.203476 0.417931 0.378593
0.138982 0.109117 0.751901
0.290761 0.709239 0
0.688557 0.0240688 0.287374
4.43521e-18 7.18926e-17 1
0.0382587 0.500702 0.461039
4.78048e-18 0.0861174 0.913883
0.300136 3.33218e-17 0.699864
0.639244 0 0.360756
0.0841138 0.205813 0.710073
0.163011 0.500657 0.336332
0.104372 0.580175 0.315453
0.505796 0.244204 0.25
0.243704 0.330993 0.425303
0.690934 0.309066 0
9.94982e-18 0.17924 0.82076
0.0408998 0.0225919 0.936508
0.39011 0.35989 0.25
0.518964 0.106706 0.374331
0.22694 0.135744 0.637315
0 0.75 0.25
0.75 8.32667e-17 0.25
0.0665343 0.151167 0.782298
0.318982 0.431018 0.25
0.107211 0.263869 0.62892
0.0419242 0.958076 0
0.125622 0.874378 0
0.518398 5.75537e-17 0.481602
0.134416 0.318978 0.546606
0.0866482 0.409591 0.503761
0.0594088 0.354245 0.586346
0.281359 0.377973 0.340668
