0.613871 6.81533e-17 0.386129
0.68474 0.0652595 0.25
0.669797 0.00952473 0.320679
0.520794 0.479206 0
0.0675743 0.269956 0.66247
0.413067 0.299546 0.287387
0.410652 0.175694 0.413654
0.0808743 8.97885e-18 0.919126
0.411309 0.0695375 0.519153
0.242785 0.157796 0.599419
0.457443 0.0908668 0.45169
0.44269 4.91485e-17 0.55731
0.0768911 0.380746 0.542363
0.11656 0.296007 0.587433
0.0397906 0.960209 0
0.641433 0.358567 0
0.159051 0.192176 0.648773
0.257306 0.295648 0.447047
0.581541 0.0775009 0.340958
0.0709508 0.0977447 0.831305
0.239596 0.760404 0
0.255492 0.494508 0.25
0.112606 0.601495 0.285899
0.480556 0.519444 0
0.0234833 0.512476 0.464041
0.290446 0.202677 0.506877
0.761412 0.238588 0
0.543518 0.034935 0.421547
0.496292 0.12309 0.380617
0 0.129007 0.870993
0.189432 0.233686 0.576882
0.55997 0.19003 0.25
0.367023 0.152468 0.480508
0.75 8.32667e-17 0.25
0.326125 0.25269 0.421185
0.359856 0.640144 0
0.287566 3.19262e-17 0.712434
0.277502 0.0801423 0.642355
4.16334e-17 0.75 0.25
0.150154 0.0732079 0.776638
0.18785 2.08555e-17 0.81215
2.63096e-17 0.473952 0.526048
0.279642 0.720358 0
2.28488e-17 0.411607 0.588393
0.601307 0.398693 0
0.511138 5.67477e-17 0.488862
0.216302 0.262564 0.521134
0.530927 0.159966 0.309107
0.115385 0.0252594 0.859355
0.119611 0.880389 0
0.369595 0.03596 0.594445
5.55112e-17 1 0
0.619968 0.11697 0.263062
7.41316e-17 6.46463e-17 1
0.345006 0 0.654994
0.318399 0.330285 0.351316
1.70231e-17 0.306661 0.693339
0.0796703 0.92033 0
0.485644 0.264356 0.25
0.841115 0.158885 0
0.385101 0.244555 0.370344
0.0720427 0.553607 0.374351
0.0280951 0.62942 0.342485
1 0 0
1.3265e-17 0.238961 0.761039
0.196724 0.113915 0.689362
0.227539 0.0342901 0.738171
0.0276027 0.1753 0.797097
0.0851485 0.210473 0.704379
0.561065 0.438935 0
0.177717 0.438369 0.383914
0.400035 0.599965 0
0.199574 0.800426 0
0.920562 0.079438 0
0.317799 0.422175 0.260027
0.324426 0.116665 0.558908
0.440291 0.559709 0
3.24483e-17 0.584536 0.415464
0.18222 0.56778 0.25
0.218478 0.366393 0.415129
0.721427 0.278573 0
0.114789 0.143479 0.741731
0.960264 0.039736 0
0.0956606 0.479337 0.425003
0.88086 0.11914 0
0.14505 0.518843 0.336106
0.120519 0.411703 0.467778
0.271029 0.396561 0.33241
0.0804707 0.669529 0.25
0.164155 0.336718 0.499126
0.457511 0.211154 0.331335
0.00945856 0.0575779 0.932964
3.83588e-17 0.691011 0.308989
0.681441 0.318559 0
0.15959 0.84041 0
0.382633 0.367367 0.25
0.219974 0.47093 0.309096
0.319765 0.680235 0
0.0290642 0.346164 0.624771
0.801266 0.198734 0
