0.100098 1.11131e-17 0.899902
0.398488 0.197283 0.404229
0 0 1
0.19633 0.486848 0.316822
0.477664 0.272336 0.25
6.04463e-18 0.10889 0.89111
0.214976 7.16015e-17 0.785024
0.479439 0.157346 0.363215
0.233828 0.164235 0.601937
0.0909449 0.604605 0.30445
0.0325884 0.569922 0.397489
0.275294 0.201875 0.522831
0.148663 0.207382 0.643955
3.52769e-17 0.635493 0.364507
0.434356 4.82232e-17 0.565644
0.631099 0.0638198 0.305081
1 0 0
0.813535 0.186465 0
0.322433 1.07392e-16 0.677567
0.0824252 0.667575 0.25
0.0912055 0.181489 0.727305
0.0219996 0.458018 0.519982
0.586108 0.413892 0
0.662397 0.337603 0
0.601858 0.0147767 0.383365
0.925587 0.0744131 0
0.480282 0.0244166 0.495302
0.75 8.32667e-17 0.25
0.3156 0.6844 0
0.318671 0.359174 0.322155
0.109198 0.113623 0.777179
0.547695 0.452305 0
0.549026 6.09541e-17 0.450974
0.396809 0.077326 0.525866
0.277938 0.0813935 0.640668
0.557299 0.110825 0.331876
0.234798 0.283832 0.48137
0.317292 0.241354 0.441354
2.27569e-17 0.409952 0.590048
0.0734324 0.370515 0.556052
0.14851 0.0218013 0.829689
0.194982 0.366617 0.438401
0.252351 0.0302395 0.71741
0.31773 0.117542 0.564728
0.0254427 0.15618 0.818377
0.356375 0.393625 0.25
0.191311 0.245889 0.562799
0.03975 0.96025 0
0.850933 0.149067 0
0.671378 0.0786217 0.25
0.524133 0.200576 0.275292
0.675477 2.99972e-16 0.324523
0.363643 0.027409 0.608948
0.0772774 0.489299 0.433424
0.118945 0.881055 0
2.93556e-17 0.528823 0.471177
0.173163 0.0792652 0.747572
0.197686 0.802314 0
0.738008 0.261992 0
0.356785 0.15896 0.484255
0.107297 0.290781 0.601923
0.0664021 0.252765 0.680833
0.0710992 0.0743818 0.854519
0.438986 0.113721 0.447293
0.276451 0.723549 0
0.156618 0.44725 0.396132
0.237171 0.762829 0
0.406733 0.323545 0.269721
5.55112e-17 1 0
0.153244 0.327409 0.519347
0.111075 0.410564 0.478361
0.439003 0.236909 0.324088
0.888327 0.111673 0
0.700166 0.299834 0
0.02595 0.0347432 0.939307
4.16334e-17 0.75 0.25
0.360478 0.280856 0.358666
0.592716 0.157284 0.25
0.62429 0.37571 0
0.0167926 0.684351 0.298857
0.23892 0.405995 0.355085
0.0793517 0.920648 0
0.0196793 0.339414 0.640907
0.285499 0.445154 0.269346
0.193391 0.126513 0.680095
0.470848 0.529152 0
0.354555 0.645445 0
0.167153 0.582847 0.25
0.276652 0.322571 0.400778
1.61289e-17 0.290553 0.709447
1.22551e-17 0.220768 0.779232
0.516144 0.0745225 0.409334
0.509338 0.490662 0
0.236616 0.513384 0.25
0.962789 0.0372113 0
0.432177 0.567823 0
0.393466 0.606534 0
0.775913 0.224087 0
0.120087 0.531094 0.348818
0.158342 0.841658 0
