0.316118 0.683882 0
0.157177 0.0748574 0.767965
0.0813834 2.71061e-17 0.918617
1 0 0
3.23886e-18 0.0583462 0.941654
0.0582083 0.691791 0.25
0.351749 0.0887877 0.559464
0.837828 0.162172 0
0.107029 0.445369 0.447602
0.0393544 0.960646 0
0.264922 0.248824 0.486254
4.16333e-17 0.75 0.25
0.168038 0.184443 0.647519
0.0287082 0.602022 0.36927
0.797306 0.202694 0
0.234932 0.440283 0.324785
0.959465 0.0405352 0
0.511128 5.67466e-17 0.488872
0.236928 0.763072 0
0.254287 0.142781 0.602932
3.10929e-17 0.560121 0.439879
0.303936 1.01231e-16 0.696064
0.395593 0.604407 0
0.12771 0.260939 0.611351
0.391358 0.124081 0.484561
0.197235 0.802765 0
0.276558 0.723442 0
0.555519 0.444481 0
0.19194 2.13096e-17 0.80806
0.350132 0.205857 0.44401
0.475412 0.524588 0
0.118208 0.881792 0
0.0819945 0.22789 0.690116
0.595702 0.404298 0
0.0870317 0.630131 0.282838
0.0339697 0.0864748 0.879556
0.144435 0.367133 0.488432
0.515408 0.484592 0
0 0 1
0.5932 0.0808273 0.325972
0.343216 0.0282447 0.628539
0.0199414 0.490816 0.489242
0.11614 0.555943 0.327917
0.1212 0.0276686 0.851132
0.510992 0.239008 0.25
0.274127 0.364615 0.361258
0.159379 0.59062 0.25
5.55112e-17 1 0
0.321144 0.407238 0.271618
0.17832 0.29269 0.52899
0.353449 0.322633 0.323918
0.435484 0.564516 0
0.0747055 0.520281 0.405013
0.157709 0.842291 0
8.82214e-18 0.158926 0.841074
0.0347551 0.305813 0.659432
0.918954 0.081046 0
0.439456 0.0355511 0.524993
0.273275 0.476724 0.25
0.547884 0.0369076 0.415208
0.0799312 0.114828 0.805241
0.635798 0.364202 0
7.4666e-17 0.268919 0.731081
0.515522 0.121695 0.362783
3.71415e-17 0.669082 0.330918
0.355839 0.644161 0
0.310649 0.284749 0.404601
0.432208 0.163857 0.403935
0.610046 0 0.389954
0.394402 0.24539 0.360208
0.684064 0.0538546 0.262081
0.216033 0.217342 0.566625
0.0904737 0.334425 0.575101
0.201911 0.108896 0.689192
0.471124 0.0836095 0.445266
0.473511 0.202029 0.324459
0.878367 0.121633 0
0.440531 0.288292 0.271178
0.409073 0 0.590927
0.117973 0.153446 0.728581
0.391593 0.358406 0.25
0.756786 0.243214 0
2.45511e-17 0.442273 0.557727
2.06846e-17 0.372621 0.627379
0.716377 0.283623 0
0.0787622 0.921238 0
0.156195 0.48102 0.362785
0.20271 0.522888 0.274402
0.277061 0.07652 0.646419
0.305206 0.170044 0.52475
0.190193 0.403456 0.406351
0.0654307 0.406113 0.528456
0.627082 0.122918 0.25
0.676077 0.323923 0
0.668998 7.42737e-17 0.331002
0.238647 0.0243991 0.736954
0.558182 0.168085 0.273733
0.227892 0.32652 0.445588
0.75 8.32667e-17 0.25
0.0282781 0.199129 0.772593
