0.803482 0.196518 0
0.527437 0.11484 0.357723
0.526875 0.473125 0
0.0314597 0.30654 0.662001
0.491074 0.0550807 0.453846
0.470029 5.21838e-17 0.529971
0.407099 0.592901 0
2.05412e-25 0.0987317 0.901268
0.290108 0.11748 0.592413
0.402645 4.47025e-17 0.597355
0.176402 0.132722 0.690876
1 0 0
0.20883 0.369049 0.42212
0.641662 0.108338 0.25
0.383896 0.288216 0.327887
0.0918195 0.514226 0.393954
0.0681768 0.466324 0.4655
0.127997 0.541813 0.330189
0.151052 0.0810182 0.76793
0.232062 0.517938 0.25
0.292675 0.4488 0.258524
0.0144696 0.146823 0.838708
0.415022 0.0996109 0.485367
0.571969 0.0375754 0.390455
0.487028 0.512972 0
0.645767 0.354233 0
0.222099 0.254598 0.523303
7.96402e-17 3.13821e-17 1
0.0914454 0.624875 0.28368
0.370344 0.183877 0.445779
0.201827 0.179796 0.618376
0.0411281 0.958872 0
0.178049 0.336446 0.485505
0.5711 0.164959 0.26394
0.0219387 0.425527 0.552534
0.606121 0.393879 0
0.199038 0.484171 0.316792
0.372834 0.0711034 0.556062
0.245377 0.754623 0
0.226483 0.0326557 0.740861
0.123255 0.876745 0
5.5513e-17 1 0
0.513001 0.236999 0.25
0.553461 6.14466e-17 0.446539
0.152949 0.439849 0.407202
0.603793 0.0788834 0.317323
0.162192 0.587808 0.25
0.104541 0.163233 0.732226
0.64925 7.20812e-17 0.35075
0.286009 0.713991 0
0.0603008 0.689699 0.25
0.0915733 0 0.908427
0.077268 0.33658 0.586151
0.685329 0.314671 0
0.921358 0.0786425 0
0.45256 0.14277 0.40467
0.75 0 0.25
0.114006 0.0375177 0.848476
3.70957e-17 0.668234 0.331766
0.0770642 0.114262 0.808673
0.028131 0.035285 0.936584
0.151128 0.286423 0.56245
0.329079 0.157196 0.513725
0.366743 0.633257 0
0.329695 0.36093 0.309374
0.164121 0.835879 0
0.487163 0.195996 0.31684
0.263673 0.278822 0.457505
0.724769 0.275231 0
3.14024e-17 0.565686 0.434314
0.292309 0.327129 0.380562
0.257029 0.196577 0.546394
0.764172 0.235828 0
0.689216 0.0340764 0.276707
0.326493 0.673507 0
1.16259e-17 0.209425 0.790575
2.10158e-17 0.378584 0.621416
0.20489 0.79511 0
0.447041 0.552959 0
0.251882 0.0853557 0.662763
0.566636 0.433364 0
0.334091 0.0289297 0.63698
0.188857 0 0.811143
1.52044e-17 0.273886 0.726114
0.121257 0.242168 0.636575
0.960678 0.0393219 0
0.440332 0.309668 0.25
0.336211 0.250354 0.413434
0.882038 0.117962 0
0.244192 0.410364 0.345444
0.0364861 0.598116 0.365398
0.365777 0.384223 0.25
0.294748 3.27235e-17 0.705252
0.107182 0.386286 0.506532
0.0821631 0.917837 0
4.16345e-17 0.75 0.25
0.0712901 0.225366 0.703343
0.418816 0.222236 0.358947
0.842767 0.157233 0
2.7503e-17 0.49543 0.50457
