0.75 0 0.25
0.221913 0.0744062 0.703681
0.0793851 0.920615 0
0.680679 0.319321 0
0.512243 0.237757 0.25
0.245184 0.415678 0.339137
0.0306531 0.6903 0.279046
0.318902 0.681098 0
0.0213729 0.350456 0.628171
0.960206 0.0397941 0
0.358975 0.641025 0
0.262095 0 0.737905
0.0702651 0.2668 0.662935
0.157151 0.454656 0.388194
0.398814 0.230984 0.370202
0.560104 0.439896 0
0.0747621 0.381547 0.543691
0.0820447 0.0746155 0.84334
0.880548 0.119452 0
0.278805 0.721195 0
1.67826e-17 0.302329 0.697671
0.2879 0.347354 0.364746
0.362249 0.313349 0.324402
0.19884 0.80116 0
0.283921 0.448412 0.267667
0.583635 0.166365 0.25
0.394787 0.104248 0.500965
0.0351087 0.028524 0.936367
0.156778 0.342003 0.501219
0.113891 0.535359 0.35075
0.185383 0 0.814617
0.382436 0 0.617564
1 0 0
0.7208 0.2792 0
0.0615937 0.146846 0.79156
0.760813 0.239187 0
9.72426e-18 0.175177 0.824823
0.345854 0.404146 0.25
0.655028 0.0949721 0.25
0.0241916 0.464158 0.51165
0.50718 0 0.49282
0.0129913 0.233573 0.753436
5.67813e-18 0.102288 0.897712
0.516927 0.100225 0.382848
0.800789 0.199211 0
0.184701 0.151223 0.664076
0.10991 0.306165 0.583924
0.311734 0.0197212 0.668545
0.435249 0.148289 0.416462
0.640584 0.359416 0
0.436788 0.0162638 0.546948
0.0993716 0.193004 0.707624
0.200406 0.379588 0.420005
0.161286 0.0533312 0.785383
3.5946e-17 0.647546 0.352454
2.95665e-17 0.532622 0.467378
0.348894 0.0705397 0.580566
0.160447 0.576659 0.262894
0.194315 0.265515 0.54017
0.230104 0.519895 0.25
5.55112e-17 1 0
2.32674e-17 0.419148 0.580852
0.476979 0.187919 0.335102
4.16378e-17 0.75 0.25
0.240421 0.304902 0.454676
0.599398 0.0679568 0.332645
0.443973 0.271537 0.28449
0.238825 0.761175 0
0.519865 0.480135 0
0.113423 0.419872 0.466705
0.149822 0.227573 0.622605
3.22912e-22 1.0408e-17 1
0.399079 0.600921 0
0.479575 0.520425 0
0.193542 0.491084 0.315374
0.276005 0.226905 0.49709
0.56402 0.0134701 0.42251
0.600315 0.399685 0
0.231915 0.186521 0.581564
0.269521 0.106008 0.624472
0.0757571 0.49608 0.428163
0.108858 0 0.891142
0.920417 0.0795835 0
0.312567 0.147956 0.539477
0.840727 0.159273 0
0.472718 0.0687333 0.458549
0.635388 0 0.364612
0.0225705 0.578159 0.39927
0.410736 0.339264 0.25
0.135682 0.118357 0.745961
0.158953 0.841047 0
0.356662 0.187187 0.456151
0.0396705 0.960329 0
0.119237 0.880763 0
0.439299 0.560701 0
0.103939 0.646061 0.25
0.687945 0.0212008 0.290854
0.320357 0.268001 0.411642
0.0740673 0.607145 0.318788
0.552018 0.140238 0.307744
