0.0851753 0.494418 0.420407
0.123172 0.876828 0
0.0815447 0.605133 0.313322
0 0 1
0.726213 0.273787 0
0.322244 0.114846 0.56291
0.407781 0.592219 0
0.499511 0.203999 0.296489
0 0.110663 0.889337
0.210425 7.00857e-17 0.789575
4.16334e-17 0.75 0.25
0.156284 0.0851646 0.758552
1 0 0
0.033102 0.689254 0.277644
0.883059 0.116941 0
0.145668 0.0021838 0.852148
0.649663 0.100337 0.25
0.27959 0.326431 0.393979
0.489799 1.08757e-16 0.510201
0.195813 0.123061 0.681126
0.0246585 0.220875 0.754466
0.556893 0.193107 0.25
0.107006 0.642994 0.25
0.75 8.32667e-17 0.25
0.575508 0.137075 0.287417
0.3162 0.368023 0.315778
0.164056 0.835944 0
0.245609 0.754391 0
0.112545 0.169826 0.71763
0.765586 0.234414 0
0.581106 6.45157e-17 0.418894
0.607587 0.392413 0
0.429005 0.239861 0.331134
0.179665 0.570335 0.25
0.127247 0.533239 0.339514
0.528067 0.471933 0
0.0294 0.332322 0.638278
0.538746 0.0996723 0.361582
0.238622 0.162251 0.599127
0.0983951 0.0669242 0.834681
0.349648 0.0390123 0.61134
0.690934 0.0297368 0.27933
0.39559 0.193906 0.410504
0.0821905 0.91781 0
5.55112e-17 1 0
0.157844 0.205613 0.636543
0.31927 0.239772 0.440958
0.470164 0.148885 0.380951
0.286302 0.713698 0
0.686717 0.313283 0
3.59925e-17 0.648384 0.351616
0.116973 0.28886 0.594166
0.356612 0.283911 0.359477
0.804888 0.195112 0
0.0576929 0.443886 0.498421
0.650114 2.88709e-16 0.349886
0.922084 0.077916 0
0.844032 0.155968 0
0.198941 0.245086 0.555972
0.274079 0.0826596 0.643262
0.0829685 2.76341e-17 0.917031
0.367431 0.632569 0
0.161821 0.327543 0.510636
0.567907 0.432093 0
0.312788 1.04179e-16 0.687212
0 0.399788 0.600212
3.0131e-17 0.542793 0.457207
0.467671 0.282329 0.25
0.041097 0.958903 0
0.240444 0.284651 0.474904
0.647221 0.352779 0
0.242143 0.0346496 0.723207
2.61647e-17 0.471341 0.528659
0.28043 0.199567 0.520002
0.167233 0.454414 0.378353
0.4131 0.0561761 0.530724
0.204595 0.369669 0.425736
0.406769 4.51605e-17 0.593231
5.24207e-17 0.178319 0.821681
0.609014 0.0625287 0.328458
0.440417 0.101351 0.458232
0.361929 0.149978 0.488093
0.211747 0.500344 0.287909
0.20473 0.79527 0
0.0327501 0.577042 0.390208
0.513972 0.0467953 0.439232
0.0816942 0.367136 0.55117
8.0946e-17 0.291099 0.708901
0.448029 0.551971 0
0.12928 0.408571 0.462149
0.24365 0.415877 0.340474
0.281516 0.468484 0.25
0.399681 0.327129 0.27319
0.0690547 0.136668 0.794278
0.018427 0.0461235 0.93545
0.352531 0.397469 0.25
0.961044 0.0389561 0
0.326847 0.673153 0
0.0776382 0.249522 0.67284
0.488139 0.511861 0
