0.542796 0.178018 0.279186
0.129053 0.415868 0.455078
0.686135 0.313865 0
0.500174 5.55304e-17 0.499826
0.44665 0.55335 0
0.609854 0.140146 0.25
0.52691 0.47309 0
0.0826864 9.18003e-18 0.917314
0.187859 0.131457 0.680684
0.244712 0.426236 0.329052
0.031187 0.0922826 0.87653
0.263742 0.102069 0.63419
0.366338 0.633662 0
0.594746 6.60301e-17 0.405254
0.348498 0.192195 0.459308
0.0628636 0.578134 0.359003
0.406541 0.593459 0
0.312706 0.270584 0.416709
0.122758 0.877242 0
0.285506 0.714494 0
0.354994 0.314577 0.330429
0.503555 0.124669 0.371776
1 0 0
4.31497e-17 1.23614e-17 1
0.22789 0.18059 0.59152
0.804321 0.195679 0
0.96092 0.0390796 0
0.56682 0.43318 0
0.14924 0.0863795 0.764381
0.0750041 0.126145 0.798851
0.386941 4.29591e-17 0.613059
0.117563 0.0346115 0.847826
0.169617 0.462381 0.368002
0.431132 0.02495 0.543918
0.163673 0.836327 0
0.020119 0.216213 0.763668
0.189228 0 0.810772
0.386759 0.112169 0.501072
0.204324 0.795676 0
0.280113 0.349461 0.370426
0.0243283 0.335356 0.640316
0.390424 0.238081 0.371495
0.62262 0.0325968 0.344783
0.22316 0.043957 0.732883
0.577024 0.0994677 0.323508
0.170475 0.579525 0.25
0.34576 0.0746799 0.57956
6.59981e-17 0.166214 0.833786
0.425667 0.158621 0.415713
0.0625729 0.687427 0.25
0 0.474801 0.525199
0.921812 0.0781884 0
0.0408773 0.959123 0
0.434971 0.285614 0.279415
0.689505 7.65504e-17 0.310495
0.00117037 0.67187 0.32696
0.24495 0.75505 0
0.75 8.32667e-17 0.25
0.394724 0.355276 0.25
0.235447 0.304679 0.459874
7.52216e-17 0.402579 0.597421
0.00884264 0.536838 0.454319
0.646471 0.353529 0
0.486754 0.513246 0
0.283795 0 0.716205
0.313388 0.0285937 0.658019
0.110892 0.295929 0.593179
0.0793942 0.372038 0.548567
0.0590036 0.446914 0.494082
0.150983 0.214221 0.634796
0.191168 0.260407 0.548425
0.0818136 0.918186 0
5.55112e-17 1 0
0.503033 0.246967 0.25
6.39136e-17 0.0601143 0.939886
0.535359 0.0409879 0.423653
0.215727 0.509149 0.275125
0.606718 0.393282 0
0.882675 0.117325 0
0 0.287418 0.712582
0.465215 0.203552 0.331233
0.306017 0.148945 0.545038
0.157587 0.338305 0.504108
0.0980475 0.623139 0.278814
0.135188 0.538443 0.326369
0.843522 0.156478 0
0.764997 0.235003 0
0.0732055 0.251233 0.675561
0.269622 0.226605 0.503773
0.671731 0.0750753 0.253194
0.325966 0.674034 0
0.725475 0.274525 0
0.107571 0.17226 0.720168
0.0903957 0.498213 0.411391
0.325734 0.396293 0.277973
3.35602e-17 0.604546 0.395454
0.284322 0.465678 0.25
0.203212 0.382062 0.414726
4.16337e-17 0.75 0.25
0.461632 0.0797518 0.458616
