1 0 0
0.388544 0.611456 0
1.07683e-16 5.885e-17 1
0.270585 0.159486 0.569928
0.269524 0.399791 0.330685
0.848031 0.151969 0
1.93611e-17 0.348779 0.651221
1.29685e-17 0.233619 0.766381
0.173984 0.576016 0.25
0.0845731 9.3895e-18 0.915427
0.360008 0.363502 0.27649
3.00801e-17 0.541875 0.458125
0.695597 0.304403 0
0.427114 0.572886 0
0.395382 0.160564 0.444054
0.187395 2.0805e-17 0.812605
0.809966 0.190034 0
0.237509 0.100905 0.661586
0.159842 0.143939 0.696219
0.0726906 0.0877096 0.8396
0.691146 7.67326e-17 0.308854
0.886029 0.113971 0
0.123904 0.0241961 0.851899
0.313042 0.199226 0.487732
0.0243405 0.27765 0.69801
0.0433727 0.570386 0.386241
0.657421 0.342579 0
0.590226 6.55283e-17 0.409774
0.667223 0.082777 0.25
0.104394 0.359847 0.535759
0.274695 3.04972e-17 0.725305
0.0390628 0.960937 0
0.54254 0.45746 0
0.307474 0.0883633 0.604163
4.16334e-17 0.75 0.25
7.84371e-17 0.470784 0.529216
0.962018 0.0379821 0
0.233655 0.766345 0
0.117069 0.882931 0
0.514631 0.160541 0.324828
0.143911 0.401051 0.455038
0.214453 0.477348 0.308199
0.437246 0.201658 0.361097
0.078771 0.189254 0.731975
0.205204 0.0515272 0.743269
0.0179819 0.401112 0.580906
0.271348 0.280432 0.44822
0.151632 0.274714 0.573654
0.465632 0.534368 0
0.313525 0.321971 0.364504
0.482127 0.247063 0.270811
0.24634 0.50366 0.25
0.476631 0.117222 0.406147
0.432253 0.317747 0.25
0.376814 4.18348e-17 0.623186
0.272436 0.727564 0
0.0928311 0.488844 0.418325
0.92403 0.0759697 0
0.553518 0.0813089 0.365173
0.318723 0.431277 0.25
0.580922 0.419078 0
0.553228 0.196772 0.25
0.313313 0.0248525 0.661835
0.155989 0.844011 0
0.355751 0.118508 0.525741
0.178678 0.441544 0.379778
0.598877 0.12449 0.276633
0.123174 0.103628 0.773199
0.0780897 0.92191 0
0.311176 0.688824 0
0.353577 0.240547 0.405876
0.504076 0.495924 0
0.733698 0.266302 0
0.194907 0.805093 0
0.52127 0.0275867 0.451143
0.403988 0.0348941 0.561118
0.349802 0.650198 0
0.187885 0.319687 0.492427
0.0249449 0.164673 0.810382
0.0730775 0.313181 0.613742
3.544e-17 0.638431 0.361569
0.193668 0.190483 0.615849
0.134307 0.526972 0.338721
0.0194894 0.684454 0.296056
0.23103 0.238265 0.530705
0.619213 0.380787 0
0.0653802 0.441909 0.492711
0.0850383 0.664962 0.25
0.0977598 0.602866 0.299375
0.228291 0.360554 0.411155
0.394872 0.279795 0.325333
0.771892 0.228108 0
0.437572 0.0794212 0.483007
0.478399 5.31129e-17 0.521601
0.75 8.32667e-17 0.25
1.00986e-16 0.120016 0.879984
0.0145301 0.0499694 0.9355
0.112353 0.231915 0.655732
0.628247 0.0352708 0.336482
5.55112e-17 1 0
