0.0739696 0.250592 0.675438
0.101574 0.301705 0.596722
0 0 1
0.282206 0.717794 0
0.325664 0.174146 0.50019
0.363792 0.0876056 0.548603
3.63652e-18 0.0655097 0.93449
0.158267 0.513981 0.327751
0.79985 0.20015 0
0.429448 0.227955 0.342597
0.402131 0.597869 0
0.689375 0.0225008 0.288124
0.030232 0.519372 0.450396
0.242061 0.757939 0
0.200782 0.435096 0.364122
0.161689 0.838311 0
0.919909 0.0800912 0
0.290522 0.12524 0.584238
0.486771 0.263229 0.25
0.116551 0.478043 0.405406
0.600549 0.399451 0
0.473432 0.155632 0.370935
0.121314 0.878686 0
0.243597 0.347773 0.40863
0.64012 7.10676e-17 0.35988
0.311276 0.438724 0.25
0.276962 0.394349 0.32869
0 0.479269 0.520731
0.839848 0.160152 0
0.481612 0.518388 0
0.200104 2.2216e-17 0.799896
0.119996 0.592786 0.287218
0.164399 0.391482 0.444119
0.75 8.32667e-17 0.25
0.13513 0 0.86487
2.14323e-17 0.38609 0.61391
0.0716866 0.00802731 0.920286
0.640368 0.359632 0
0.201875 0.798125 0
4.16334e-17 0.75 0.25
0.148907 0.208675 0.642418
0.759934 0.240066 0
1 0 0
0.299072 3.32036e-17 0.700928
1.58108e-17 0.284821 0.715179
0.11552 0.175116 0.709364
0.460108 0.0957964 0.444096
0.50161 5.56899e-17 0.49839
0.197141 0.552859 0.25
0.250799 0.213373 0.535828
0.242702 0.481781 0.275516
0.0404849 0.959515 0
0.680162 0.319838 0
0.370495 0.212342 0.417162
0.226466 0.0323169 0.741217
0.128639 0.348954 0.522407
0.436443 0.0381457 0.525412
0.603997 0.0590874 0.336915
0.354155 0.368211 0.277634
0.248524 0.0850311 0.666445
3.62523e-17 0.653064 0.346936
0.720033 0.279967 0
0.420315 0.329685 0.25
0.043663 0.402071 0.554266
0.17723 0.256567 0.566203
0.0316548 0.0990309 0.869314
0.879849 0.120151 0
0.168503 0.104865 0.726632
0.399646 0.136546 0.463808
0.0985308 0.651469 0.25
0.322399 0.677601 0
0.332646 0.0353295 0.632024
0.0738159 0.561714 0.36447
0.65561 0.09439 0.25
0.112997 0.0668324 0.82017
0.402509 4.46875e-17 0.597491
0.288946 0.259636 0.451418
0.527992 0.0708367 0.401172
0.521266 0.478734 0
0.587126 0.162874 0.25
3.25829e-17 0.586961 0.413039
0.392452 0.288315 0.319233
0.0834781 0.435664 0.480858
9.51169e-18 0.171347 0.828653
0.560911 0.439089 0
0.557074 0.124645 0.318281
0.0289302 0.328613 0.642457
0.441928 0.558072 0
0.078562 0.137424 0.784014
5.55112e-17 1 0
0.0808982 0.919102 0
0.0244286 0.217167 0.758404
0.216164 0.162358 0.621479
0.209292 0.302814 0.487894
0.959951 0.0400494 0
0.362283 0.637717 0
0.56787 6.30462e-17 0.43213
0.321985 0.308671 0.369344
0.516301 0.199151 0.284548
0.0333927 0.684793 0.281815
