0.686653 7.62338e-17 0.313347
0.243559 0.277036 0.479405
0.163397 0.0826652 0.753938
0.116282 0.282823 0.600895
0.201037 0.357746 0.441217
0.562428 0.437572 0
0.0297944 0.555366 0.41484
0.960177 0.0398233 0
0.642034 0.357966 0
0.130641 0.619359 0.25
0.160142 0.318843 0.521015
0.202298 0.238728 0.558974
5.55112e-17 1 0
0.721544 0.278456 0
0.1195 0.165585 0.714915
0.115498 0.399233 0.485269
0.0250258 0.444296 0.530678
1 0 0
4.16334e-17 0.75 0.25
0.0995517 1.10525e-17 0.900448
0.456281 0.113185 0.430534
0.138484 0.0298604 0.831656
9.36035e-19 1.10086e-16 1
0.369875 0.155994 0.474131
0.242055 0.757945 0
0.504278 0.0238888 0.471833
0.368045 0.277112 0.354843
0.282292 0.717708 0
0.920367 0.0796327 0
0.0269122 0.0324363 0.940651
0.482475 0.517525 0
0.206148 2.2887e-17 0.793852
0.522514 0.477486 0
0.362428 0.637572 0
0.4025 0.5975 0
0.575919 6.39399e-17 0.424081
0.0808191 0.919181 0
0.204156 0.118867 0.676977
0.577093 0.107102 0.315805
7.89512e-17 0.284364 0.715636
0.0849768 0.125696 0.789327
0.480929 0.269071 0.25
0.442487 0.557513 0
0.0128359 0.671946 0.315218
0.162263 0.200836 0.636901
0.801015 0.198985 0
0.367444 4.07945e-17 0.632556
0.0653328 0.684667 0.25
0.160055 0.435933 0.404013
0.244168 0.397124 0.358708
0.327164 0.236468 0.436367
6.66402e-17 0.399092 0.600908
0.670774 0.0773898 0.251836
0.880562 0.119438 0
0.285508 0.0754247 0.639068
0.242072 0.0345472 0.723381
0.168565 0.55375 0.277685
1.75518e-17 0.105113 0.894887
0.460921 5.11726e-17 0.539079
0.040427 0.959573 0
0.761302 0.238698 0
0.0620409 0.0793877 0.858571
0.240099 0.509901 0.25
0.0783072 0.475743 0.445949
0.416744 0.0787708 0.504485
0.75 8.32667e-17 0.25
0.410054 0.194116 0.39583
0.161487 0.838513 0
0.35871 0.39129 0.25
0.32245 0.67755 0
0.603529 0.146471 0.25
0.246013 0.156928 0.597059
3.45047e-17 0.621582 0.378418
0.0786448 0.244751 0.676604
2.85178e-17 0.513732 0.486268
0.118891 0.516228 0.364881
0.201806 0.798194 0
0.0249786 0.328923 0.646099
0.12118 0.87882 0
0.283872 0.316196 0.399932
0.0303369 0.212855 0.756808
0.840782 0.159218 0
4.90418e-17 0.176638 0.823362
0.201456 0.473476 0.325068
0.446993 0.233713 0.319293
0.535218 0.0743774 0.390405
0.535235 0.198667 0.266098
0.288503 0.440616 0.270881
0.495017 0.155381 0.349602
0.329843 0.115018 0.555138
0.410981 0.32134 0.267679
0.38447 0.038509 0.577021
0.0769809 0.360438 0.562581
0.286508 0.196386 0.517105
0.602254 0.397746 0
0.0803182 0.591195 0.328487
0.621689 0.02705 0.351261
0.323474 0.354937 0.321589
0.30591 3.39628e-17 0.69409
0.681794 0.318206 0
