7.36972e-18 0.132761 0.867239
0.962438 0.0375619 0
0.566252 0.0702119 0.363536
0.160306 0.0355838 0.80411
0.0725451 0.329107 0.598348
0.233975 0.130125 0.6359
0.811881 0.188119 0
0.482031 1.07032e-16 0.517969
0.314016 0.329188 0.356796
0.443126 0.0781189 0.478755
0.127737 1.41816e-17 0.872263
0.621813 0.378187 0
0.274441 0.287415 0.438144
0.484582 0.113837 0.40158
0.277668 0.164863 0.557469
0.619462 0.0876833 0.292854
0.601444 0.148556 0.25
2.70368e-17 0.487052 0.512948
0.426909 0.323091 0.25
0.362522 0.118679 0.518799
2.02553e-17 0.364886 0.635114
0.229331 1.01844e-16 0.770669
0.518763 0.158558 0.32268
0.117504 0.882496 0
0.46786 0.53214 0
0.23475 0.76525 0
0.0726545 0.450488 0.476858
0.351622 0.648378 0
1.40547e-17 7.13804e-17 1
0.355949 0.243863 0.400188
0.0391722 0.960828 0
0.27373 0.72627 0
0.0648423 0.0139172 0.921241
0.152331 0.289324 0.558345
0.231172 0.370071 0.398757
0.10793 0.372271 0.519799
0.114613 0.635387 0.25
0.698183 0.301817 0
0.300983 3.34158e-17 0.699017
0.528361 0.0237396 0.447899
0.191233 0.330063 0.478704
0.924904 0.0750956 0
0.195749 0.804251 0
0.0773848 0.082901 0.839714
0.668515 2.9688e-16 0.331485
0.153577 0.166686 0.679737
0.583352 0.416648 0
0.193434 0.0848464 0.721719
0.690152 0.0598483 0.25
0.39154 0.285155 0.323305
0.40094 0.160598 0.438463
0.024323 0.535217 0.44046
0.10911 0.250196 0.640694
3.6974e-17 0.666065 0.333935
3.68447e-18 0.0663735 0.933626
0.04841 0.683828 0.267762
0.598468 6.64433e-17 0.401532
1 0 0
0.372589 4.13657e-17 0.627411
0.887242 0.112758 0
0.357142 0.373418 0.26944
0.322262 0.0824287 0.595309
0.849613 0.150387 0
0.473258 0.250766 0.275976
0.026266 0.172826 0.800907
0.660008 0.339992 0
0.0783489 0.921651 0
0.390435 0.609565 0
4.16334e-17 0.75 0.25
0.190174 0.455493 0.354333
0.192624 0.209067 0.598309
0.506441 0.493559 0
1.35835e-17 0.244699 0.755301
0.317964 0.203129 0.478907
0.0189531 0.416546 0.564501
0.736133 0.263867 0
0.156615 0.843385 0
0.11291 0.124456 0.762634
0.184782 0.565218 0.25
0.306169 0.443831 0.25
5.55112e-17 1 0
0.106551 0.497024 0.396425
0.410234 0.0295421 0.560224
0.234874 0.247157 0.517969
3.33398e-17 0.600597 0.399403
0.0723122 0.581927 0.345761
0.537447 0.212553 0.25
0.42927 0.57073 0
0.75 8.32667e-17 0.25
0.235691 0.496087 0.268222
0.146892 0.536677 0.316431
0.0746606 0.20678 0.71856
0.270816 0.0577252 0.671459
0.0203778 0.294284 0.685338
0.439382 0.201744 0.358874
0.312695 0.687305 0
0.544887 0.455113 0
0.151069 0.412704 0.436227
0.774028 0.225972 0
0.269803 0.408825 0.321373
