0.249437 8.30793e-17 0.750563
0.1367 0.6133 0.25
0.350174 0.230213 0.419613
0.430261 0.182614 0.387125
0.167287 7.42906e-17 0.832713
0.308401 0.0746437 0.616956
0.434483 0.565517 0
0.0859598 0.589958 0.324082
2.93181e-17 0.528149 0.471851
0.321624 0.428376 0.25
0.58964 0.0881973 0.322163
0.433663 0.0663547 0.499982
1.88599e-17 0.339749 0.660251
0.684109 0.0117054 0.304185
2.54604e-17 0.458655 0.541345
0.474349 0.525651 0
0.220132 0.465421 0.314447
0.877608 0.122392 0
0.186995 0.310247 0.502758
0.352273 0.106755 0.540972
1.2572e-17 0.226477 0.773523
0.0188015 0.390217 0.590982
0.796388 0.203612 0
0.594432 0.405568 0
0.310221 0.188876 0.500903
0.559333 0.0403209 0.400346
0.065344 0.430354 0.504302
0.354897 0.358658 0.286445
1 0 0
0.0753977 2.51125e-17 0.924602
0.117959 0.882041 0
0.0730668 0.671435 0.255499
0.495643 0.254357 0.25
0.42442 0.32558 0.25
0.236291 0.763709 0
0.629914 6.99345e-17 0.370086
0.545064 0.183102 0.271834
0.531595 5.90189e-17 0.468405
3.45083e-18 0.0621646 0.937835
0.0395124 0.55726 0.403228
0.0691731 0.181278 0.749549
0.078611 0.921389 0
0.144217 0.390697 0.465086
0.273568 0.0328262 0.693606
0.148497 0.140867 0.710636
0.394775 0.605225 0
0.104209 0.350038 0.545753
5.55112e-17 1 0
0.27035 0.391522 0.338128
0.608943 0.141057 0.25
0.1067 0.22437 0.66893
0.514346 0.485654 0
3.47924e-17 0.626764 0.373236
0.75 8.32667e-17 0.25
0.105077 0.102264 0.792659
0.47789 0.0941224 0.427988
0.388853 0.273679 0.337468
0.671141 0.0774106 0.251448
0.554347 0.445653 0
0.0323592 0.0974095 0.870231
0.22565 0.106922 0.667427
0.355059 0.644941 0
0.0229435 0.269613 0.707444
0.715368 0.284632 0
4.43176e-20 9.71002e-17 1
0.3941 0.0215996 0.5843
0.6749 0.3251 0
0.269304 0.270831 0.459865
0.196823 0.803177 0
0.391761 0.146118 0.462122
0.00754348 0.684536 0.30792
0.0927512 0.476047 0.431202
0.228659 0.229269 0.542072
0.315468 0.684532 0
0.100051 0.0409328 0.859016
0.275869 0.724131 0
0.755899 0.244101 0
0.132904 0.512849 0.354246
0.462589 0.223503 0.313908
0.267721 0.150094 0.582185
0.180194 0.43102 0.388786
0.17933 0.548222 0.272448
0.347622 0 0.652378
4.16334e-17 0.75 0.25
0.310745 0.313288 0.375967
8.89725e-18 0.160279 0.839721
0.250331 0.499669 0.25
0.512444 0.1353 0.352257
0.157393 0.842607 0
0.837004 0.162996 0
0.0392849 0.960715 0
0.185016 0.0552865 0.759698
0.918431 0.0815689 0
0.634607 0.365393 0
0.227842 0.351277 0.420881
0.959183 0.0408166 0
0.46256 5.13545e-17 0.53744
0.187075 0.186743 0.626182
0.148912 0.266853 0.584235
0.0719724 0.304315 0.623712
