0.202109 2.24386e-17 0.797891
0.344682 0.388143 0.267175
0.576493 0.423507 0
0.473788 5.2601e-17 0.526212
0.0407575 0.959243 0
0.219977 0.0418227 0.7382
0.175037 0.464507 0.360456
0.171334 0.123757 0.704909
0.145763 0.0256582 0.828579
0.508387 0.0635706 0.428043
0.0598856 0.351122 0.588992
5.84307e-18 0.105259 0.894741
0.286608 0.713392 0
0.343239 0.261318 0.395444
0.600879 0.00808766 0.391033
0.0881593 0.277255 0.634586
0.660448 0.339552 0
0.0716613 0.0723929 0.855946
0.369059 0.630941 0
0.427011 0.221588 0.351401
0.957313 0.042687 0
4.16333e-17 0.749999 0.250001
0.38782 0.179266 0.432913
0.0341512 0.690563 0.275286
0.0834798 0.171012 0.745508
0.0382013 0.477388 0.484411
0.17491 0.34963 0.47546
0.43222 0.0936051 0.474175
0.872091 0.127909 0
4.35574e-18 1.09269e-16 1
0.388927 4.31796e-17 0.611073
0.630233 0.0604272 0.30934
0.33147 0.0361009 0.632429
0.507355 0.175749 0.316897
0.130434 0.538484 0.331082
1 0 0
0.46836 0.265216 0.266424
0.0366122 0.247404 0.715983
0.0806455 0.608243 0.311111
0.304824 0.109565 0.58561
0.301452 0.344565 0.353983
0.215895 0.157495 0.62661
0.398676 0.0522257 0.549098
0.599424 0.143944 0.256632
0.174931 0.234583 0.590487
3.03761e-17 0.547208 0.452792
0.136482 0.311853 0.551664
0.0815218 0.918478 0
0.749999 8.32666e-17 0.250001
0.0318247 0.582648 0.385527
0.291983 0.458016 0.250001
0.122462 0.0977986 0.779739
3.61871e-17 0.651889 0.348111
0.675003 7.49404e-17 0.324997
0.129957 0.429938 0.440105
0.537205 0.212794 0.250001
0.304225 0.222941 0.472834
0.128433 0.202021 0.669547
0.702445 0.297555 0
0.294096 3.26512e-17 0.705904
0.163298 0.836702 0
0.467793 0.139579 0.392629
0.451648 0.548352 0
0.674176 0.0758224 0.250001
0.219781 0.268554 0.511665
0.261729 0.188754 0.549517
0.24538 0.75462 0
0.914625 0.0853751 0
0.829603 0.170397 0
0.618426 0.381574 0
0.0868237 0.505883 0.407293
0.554228 0.0974834 0.348288
0.220759 0.504433 0.274807
1.18922e-17 0.21423 0.78577
0.107001 0.642998 0.250001
0.0268706 0.0329569 0.940173
0.787178 0.212822 0
0.380443 0.300361 0.319197
0.0991717 0 0.900828
0.179085 0.570913 0.250001
0.26056 0.305344 0.434096
0.027462 0.147519 0.825019
0.542049 6.01795e-17 0.457951
0.41465 0.335349 0.250001
0.0885547 0.395931 0.515515
0.254721 0.0818531 0.663426
0.744817 0.255183 0
0.410311 0.589689 0
5.55112e-17 1 0
0.534692 0.465308 0
0.122358 0.877642 0
1.73938e-17 0.313339 0.686661
0.204302 0.795698 0
0.327712 0.672288 0
2.49361e-17 0.449209 0.550791
0.256688 0.421614 0.321698
0.493111 0.506889 0
0.349153 0.139798 0.511048
0.216071 0.385164 0.398765
2.1166e-17 0.381293 0.618707
