0.17356 0.182876 0.643564
1.08774e-17 0.19595 0.80405
0.283871 0.314709 0.40142
0.140824 0.139663 0.719512
0.661989 7.34955e-17 0.338011
0.0713929 0.15878 0.769827
0.0118054 0.253188 0.735007
0.570802 0.429198 0
0.243465 0.272689 0.483847
0.265038 0.734962 0
0.330039 0.351319 0.318642
0.350628 0.0344694 0.614902
0.95737 0.0426303 0
0.177127 0.822873 0
0.0442491 0.955751 0
0.120428 0.389564 0.490008
0.75 8.32667e-17 0.25
0.39009 0.0785369 0.531373
0.249194 0.500806 0.25
0.743495 0.256505 0
0.636105 0.113895 0.25
0.249509 0.390654 0.359837
0.173173 0.536062 0.290765
0.0874344 9.70717e-18 0.912566
0.164628 0.309634 0.525739
0.606517 0.0821016 0.311381
0.0834038 0.349427 0.567169
0.914697 0.0853032 0
0.871995 0.128005 0
0.786361 0.213639 0
0.355109 0.157783 0.487108
0.563784 0.0582168 0.377999
4.00297e-18 2.37526e-17 1
0.440587 0.309413 0.25
0.131932 0.263474 0.604594
0.251626 0.142587 0.605787
3.38482e-17 0.609755 0.390245
0.464066 0.032977 0.502957
0.221079 0.778921 0
0.429731 0.256289 0.31398
0.058509 0.0919386 0.849552
0.424549 0 0.575451
0.264196 0.0318514 0.703953
0.2828 0.192086 0.525114
0.483884 0.516116 0
0.657275 0.342725 0
0.829176 0.170824 0
2.78916e-17 0.50245 0.49755
1.79761e-17 0.323829 0.676171
0.49588 0.0878357 0.416284
0.308816 0.691184 0
0.526992 5.85079e-17 0.473008
0.29651 0.433176 0.270314
0.0933488 0.218655 0.687996
0.154774 0.595226 0.25
0.317181 0.108711 0.574108
0.512673 0.237327 0.25
0.0138868 0.0480214 0.938092
0.690612 0.0426401 0.266748
0.0810642 0.465214 0.453722
1 0 0
0.132856 0.867144 0
0.700389 0.299611 0
0.156618 1.7388e-17 0.843382
0.320497 0.238174 0.441329
0.527363 0.472637 0
0.00307335 0.67189 0.325036
0.565533 0.174634 0.259833
4.16334e-17 0.75 0.25
0.208209 0.227163 0.564628
0.203965 0.351467 0.444568
0.0288797 0.542782 0.428338
0.164506 0.427166 0.408329
2.19889e-17 0.396117 0.603883
0.396705 0.603295 0
0.0885839 0.911416 0
0.59451 6.60039e-17 0.40549
0.0944978 0.622901 0.282601
0.352782 0.647218 0
0.368362 0.381638 0.25
6.74887e-18 0.121577 0.878423
0.0732417 0.577359 0.349399
0.363065 0.284136 0.352799
0.465808 0.17686 0.357332
0.324873 3.60682e-17 0.675127
0.614088 0.385912 0
0.0312799 0.43316 0.53556
0.208534 0.463063 0.328403
0.0603586 0.689641 0.25
0.440336 0.559664 0
0.121318 0.504321 0.374361
5.55112e-17 1 0
0.225763 2.50647e-17 0.774237
0.53069 0.138979 0.330331
0.42844 0.122837 0.448723
0.225968 0.101981 0.672051
0.394037 0.204481 0.401482
0.0597466 0.297523 0.64273
0.12251 0.0614253 0.816064
0.17537 0.075044 0.749586
