1 0 0
0.110172 0.438113 0.451715
0.237068 0.442523 0.320409
0.42024 0.254422 0.325338
0.562536 0.437464 0
0.311353 0.24968 0.438967
0.0118064 0.239887 0.748307
0.552234 0.197766 0.25
0.761976 0.238024 0
0.682345 0.317655 0
0.185842 0.276294 0.537865
0.370902 0.0354501 0.593648
0.0669638 0.275943 0.657093
0 0.18041 0.81959
0.495371 0.224832 0.279797
0.602596 0.397404 0
0.474476 0.17193 0.353594
0.75 8.32667e-17 0.25
0.0205942 0.484089 0.495317
0.482441 0.517559 0
0.102827 0.320169 0.577004
0.567971 0.138358 0.293671
0.477422 0.041914 0.480664
0 0.0644019 0.935598
2.41235e-17 0.43457 0.56543
0.254197 0.131517 0.614286
0.233528 0.298371 0.468101
0.841512 0.158488 0
0.960439 0.0395608 0
0.160465 0.839535 0
0.158204 0.475417 0.366378
0.120318 0.879682 0
0.445064 0 0.554936
0.281166 0.718834 0
0.199939 0.523493 0.276569
0.141721 0.239508 0.618771
0.115211 0.55347 0.331319
0.288549 0.0448299 0.666621
3.07853e-17 0.554578 0.445422
0.391304 0.20821 0.400485
0.0216033 0.107822 0.870575
0.21618 0.0816549 0.702165
0.400434 0.0829572 0.516609
0.255745 0 0.744255
0.722195 0.277805 0
0.0160121 0.36447 0.619518
0.142496 0.112359 0.745145
0.382909 0.341652 0.275439
0.1862 0.0258357 0.787964
0.219576 0.209267 0.571158
0.401974 0.598026 0
0.0400923 0.959908 0
0.518923 0.0968638 0.384213
0.296139 0.375374 0.328487
0.0715568 0.397598 0.530845
0.075015 0.00495004 0.920035
5.55112e-17 1 0
4.53718e-17 1.01394e-17 1
0.085865 0.62848 0.285655
0.192977 0.393574 0.413448
0.0268995 0.599206 0.373895
0.688926 0.0313887 0.279686
0.0672733 0.150446 0.78228
0 0.310179 0.689821
0.321444 0.678556 0
0.645199 0.104801 0.25
0.801751 0.198249 0
0.439088 0.125515 0.435397
0.52257 0.47743 0
0.64244 0.35756 0
0.0801924 0.919808 0
0.200676 0.799324 0
0.150926 0.355456 0.493618
0.573252 0.02326 0.403488
0.285793 0.194793 0.519415
0.0754678 0.515009 0.409523
0.345344 0.294509 0.360147
0.53906 5.98477e-17 0.46094
0.0984042 0.197639 0.703957
0.265598 0.339918 0.394483
0.240892 0.759108 0
0.270159 0.479841 0.25
0.0586345 0.691365 0.25
0.361682 0.638318 0
0.451526 0.298473 0.25
0.177852 0.162116 0.660032
0.158405 0.591595 0.25
3.70585e-17 0.667587 0.332413
0.602995 0.0697071 0.327298
0.920801 0.0791985 0
4.16334e-17 0.75 0.25
0.100268 0.071265 0.828467
0.1429 0 0.8571
0.646874 7.18175e-17 0.353126
0.358754 0.161788 0.479457
0.44225 0.55775 0
0.881195 0.118805 0
0.339541 0.410459 0.25
0.323486 0.109605 0.566908
0.348243 0 0.651757
