0.199697 0.166717 0.633586
0.0303645 0.0295514 0.940084
0.0750364 0.418731 0.506232
0.280334 0.719666 0
0.112054 0.461343 0.426603
0.301204 3.34403e-17 0.698796
0.369646 0.081178 0.549176
0.249347 0.0844214 0.666232
0.0758671 0.671283 0.25285
3.12552e-17 6.58894e-17 1
0.253318 0.343836 0.402845
0.120071 0.879929 0
0.305575 0.261112 0.433313
0.198458 0.0622334 0.739308
0.416436 0.252967 0.330597
5.55112e-17 1 0
0.106078 0.578613 0.315308
0.960156 0.0398437 0
0.07416 0.0692967 0.856543
0.92029 0.0797096 0
0.0400263 0.959974 0
0.800706 0.199294 0
0.456249 0.293751 0.25
0.0210219 0.504384 0.474595
0.239945 0.449716 0.310339
0.3381 0.0305376 0.631362
0.215998 0.313942 0.470061
0.329357 0.161475 0.509168
0.156917 0.498515 0.344568
1.86991e-17 0.336335 0.663665
0.75 8.32667e-17 0.25
0.080057 0.919943 0
0.185918 0.284311 0.529771
7.58571e-17 0.455393 0.544607
0.23012 2.55484e-17 0.76988
0.0222741 0.265696 0.71203
0.199894 0.417986 0.382119
0.880447 0.119553 0
0.320433 0.679567 0
0.158002 0.136196 0.705802
0.295709 0.375686 0.328605
0.152498 0.249546 0.597956
0.840574 0.159426 0
0.409579 0.124285 0.466136
0.480819 0.519181 0
0.0735753 0.536612 0.389813
0.289094 0.11952 0.591386
0.200167 0.799833 0
0.109629 0.340477 0.549894
0.376715 0.207395 0.415891
0.343109 0.406891 0.25
0.449284 0.0337998 0.516916
0.452137 0.171802 0.37606
0.110971 0.217142 0.671887
0.586113 6.50717e-17 0.413887
1 0 0
0.0737449 0.29815 0.628106
3.65321e-17 0.219313 0.780687
0.680926 0.319074 0
1.72096e-17 0.103314 0.896686
0.515717 5.72561e-17 0.484283
0.640987 0.359013 0
0.484095 0.087387 0.428518
0.385757 0.338715 0.275528
0.656487 7.28847e-17 0.343513
0.0753294 0.178765 0.745906
0.495893 0.22225 0.281858
0.760795 0.239205 0
0.160129 0.839871 0
0.104124 1.15601e-17 0.895876
0.564191 0.185809 0.25
0.400634 0.599366 0
0.560944 0.439056 0
0.525001 0.138478 0.336521
0.688898 0.0405287 0.270574
0.022496 0.150255 0.827249
0.160615 0.0132118 0.826173
3.19245e-17 0.5751 0.4249
0.600973 0.399027 0
4.16334e-17 0.75 0.25
0.360529 0.639471 0
0.0213129 0.385221 0.593466
0.520885 0.479115 0
0.238453 0.199834 0.561713
0.115354 0.100035 0.78461
0.72086 0.27914 0
0.601845 0.0855993 0.312555
0.0259372 0.622084 0.351979
0.156816 0.383884 0.459299
3.811e-17 0.686528 0.313472
0.341875 0.297332 0.360793
0.556202 0.0592808 0.384517
0.636572 0.113428 0.25
0.273467 0.233256 0.493277
0.270694 0.479306 0.25
0.410141 4.55348e-17 0.589859
0.144007 0.605993 0.25
0.440746 0.559254 0
0.199859 0.538211 0.26193
0.240255 0.759745 0
