0.0801952 0.392836 0.526969
0.0986856 0.0236246 0.87769
0.64405 7.15039e-17 0.35595
0.0768253 0.514317 0.408858
1 0 0
0.453825 0.268655 0.27752
1.02562e-17 0.18476 0.81524
0.395096 4.38645e-17 0.604904
0.0291242 0.227381 0.743495
0.485178 0.0701432 0.444678
0.0564784 0.339324 0.604198
0.277846 0.345305 0.37685
0.0816441 0.261478 0.656878
0.540323 0.459677 0
0.115017 0.884983 0
0.160422 0.349049 0.490528
0.529427 0.106721 0.363853
0.324313 0.00523565 0.670451
0.346302 0.653698 0
0.340815 0.409185 0.25
0.191819 0.808181 0
0.520074 5.77398e-17 0.479926
0.20405 0.263362 0.532588
0.235858 0.0615372 0.702605
0.32308 0.143304 0.533616
0.359967 0.0662938 0.573739
0.962017 0.0379831 0
0.407464 0.226797 0.365739
0.886022 0.113978 0
0.253315 2.81236e-17 0.746685
0.11968 0.183061 0.69726
0.235782 0.433236 0.330982
0.694727 0.305273 0
0.487961 0.185496 0.326543
0.153447 0.846553 0
0.115182 0.434806 0.450011
0.166522 0.0969427 0.736535
0.573119 0.155356 0.271525
0.0265495 0.482094 0.491356
0.307599 0.692401 0
0.4498 0.0157945 0.534405
0.656267 0.343733 0
0.158401 0.474244 0.367354
2.0439e-17 0.368197 0.631803
0.283941 0.223653 0.492407
0.24399 0.180733 0.575277
0.0865722 0.628156 0.285272
4.16334e-17 0.75 0.25
3.07648e-17 0.55421 0.44579
0.771507 0.228493 0
0.0766333 0.923367 0
0.128069 0.0693548 0.802576
1.6381e-17 0.295093 0.704907
0.579058 0.420942 0
0.0365343 0.111381 0.852085
0.159689 0.590311 0.25
5.55112e-17 1 0
2.44939e-17 0.441243 0.558757
0.0810385 0.146141 0.772821
0.176459 0 0.823541
0.197385 0.391012 0.411603
0.365679 0.303854 0.330467
3.70466e-17 0.667372 0.332628
0.75 8.32667e-17 0.25
0.267964 0.482036 0.25
0.603617 0.072086 0.324297
0.688892 0.0304813 0.280627
0.733197 0.266803 0
0.365579 0.18393 0.45049
0.0607097 0 0.93929
0.462716 0.537284 0
0.61767 0.38233 0
0.201867 0.141908 0.656225
0.283205 0.0959758 0.62082
0.115556 0.553096 0.331347
0.126971 0.303452 0.569577
0.312702 0.380995 0.306303
0.525024 0.224976 0.25
0.445585 0.146904 0.407511
0.230362 0.769638 0
4.49441e-18 0.0809641 0.919036
2.55521e-17 8.54702e-17 1
0.162679 0.222575 0.614746
0.240753 0.30588 0.453367
0.809786 0.190214 0
0.644213 0.105787 0.25
0.501589 0.498411 0
0.572909 0.0171707 0.409921
0.405861 0.101726 0.492413
0.423839 0.576161 0
0.413728 0.336272 0.25
0.0382983 0.961702 0
0.924085 0.0759154 0
0.324036 0.264682 0.411282
0.269 0.731 0
0.385019 0.614981 0
0.199783 0.520163 0.280054
0.0589351 0.691065 0.25
0.027069 0.598907 0.374024
0.847925 0.152075 0
