0.420397 0.579603 0
0.182003 0.32923 0.488766
0.45035 4.99989e-17 0.54965
0.143477 0.411134 0.445389
0.184781 0.076076 0.739143
0.372426 0.169575 0.457999
0.539902 0.140694 0.319404
0.0167574 0.160027 0.823216
0.114647 0.885353 0
3.60778e-17 0.64992 0.35008
1 0 0
0.672516 0.0774837 0.25
5.8761e-18 0.105854 0.894146
0.554986 6.16158e-17 0.445014
0.0687794 0.320738 0.610482
0.343796 0.656204 0
0.0360232 0.688785 0.275192
0.75 8.32667e-17 0.25
5.55112e-17 1 0
0.101123 0.368831 0.530045
0.14589 0.15737 0.69674
0.0300662 0.030843 0.939091
0.337541 0.120496 0.541963
0.144289 0.284114 0.571598
0.767002 0.232998 0
0.338893 3.76246e-17 0.661107
0.922279 0.0777212 0
0.0159767 0.284029 0.699995
0.651093 0.348907 0
0.185325 0.564675 0.25
0.0382254 0.961775 0
0.381644 0.0279952 0.59036
0.224808 0.115145 0.660047
0.844537 0.155463 0
0.612748 0.103249 0.284003
0.136373 0.530996 0.332632
0.338371 0.253341 0.408288
0.487615 0.0335904 0.478795
0.568016 0.181984 0.25
1.27618e-17 0.229896 0.770104
0.389534 0.290047 0.320419
0.728308 0.271692 0
0.260147 0.162439 0.577414
0.154345 0.0216328 0.824022
0.473411 0.186574 0.340015
0.308359 0.332871 0.35877
0.182747 0.453705 0.363548
4.16334e-17 0.75 0.25
0.22922 0.77078 0
0.0366427 0.577242 0.386115
0.223777 2.48442e-17 0.776223
0.695028 7.71636e-17 0.304972
0.494652 0.246677 0.258671
0.224458 0.370715 0.404828
0.106031 0.113845 0.780123
2.6486e-17 0.47713 0.52287
0.093508 0.495935 0.410557
0.10198 0.241705 0.656315
0.300524 0.0783494 0.621126
0.411432 0.217814 0.370754
0.221656 0.246274 0.53207
0.689658 0.310342 0
0.298265 0.207226 0.494509
0.105058 1.16638e-17 0.894942
0.42985 0.32015 0.25
0.497138 0.502862 0
1.03206e-16 1.34545e-17 1
0.0161702 0.408443 0.575387
0.269098 0.0246664 0.706235
0.265277 0.410762 0.323961
0.458748 0.541252 0
0.18258 0.201375 0.616044
0.805738 0.194262 0
0.883405 0.116595 0
0.267381 0.732619 0
0.382057 0.617943 0
0.574024 0.425976 0
0.110823 0.639177 0.25
0.51119 0.0910783 0.397732
0.961152 0.038848 0
0.261881 0.290807 0.447312
0.0696705 0.194612 0.735718
0.301709 0.448291 0.25
0.444099 0.129651 0.42625
0.0716616 0.0743041 0.854034
0.356074 0.377242 0.266684
1.96624e-17 0.354207 0.645793
0.0651574 0.4492 0.485643
0.580405 0.0489853 0.37061
0.53554 0.46446 0
0.410966 0.0826031 0.506431
3.03708e-17 0.547112 0.452888
0.640599 0.00350843 0.355892
0.0841444 0.603944 0.311912
0.228665 0.496092 0.275243
0.15288 0.84712 0
0.0764413 0.923559 0
0.305567 0.694433 0
0.191049 0.808951 0
0.612543 0.387457 0
