0.481198 0.0249813 0.493821
0.880983 0.119017 0
1 0 0
0.342857 0.283561 0.373582
0.0370748 0.962925 0
0.553275 0.124196 0.322528
0.25087 2.78522e-17 0.74913
0.26735 0.194212 0.538438
0.233104 0.146278 0.620618
0.384328 0.330572 0.2851
0.148532 0.601468 0.25
0.2996 0.7004 0
0.111978 0.572743 0.31528
0.64527 0.35473 0
0.0084029 0.335563 0.656034
0.960268 0.0397315 0
0.465444 0.157852 0.376704
0.627423 6.9658e-17 0.372577
0.597084 0.0593822 0.343534
0.451835 0.548165 0
0.552031 6.12878e-17 0.447969
0.39337 0.0775274 0.529103
0.223957 0.776043 0
3.18981e-17 0.574624 0.425376
0.413737 0.586263 0
1.77058e-19 2.41091e-17 1
0.223609 0.278255 0.498136
0.337009 3.74155e-17 0.662991
0.524572 0.225428 0.25
0.514141 0.0783803 0.407479
0.273889 0.0537468 0.672364
0.495548 0.198439 0.306013
0.0961574 1.06756e-17 0.903843
0.0560694 0.476799 0.467132
0.375642 0.624358 0
5.55112e-17 1 0
0.452655 0.297345 0.25
0.490222 0.509778 0
0.0785349 0.669447 0.252018
0.59543 0.153727 0.250843
0.0683169 0.0704997 0.861183
3.80215e-17 0.684934 0.315066
0.801999 0.198001 0
0.133199 0.44421 0.422591
0.161001 1.78747e-17 0.838999
4.16334e-17 0.75 0.25
0.0331276 0.200579 0.766294
0.206798 0.53223 0.260972
0.0890165 0.406669 0.504315
0.175844 0.362299 0.461857
0.309869 0.109963 0.580168
0.360589 0.0338627 0.605548
0.277593 0.472407 0.25
0.0936525 0.10778 0.798568
2.74234e-17 0.494016 0.505984
0.684336 0.315664 0
0.120452 0.149841 0.729707
0.528802 0.471198 0
0.660872 0.0891281 0.25
0.349631 0.400369 0.25
0.248824 0.440017 0.311159
0.436672 4.84803e-17 0.563328
0.153452 0.192147 0.6544
0.0743353 0.925665 0
0.0304865 0.618014 0.351499
0.261603 0.738397 0
0.920566 0.0794344 0
0.567465 0.432535 0
0.142355 0.319711 0.537934
6.62093e-17 0.169641 0.830359
0.166969 0.489439 0.343592
0.762686 0.237314 0
0.186458 0.813542 0
0.101355 0.282451 0.616194
0.347999 0.156046 0.495955
0.111589 0.888411 0
0.432294 0.113606 0.4541
0.186423 0.235356 0.578221
0.304825 0.238982 0.456193
0.385648 0.198936 0.415415
0.199763 0.100637 0.6996
0.0728834 0.238455 0.688662
0.0634404 0.365306 0.571253
1.52416e-17 0.274569 0.725431
0.606422 0.393578 0
0.176798 0.0499474 0.773254
0.841375 0.158625 0
0.0817201 0.52882 0.38946
0.301051 0.363296 0.335654
0.75 8.32667e-17 0.25
0.025551 0.0322955 0.942154
0.337719 0.662281 0
4.01625e-17 0.102904 0.897096
0.260419 0.321612 0.417969
2.29487e-17 0.413407 0.586593
0.723565 0.276435 0
0.213746 0.402318 0.383936
0.687171 0.0147197 0.29811
0.420447 0.245617 0.333936
0.149005 0.850995 0
