0.311669 0.0880754 0.600255
0.0666179 0.0851915 0.848191
3.21e-17 0.115594 0.884406
0.845643 0.154357 0
0.349637 0.373442 0.276921
0.416836 0.333164 0.25
0.23031 0.253669 0.516021
0.263317 0.0623448 0.674338
0.601821 0.0456994 0.352479
5.42931e-17 1.21801e-18 1
0.661871 7.34824e-17 0.338129
0.19105 0.333553 0.475396
0.103073 0.257949 0.638978
0.248343 0.751657 0
0.137081 0.0617645 0.801155
1 0 0
0.0758159 0.459142 0.465042
0.293244 3.25566e-17 0.706756
0.686618 0.0386908 0.274691
0.015245 0.302917 0.681838
0.0415777 0.958422 0
0 1 0
0.0738576 0.596906 0.329237
0.582549 0.167451 0.25
0.410993 0.589007 0
0.148837 0.295911 0.555252
0.728841 0.271159 0
0.311791 0.216043 0.472166
0.647988 0.102012 0.25
0.88441 0.11559 0
0.0673791 0.214213 0.718408
0.190208 0.45892 0.350872
0.146795 0.563573 0.289632
0.491236 0.508764 0
0.186089 0.216437 0.597474
0.0111908 0.176564 0.812245
0.465371 5.16666e-17 0.534629
0.16594 0.83406 0
0.422807 0.0863524 0.490841
0.0327977 0.686927 0.280276
0.347667 0.128102 0.524231
0.311006 0.322962 0.366032
0.107594 0.642406 0.25
0.205807 0.544193 0.25
0.053613 0.539372 0.407015
0.0831811 0.916819 0
0.166287 1.84615e-17 0.833713
0.230113 0.370886 0.399001
6.90023e-17 0.247327 0.752673
0.806765 0.193235 0
0.51719 0.23281 0.25
0.0951815 1.05673e-17 0.904819
0.525975 0.0870187 0.387007
0.235627 0.48561 0.278764
0.76796 0.23204 0
0.610684 0.389316 0
3.66732e-17 0.645101 0.354899
0.0707463 0.336271 0.592982
0.145314 0.175425 0.679261
0.107791 0.378979 0.513229
0.570936 0.429064 0
0.689553 0.310447 0
0.124788 0.875212 0
0.451141 0.548859 0
0.75 8.32667e-17 0.25
0.451847 0.262798 0.285355
0.307772 0.442228 0.25
0.207194 0.792806 0
0.484046 0.179638 0.336316
0.375137 0.29149 0.333373
0.269428 0.405238 0.325333
0.531101 0.468899 0
0.182831 0.0957933 0.721375
0.370653 0.629347 0
0.289144 0.710856 0
0.151706 0.417719 0.430575
0.278459 0.28583 0.435711
0.570701 6.33606e-17 0.429299
0.377743 0.177114 0.445143
0.0974675 0.138372 0.764161
0.225986 0.137246 0.636769
0.9616 0.0384002 0
0.0212938 0.423311 0.555395
0.923102 0.0768979 0
3.20332e-17 0.568719 0.431281
0.501287 0.0333563 0.465357
0.453703 0.130783 0.415514
2.84409e-17 0.492356 0.507644
0.558571 0.128629 0.3128
1.03772e-16 0.373476 0.626524
0.269437 0.173545 0.557019
0.0210155 0.0414261 0.937558
0.650109 0.349891 0
0.394736 0.0357308 0.569533
0.363095 4.03117e-17 0.636905
0.402257 0.221899 0.375844
0.120449 0.50479 0.374761
0.224723 0.011389 0.763888
4.26703e-17 0.75 0.25
0.32988 0.67012 0
