2.61439e-17 0.470668 0.529332
0.273228 0.476772 0.25
0.169059 0.251051 0.57989
0.201279 0.527765 0.270956
0.195185 0.804815 0
0.351307 0.648693 0
5.55465e-17 1 0
0.442336 0.23131 0.326355
0.176828 0.114454 0.708719
0.150235 0.379946 0.469819
0.121001 0.343293 0.535706
0.540818 0.0626888 0.396493
0.0465485 0.0191089 0.934343
0.924944 0.0750564 0
0.412376 0.337624 0.25
0.110285 0.563524 0.326191
0.678564 0.0714361 0.25
0.469995 0.0893601 0.440645
0.252855 0.0791401 0.668005
1.49261e-17 0.268715 0.731285
0.153562 0.487786 0.358653
0.239956 0.442475 0.317568
2.89098e-17 2.66013e-17 1
0.427322 0.176954 0.395724
0.962458 0.0375425 0
4.16599e-17 0.75 0.25
0.338273 0.405096 0.256631
0.203018 0.294706 0.502276
0.397473 0.126288 0.476239
0.323337 0.168909 0.507754
2.11676e-17 0.38108 0.61892
0.273305 0.726695 0
0.140617 0.0692869 0.790096
0.0695874 0.0988847 0.831528
0.502918 0.144024 0.353057
0.223381 0.0257445 0.750874
0.103822 0.452856 0.443322
0.379079 0.310363 0.310558
0.024414 0.505163 0.470423
0.545005 0.454995 0
0.112209 0 0.887791
0.0988869 0.153782 0.747331
0.402124 0 0.597876
3.30181e-17 0.0847595 0.91524
0.774233 0.225767 0
0.583538 0.416462 0
0.180704 0 0.819296
0.849752 0.150248 0
0.698259 0.301741 0
0.0194056 0.197082 0.783513
0.137956 0.201099 0.660946
0.537224 0.191055 0.27172
0.811983 0.188017 0
0.467735 0.532265 0
2.93299e-16 0.58461 0.41539
0.660119 0.339881 0
0.292801 0 0.707199
0.153481 0.596519 0.25
0.0780154 0.921985 0
0.429057 0.570943 0
0.211911 0.163055 0.625035
0.196918 0.409676 0.393406
0.502792 0 0.497208
0.234293 0.765707 0
0.607018 0.142982 0.25
3.67046e-17 0.660791 0.339209
0.333506 0.0290647 0.63743
0.390217 0.609783 0
0.333402 0.28509 0.381509
1 0 0
0.0682397 0.538651 0.39311
0.291148 0.366026 0.342826
0.0565901 0.69341 0.25
0.887379 0.112621 0
0.243959 0.331972 0.424068
0.506347 0.493653 0
0.362846 0.214549 0.422605
0.487572 0.262428 0.25
0.156099 0.843901 0
0.246634 0.208584 0.544781
0.584311 0.0937734 0.321916
0.284375 0.251918 0.463708
0.0683407 0.236266 0.695393
0.568585 0 0.431415
0.0790282 0.630048 0.290924
0.668105 0.0234365 0.308459
0.75 0 0.25
4.23527e-17 0.150922 0.849078
0.621734 0.378266 0
0.634369 0 0.365631
0.438178 0.0357648 0.526058
0.0212804 0.320691 0.658029
0.362114 0.082662 0.555224
0.0944447 0.294177 0.611379
0.0390175 0.960982 0
0.288802 0.121358 0.58984
0.117024 0.882976 0
0.736421 0.263579 0
0.0483329 0.400992 0.550675
0.312304 0.687696 0
