0.524127 0.0672195 0.408654
0.604718 0.0268934 0.368389
0.0794458 0.175478 0.745076
0.350142 0.360725 0.289133
0.495134 5.49709e-17 0.504866
0.397345 4.41141e-17 0.602655
0.200098 0.0594959 0.740406
0.0655729 0.42733 0.507097
1.0844e-16 2.58241e-18 1
1 0 0
0.267066 0.266379 0.466555
0.552355 0.447645 0
0.14582 0.390295 0.463885
0.273604 0.726396 0
0.417613 0.332387 0.25
0.38011 0.276539 0.343351
0.560149 0.110546 0.329305
0.487746 0.150261 0.361992
0.127581 0.085611 0.786808
0.306496 0.31199 0.381514
0.392468 0.607532 0
0.326209 0.0389436 0.634847
0.75 8.32667e-17 0.25
0.713907 0.286093 0
0.0888026 0.038494 0.872703
0.158753 1.76251e-17 0.841247
0.455555 0.0959066 0.448539
0.227548 0.348983 0.423469
0.0898326 0.475076 0.435091
0.512218 0.487782 0
0.243613 0.0896452 0.666742
0.472217 0.527783 0
0.0736802 0.301105 0.625215
0.298003 3.30849e-17 0.701997
0.958925 0.0410749 0
0.563128 6.25198e-17 0.436872
0.313111 0.686889 0
0.234321 0.765679 0
0.69311 0.0568897 0.25
0.21424 0.53576 0.25
2.92337e-17 0.526628 0.473372
4.41618e-18 0.0795549 0.920445
6.1994e-17 0.223353 0.776647
0.632529 0.0843134 0.283157
4.16334e-17 0.75 0.25
0.100501 0.649499 0.25
0.343182 0.226965 0.429853
0.152166 0.261802 0.586032
0.30857 0.179683 0.511747
0.449318 0.233312 0.31737
4.20443e-17 0.151478 0.848522
0.383703 0.136584 0.479713
0.428498 0.0406541 0.530848
0.0190034 0.387113 0.593884
0.595121 0.154879 0.25
5.55112e-17 1 0
0.187476 0.306777 0.505747
0.158598 0.137208 0.704194
0.248627 0.467406 0.283967
0.0613732 6.81379e-18 0.938627
3.55504e-17 0.64042 0.35958
7.62046e-17 0.456202 0.543798
0.836077 0.163923 0
0.632834 0.367166 0
0.673275 0.326725 0
0.195628 0.177174 0.627198
0.318183 0.431817 0.25
0.0241819 0.567427 0.408392
0.415452 0.186183 0.398365
9.32775e-17 0.336062 0.663938
0.0576929 0.119465 0.822842
0.270859 0.390923 0.338217
0.116911 0.883089 0
0.0259738 0.264982 0.709044
0.432234 0.567766 0
0.0389158 0.961084 0
0.918031 0.0819686 0
0.276101 0.132679 0.59122
0.171442 0.497 0.331557
0.155997 0.844003 0
0.188905 0.428785 0.38231
0.592507 0.407493 0
0.147715 0.578877 0.273408
0.107684 0.525842 0.366474
0.352472 0.090138 0.55739
0.485962 0.264038 0.25
0.0708231 0.603692 0.325485
0.528921 0.195243 0.275836
0.195112 0.804888 0
0.754492 0.245508 0
0.877029 0.122971 0
0.231296 0.220869 0.547834
0.0778733 0.922127 0
0.35271 0.64729 0
0.105764 0.347211 0.547025
0.228406 2.53581e-17 0.771594
0.0259636 0.689024 0.285012
0.67065 7.44571e-17 0.32935
0.795213 0.204787 0
0.112457 0.220646 0.666897
