0.143288 0.212479 0.644233
0.0128265 0.210551 0.776622
3.21571e-18 1.07807e-16 1
0.221979 0.528021 0.25
0.262128 0.21662 0.521252
0.381391 0.35039 0.268218
0.126608 0.547015 0.326377
5.55112e-17 1 0
0.0902 0.0387839 0.871016
0.671396 0.00476011 0.323844
0.305829 0.13215 0.562021
0.383312 0.0921704 0.524518
0.622037 0.105275 0.272688
0.63785 0.36215 0
0.418987 0.142161 0.438852
0.328617 3.64838e-17 0.671383
4.16334e-17 0.75 0.25
1 0 0
0.353529 0.0422324 0.604238
0.224141 0.17287 0.602989
0.492505 0 0.507495
2.24086e-17 0.403678 0.596322
1.56108e-17 0.281218 0.718782
0.199361 0.0271683 0.773471
0.0394174 0.960583 0
0.0973033 0.168497 0.734199
0.316848 0.683152 0
0.158037 0.841963 0
0.499352 0.101187 0.399461
0.502741 0.229661 0.267598
3.70837e-17 0.66804 0.33196
0.879597 0.120403 0
0.557299 0.442701 0
0.959894 0.0401058 0
0.329453 0.420547 0.25
0.75 8.32667e-17 0.25
0.118457 0.881543 0
0.14988 0.47444 0.37568
0.572886 0.177114 0.25
0.0889014 0.627679 0.28342
0.67821 0.32179 0
0.455955 0.0645332 0.479512
0.264238 8.8009e-17 0.735762
0.535676 0.14392 0.320404
0.15931 5.30608e-17 0.84069
0.516978 0.483022 0
0.255715 0.467805 0.276479
8.49464e-18 0.153026 0.846974
0.718528 0.281472 0
0.276993 0.723007 0
0.0680711 0.2471 0.684829
0.145236 0.339494 0.51527
0.542039 0.0188446 0.439116
0.295158 0.383615 0.321227
0.339193 0.304967 0.35584
0.237261 0.762739 0
0.476857 0.523143 0
0.0788843 0.921116 0
0.436688 0.563312 0
0.356708 0.643292 0
0.106718 0.427278 0.466004
0.132417 0.0864808 0.781102
0.0735158 0.514266 0.412218
0.378201 0.222051 0.399748
0.609359 6.76525e-17 0.390641
0.224089 0.0683618 0.70755
0.450729 0.299271 0.25
0.396687 0.603313 0
0.597572 0.402428 0
0.102681 0.294417 0.602902
0.216092 0.433837 0.350071
3.16227e-17 0.569663 0.430337
0.0313556 0.447489 0.521156
0.0617131 6.16637e-17 0.938287
0.0727656 0.371294 0.555941
0.270415 0.0911855 0.638399
0.299988 0.261282 0.43873
0.178109 0.136205 0.685687
0.0173979 0.33489 0.647712
0.580672 0.0681537 0.351175
0.058536 0.691464 0.25
0.0397004 0.595769 0.364531
0.758852 0.241148 0
0.459373 0.184529 0.356099
0.182434 0.256264 0.561302
0.839384 0.160616 0
0.258045 0.344797 0.397158
0.423261 4.69914e-17 0.576739
0.221567 0.300315 0.478118
0.686363 0.0636367 0.25
2.80082e-17 0.50455 0.49545
0.919791 0.0802088 0
0.0618385 0.118693 0.819469
0.181611 0.386477 0.431912
0.341133 0.177411 0.481456
4.48907e-18 0.0808678 0.919132
0.158171 0.591829 0.25
0.19758 0.80242 0
0.416287 0.262786 0.320927
0.799133 0.200867 0
