0.0306046 0.0291945 0.940201
0.0275649 0.1435 0.828935
0.0785473 0.0637525 0.8577
0.720473 0.279527 0
0.520261 0.479739 0
0.68046 0.31954 0
1 0 0
0.960122 0.0398777 0
0.0623846 0.577881 0.359734
0.371995 0.176747 0.451258
0.320268 0.679732 0
0.371845 0.297373 0.330782
0.640411 0.359589 0
0.330922 0.265275 0.403803
0.0145692 0.52447 0.460961
1.70315e-17 0.102237 0.897763
0.41412 0.32583 0.26005
0.440229 0.559771 0
0.455558 0.124702 0.41974
1.98141e-17 9.12082e-17 1
0.328316 0.0219453 0.649739
0.165678 0.584322 0.25
0.329681 0.145274 0.525045
0.120495 0.205524 0.673981
0.6719 0 0.3281
0.247916 0.193483 0.558601
0.0949609 0.62503 0.280009
0.612928 0.0318459 0.355226
0.396933 0 0.603067
0.280917 0 0.719083
0.120081 0.879919 0
0.48487 0.26513 0.25
0.160113 0.839887 0
0.368699 0.0657999 0.565502
0.800456 0.199544 0
0.560302 0.439698 0
0.362706 0.387294 0.25
0.204403 0.159381 0.636216
0.0800529 0.919947 0
1.78464e-17 0.321491 0.678509
0.0568302 0.363301 0.579869
0.0400237 0.959976 0
0.13951 0.542466 0.318024
0.416247 0.0900845 0.493669
0.280255 0.719745 0
0.0785179 0.415811 0.505671
2.61e-17 0.470176 0.529824
0.0306623 0.252448 0.71689
3.71795e-17 0.669766 0.330234
0.533137 0.0792176 0.387645
0.290121 0.229486 0.480393
0.123101 0.0882083 0.788691
0.600351 0.399649 0
0.174911 0 0.825089
0.125709 0.438824 0.435467
0.500171 0.0334531 0.466376
0.499039 0.159887 0.341073
0.165434 0.241253 0.593312
0.1673 0.360894 0.471805
0.546674 0.195973 0.257353
0.480244 0.519756 0
0.466729 0 0.533271
0.295117 0.356918 0.347965
0.75 0 0.25
0.234759 0.515241 0.25
0.400246 0.599754 0
0.209715 0.0319438 0.758342
0 0.75 0.25
2.19733e-17 0.395837 0.604163
0.288028 0.109087 0.602886
0.451743 0.237181 0.311076
0.103662 0 0.896338
0.880325 0.119675 0
0.360263 0.639737 0
0.129441 0.323448 0.547111
0.840426 0.159574 0
0.581136 0.105814 0.31305
0.920243 0.0797566 0
0.175505 0.474184 0.350311
3.3105e-17 0.596367 0.403633
0.683701 0.0599011 0.256398
0.209758 0.277195 0.513047
0.212452 0.396591 0.390957
0.16464 0.121158 0.714202
0.244193 0.0774343 0.678373
0.0906165 0.503942 0.405442
3.55014e-17 0.213108 0.786892
0.240206 0.759794 0
5.55112e-17 1 0
0.570989 0 0.429011
0.412242 0.208429 0.379329
0.0830583 0.284754 0.632188
0.310148 0.428462 0.261389
0.76048 0.23952 0
0.0607156 0.689284 0.25
0.0808735 0.168939 0.750188
0.251566 0.315477 0.432956
0.200158 0.799842 0
0.618282 0.131718 0.25
0.249835 0.442541 0.307624
