0.505574 0.244426 0.25
0.677631 0.322369 0
0.114852 0.290287 0.59486
0.95966 0.0403404 0
9.71777e-17 1.38446e-17 1
0.838601 0.161399 0
0.17214 0.551813 0.276047
0.113275 0.175502 0.711223
0.156869 0.0947654 0.748366
3.49299e-18 0.0629241 0.937076
0.318102 0.681898 0
0.327129 0.247171 0.4257
0.47616 0.199202 0.324637
0.372885 0.0358047 0.59131
0.0222003 0.220817 0.756983
0.63749 0.36251 0
0.75 8.32667e-17 0.25
0.243722 0.167753 0.588526
0.617773 0.132227 0.25
0.159359 0.441156 0.399485
0.297264 0.43903 0.263707
0.671805 0.0688199 0.259375
0.115147 0.406544 0.478309
0.477478 0.522522 0
0.106313 0.0647329 0.828954
0.365857 0.169964 0.464179
0.327292 0.124542 0.548166
1.60822e-17 0.289712 0.710288
3.80282e-17 0.685055 0.314945
0.0397979 0.960202 0
0.684516 0.00334589 0.312138
0.442391 4.91153e-17 0.557609
0.143939 1.59804e-17 0.856061
0.59741 0.40259 0
0.878981 0.121019 0
5.55112e-17 1 0
0.158434 0.211459 0.630107
0.159689 0.326595 0.513716
0.287364 0.32171 0.390926
0.268405 2.9799e-17 0.731595
0.798307 0.201693 0
0.357869 0.642131 0
0.437543 0.562457 0
0.407722 0.217473 0.374806
0.08767 0.587752 0.324578
0.13281 0.61719 0.25
0.717866 0.282134 0
4.16334e-17 0.75 0.25
0.243411 0.285293 0.471296
0.198623 0.0129399 0.788437
0.284845 0.206446 0.508708
0.159106 0.840894 0
0.248325 0.400145 0.35153
0.47699 0.0662943 0.456716
0.0795748 0.920425 0
0.622445 6.91053e-17 0.377555
0.517132 0.114643 0.368225
0.238568 0.761432 0
0.288122 0.0859514 0.625927
0.278297 0.721703 0
0.0688917 0.672987 0.258121
0.517407 0.482593 0
0.339592 3.77023e-17 0.660408
0.556138 0.0276687 0.416194
0.0773851 0.365704 0.556911
0.24303 0.506969 0.25
0.0247038 0.334564 0.640732
0.19842 0.134825 0.666755
0.513103 5.69659e-17 0.486897
0.371127 0.378873 0.25
0.238652 0.0614456 0.699903
0.202322 0.364138 0.43354
0.442407 0.142532 0.415061
0.0759687 0.00228836 0.921743
0.0210775 0.618383 0.360539
0.119346 0.880654 0
0.331467 0.353933 0.3146
0.198842 0.801158 0
0.590977 0.080558 0.328465
0.377437 0.28273 0.339834
0.397685 0.602315 0
0.0268052 0.100366 0.872828
0.203115 0.474135 0.322749
0.0731217 0.486239 0.440639
9.58313e-18 0.172634 0.827366
0.200667 0.24794 0.551394
0.0758751 0.25171 0.672415
0.758027 0.241973 0
0.4048 0.0883023 0.506898
0.557443 0.442557 0
0.114331 0.520264 0.365404
2.83934e-17 0.511491 0.488509
2.2399e-17 0.403504 0.596496
3.19829e-17 0.576153 0.423847
0.553091 0.169787 0.277122
0.919338 0.0806622 0
0.434525 0.305316 0.26016
0.0740923 0.138385 0.787522
1 0 0
0.0283532 0.445845 0.525802
