4.16336e-17 0.75 0.25
0.152466 0.134903 0.712631
0.283856 0.380561 0.335584
0.158417 0.256359 0.585224
0.64183 0.10817 0.25
0.247437 0.332952 0.419611
0.468825 0.531175 0
0 0 1
0.257944 0.742056 0
0.491126 0.0039908 0.504883
1 0 0
0.261312 2.90115e-17 0.738688
0.510461 0.489539 0
0.554805 6.15958e-17 0.445195
0.604749 0.0774386 0.317813
0.139254 0.446263 0.414483
0.959813 0.0401867 0
0.117041 0.0941942 0.788765
0.380202 0.369798 0.25
0.062268 0.480855 0.456877
0.325029 0.292616 0.382355
0.410477 0.250371 0.339152
0.328212 3.64388e-17 0.671788
1.8603e-17 0.111611 0.888389
0.286831 0.251729 0.46144
0.42683 0.57317 0
0.168071 0.371851 0.460077
0.0168901 0.0473261 0.935784
0.110435 0.219712 0.669853
0.487269 0.198449 0.314281
0.593128 0.406872 0
0.307176 0.433135 0.259689
0.573514 0.036708 0.389778
0.455156 0.159649 0.385195
0.450421 0.296032 0.253547
1.8579e-17 0.334688 0.665312
0.013501 0.569826 0.416673
0.838614 0.161386 0
0.0903102 0.0512278 0.858462
0.527201 0.113363 0.359436
0.217101 0.412404 0.370496
0.75 8.32667e-17 0.25
0.0687847 0.601367 0.329848
0.634546 0.365454 0
0.0221022 0.264767 0.713131
0.0769898 0.295906 0.627104
0.189316 0.180015 0.630669
7.38658e-17 0.443168 0.556832
0.193485 0.479929 0.326586
0.248511 0.501489 0.25
3.55582e-17 0.640558 0.359442
0.322738 0.114666 0.562596
0.0313833 0.143909 0.824708
0.675685 0.324315 0
0.370816 0.213049 0.416135
2.85415e-17 0.514158 0.485842
0.335445 0.171562 0.492994
0.0863354 0.913665 0
0.919511 0.0804889 0
0.431364 0 0.568636
0.472907 0.067591 0.459502
0.0990427 0.650957 0.25
0.0431766 0.956823 0
0.0753053 0.178377 0.746318
0.290532 0.0666974 0.64277
0.300652 0.699348 0
0.7573 0.2427 0
0.202936 0.294757 0.502307
0.366604 0.0292872 0.604109
0.418868 0.133952 0.44718
0.650173 7.21837e-17 0.349827
0.689538 0.0343866 0.276075
0.194539 0.0423285 0.763133
0.79804 0.20196 0
0.12939 0.87061 0
0.241245 0.217959 0.540796
0.0254617 0.688634 0.285904
0.394878 0.082692 0.52243
0.571201 0.160178 0.268621
0.119259 0.334719 0.546022
0.0811765 9.0124e-18 0.918823
6.02448e-17 0.217001 0.782999
0.224225 0.094578 0.681197
0.215201 0.784799 0
0.342814 0.657186 0
0.260472 0.148085 0.591443
0.17376 0.57624 0.25
0.172325 0.827675 0
0.716567 0.283433 0
0.55197 0.44803 0
0.166706 1.85081e-17 0.833294
0.879104 0.120896 0
0.52078 0.22922 0.25
5.55112e-17 1 0
0.0301059 0.376453 0.593441
0.143126 0.551634 0.30524
0.100023 0.521121 0.378856
0.384833 0.615167 0
0.0854984 0.408934 0.505567
0.358688 0.331235 0.310076
