0.57552 0.42448 0
0.434768 0.311414 0.253818
0.336801 0.0371409 0.626058
0.405087 0.117228 0.477685
0.510264 0.239736 0.25
1 0 0
0.310613 0.171782 0.517605
0.883857 0.116143 0
0.0385251 0.961475 0
0.586486 0.163514 0.25
0.0090378 0.251316 0.739646
0.729341 0.270659 0
0.0612269 0.15601 0.782763
0.192306 0.807694 0
0.133426 0.112826 0.753748
0.0816083 0.590444 0.327948
0.767941 0.232059 0
0.409055 4.54142e-17 0.590945
0.537188 0.462812 0
0.115498 0.884502 0
2.79702e-17 0.503867 0.496133
0.368558 0.179048 0.452394
0.961273 0.0387274 0
0.366122 0.383878 0.25
0.20925 0.348545 0.442205
0.652288 0.347712 0
0.66825 0.0817499 0.25
0.308462 3.42461e-17 0.691538
0.171847 0.0288886 0.799265
0.307381 0.692619 0
5.55112e-17 1 0
0.0616187 0.290366 0.648015
0.204243 0.187447 0.608311
0.690763 0.309237 0
0.345739 0.654261 0
0.133964 0.249652 0.616383
0.426367 0.188693 0.384939
0.6099 6.77125e-17 0.3901
0.75 8.32667e-17 0.25
0.224378 0.22795 0.547672
0.386775 0.27164 0.341585
0.0833311 0.465537 0.451132
0.165393 0.428703 0.405904
0.845174 0.154826 0
0.0918089 0.205421 0.70277
0.283779 0.131461 0.58476
8.85112e-18 1.19656e-17 1
0.422306 0.577694 0
0.169537 0.303646 0.526816
0.567356 0.104075 0.32857
0.135482 1.50415e-17 0.864518
0.122012 0.511998 0.365991
0.679951 7.54898e-17 0.320049
0.613886 0.386114 0
0.504255 0.142953 0.352792
0.294437 0.438199 0.267365
1.06167e-17 0.191254 0.808746
0.153934 0.846066 0
0.0858571 0.0770069 0.837136
0.293117 0.314724 0.392158
1.79072e-17 0.322587 0.677413
0.252908 0.0943623 0.65273
2.19237e-17 0.394942 0.605058
0.053541 0.683169 0.26329
0.472806 0.21644 0.310754
0.335124 0.242255 0.422621
0.240794 0.509206 0.25
0.545448 0.0438518 0.4107
0.0327195 0.431534 0.535747
0.51595 5.7282e-17 0.48405
0.269021 0.730979 0
0.212041 0.0681477 0.719811
0.240782 2.67321e-17 0.759218
0.633989 0.0620542 0.303957
0.204185 0.471267 0.324547
0.00873906 0.0559652 0.935296
0.474059 0.0913238 0.434617
0.169023 0.556237 0.27474
0.335135 0.348906 0.315959
0.922578 0.0774222 0
0.230705 0.769295 0
0.0769596 0.92304 0
0.168582 0.153952 0.677466
0.0360379 0.543476 0.420487
0.498894 0.501106 0
0.44838 0.0309134 0.520706
0.250905 0.393581 0.355514
0.123245 0.386482 0.490273
0.364933 0.0844701 0.550597
0.0734936 0.0060711 0.920435
0.0864948 0.342714 0.570791
0.1236 0.6264 0.25
3.36626e-17 0.606411 0.393589
0.256951 0.267619 0.475429
0.384002 0.615998 0
4.16334e-17 0.75 0.25
6.70146e-18 0.120723 0.879277
0.80649 0.19351 0
0.460615 0.539385 0
3.70104e-17 0.66672 0.33328
