0.211475 0.538525 0.25
0.458138 0.541862 0
0.029256 0.308434 0.66231
0.0379023 0.962098 0
0.296089 0.0292835 0.674628
0.410644 0.265386 0.32397
0.0684287 0.599035 0.332536
0.379055 0.352024 0.268921
1 0 0
0.15257 1.69387e-17 0.84743
0.419599 0.580401 0
0.171399 0.499197 0.329405
0 0.381922 0.618078
0.541042 0.0386275 0.420331
0.884 0.116 0
0.287222 0.276825 0.435953
0.75 8.32667e-17 0.25
0.266269 0.733731 0
0.922672 0.0773281 0
0.845269 0.154731 0
0.215478 0.0824092 0.702113
0 0.270544 0.729456
0.11143 0.381607 0.506963
0.412595 0.142406 0.444999
0.515714 5.72557e-17 0.484286
0.493916 0.224343 0.281741
0.0242331 0.687411 0.288356
0.152003 0.847997 0
0.16043 0.293394 0.546176
0.450754 0.299246 0.25
0.100798 0.519179 0.380024
0.29015 0.156759 0.553091
3.54146e-17 0.635685 0.364315
0.252855 0.118839 0.628307
0.0772298 0.340981 0.581789
0.16934 0.169952 0.660708
0.651451 0.348549 0
0.669711 0.080289 0.25
0.100194 0.649806 0.25
4.51092e-18 0.0812616 0.918738
0.143587 0.578111 0.278302
0.330463 0.190981 0.478557
0.0573723 6.36961e-18 0.942628
0.257697 0.471088 0.271215
0.190077 0.809923 0
0.245584 0.243198 0.511219
0.496724 0.503276 0
2.79605e-17 0.503692 0.496308
0.806548 0.193452 0
0.152466 0.417164 0.43037
0.0204008 0.127892 0.851707
0.0728675 0.467577 0.459555
0.139163 0.125944 0.734893
0.381147 0.618853 0
0.0214105 0.431388 0.547201
0.61883 0.0510455 0.330125
0.0632671 0.169135 0.767598
0.25618 2.84417e-17 0.74382
0.363682 4.03769e-17 0.636318
0.0809249 0.0382797 0.880795
0.204745 0.435457 0.359799
0.0857684 0.218412 0.69582
0.451528 0.0528396 0.495632
0.535274 0.464726 0
0.599661 0.129962 0.270378
0.119872 0.257567 0.622561
5.55112e-17 1 0
0.104554 0.0863728 0.809073
0.728952 0.271048 0
0.430669 4.78138e-17 0.569331
5.68407e-17 1.0163e-17 1
0.690148 0.309852 0
0.604854 6.71522e-17 0.395146
0.113921 0.886079 0
0.206013 0.207297 0.58669
0.612677 0.387323 0
0 0.198657 0.801343
0.198874 0.329574 0.471552
0.328465 0.421535 0.25
0.242796 0.358339 0.398865
4.16334e-17 0.75 0.25
0.304419 0.695581 0
0.689277 7.65251e-17 0.310723
0.76777 0.23223 0
0.075887 0.924113 0
0.573972 0.426028 0
0.374968 0.10192 0.523112
0.371018 0.227371 0.401611
0.228113 0.771887 0
0.288811 0.389039 0.32215
0.331126 0.312151 0.356724
0.0131739 0.562176 0.42465
0.454553 0.182837 0.362611
0.342738 0.657262 0
0.961324 0.0386755 0
0.539608 0.120002 0.34039
0.490453 0.102727 0.40682
0.334818 0.071041 0.594141
0.557404 0.192596 0.25
0.186254 0.0334611 0.780285
