0.638316 7.08673e-17 0.361684
0.649275 0.100725 0.25
0.07723 0.92277 0
0.145687 0.343099 0.511214
0.578651 0.145159 0.27619
0.42594 0.57406 0
1.10412e-17 0.1989 0.8011
0.377314 0.294415 0.328271
2.87337e-18 1.08149e-16 1
0.962184 0.0378162 0
6.75455e-18 0.121679 0.878321
0.00940627 0.341754 0.64884
0.128936 0.015899 0.855165
0.657392 0.342608 0
0.772195 0.227805 0
0.270769 0.729231 0
0.348416 0.651584 0
1 0 0
2.94982e-17 0.531393 0.468607
3.83854e-17 0.69149 0.30851
0.473008 0.0694885 0.457504
0.224153 0.183722 0.592125
0.387206 0.612794 0
0.193661 0 0.806339
0.0990591 0.302393 0.598548
0.500389 0.17151 0.328102
0.52297 0.099684 0.377346
0.0129131 0.0544103 0.932677
0.43687 0.0158338 0.547296
0.311537 0.0179915 0.670471
0.309586 0.690414 0
0.193272 0.806728 0
0.734064 0.265936 0
0.188486 0.384764 0.42675
0.232133 0.424814 0.343054
0.0839257 0.666074 0.25
0.688046 0.0254428 0.286511
0.535769 0.214231 0.25
0.437084 0.205931 0.356985
0.316358 0.372762 0.31088
0.304805 0.145878 0.549317
0.0959181 0.185748 0.718333
0.848311 0.151689 0
1.53271e-17 0.276108 0.723892
0.50325 0.49675 0
0.580517 0.419483 0
5.55112e-17 1 0
0.179341 0.504605 0.316053
0.75 8.32667e-17 0.25
0.221045 0.0664127 0.712542
0.154552 0.845448 0
0.264081 0.227037 0.508882
0.426277 0.146591 0.427132
0.924244 0.0757565 0
0.0682276 0.377576 0.554197
0.346727 0.403273 0.25
0.137431 0.595551 0.267018
0.143485 0.0987323 0.757782
0.810338 0.189662 0
0.619029 0.380971 0
0.209365 0.540635 0.25
0.0665131 0.504515 0.428972
0.274532 0.468217 0.257251
0.143192 0.222468 0.634341
0.507963 5.63953e-17 0.492037
0.390531 0.102217 0.507252
0.0869381 0.0806191 0.832443
0.262146 2.91041e-17 0.737854
0.103546 0.423915 0.47254
0.045612 0.626111 0.328277
0.0386011 0.961399 0
0.343589 0.185409 0.471002
0.367644 0.234695 0.397661
0.886269 0.113731 0
0.541909 0.458091 0
0.46648 0.260358 0.273162
0.2739 0.343006 0.383094
0.0801803 0 0.91982
0.0185053 0.463536 0.517959
0.346081 0.0693561 0.584563
3.33277e-17 0.600379 0.399621
4.16334e-17 0.75 0.25
0.303808 0.272266 0.423925
0.182873 0.264659 0.552468
2.28398e-17 0.411446 0.588554
0.264943 0.102419 0.632637
0.464689 0.535311 0
0.145628 0.463737 0.390635
0.695738 0.304262 0
0.0647144 0.254965 0.68032
0.566047 0.0126442 0.421309
0.225443 0.306564 0.467993
0.180444 0.144546 0.67501
0.382482 0 0.617518
0.232002 0.767998 0
0.0966628 0.550286 0.353051
0.420327 0.329673 0.25
0.600896 0.0685241 0.33058
0.115894 0.884106 0
0.0590608 0.155389 0.78555
