0.287683 0.712317 0
0.337675 0.345842 0.316483
0.613149 6.80732e-17 0.386851
0.0668739 0.683126 0.25
0.246003 0.274368 0.479629
0.671526 0.0784736 0.25
0.805737 0.194263 0
0.0617561 6.8563e-18 0.938244
4.16336e-17 0.75 0.25
0.437757 4.86008e-17 0.562243
0.185398 0.105032 0.709571
0.254023 0.495977 0.25
9.63535e-18 0.379885 0.620115
0.103047 0.154225 0.742728
0.163767 0.312445 0.523788
0.170457 0.433059 0.396485
0.568969 0.431031 0
0.529195 0.470805 0
0.365391 0.0397477 0.594861
8.29956e-18 0.149457 0.850543
0.52054 0.0800492 0.39941
0.681567 7.56691e-17 0.318433
0.441779 0.244953 0.313268
0.0640291 0.109856 0.826115
0.21187 0.0304906 0.757639
1.077e-16 3.32199e-18 1
0.727099 0.272901 0
0.368948 0.153322 0.477729
0.246806 0.753194 0
0.0383016 0.552877 0.408821
0.549643 0.0165831 0.433774
0.32998 0.236078 0.433942
0.0880819 0.474244 0.437674
0.648099 0.351901 0
0.131926 0.515818 0.352256
0.185261 0.564739 0.25
0.205869 0.794131 0
1.14379e-17 0.450952 0.549048
0.0819568 0.587516 0.330527
0.0284311 0.312858 0.658711
0.961111 0.038889 0
0.116635 0.271508 0.611856
0.68759 0.31241 0
0.0825071 0.917493 0
0.167844 1.86345e-17 0.832156
0.412539 0.0718363 0.515625
0.484836 0.162821 0.352343
0.227111 0.133228 0.639661
0.041244 0.958756 0
0.12372 0.87628 0
0.560836 0.112397 0.326768
0.525782 0.210827 0.263391
0.408875 0.591125 0
0.136478 0.075538 0.787984
0.0963458 0.0300856 0.873569
0.268935 2.98578e-17 0.731065
0.0821401 0.348372 0.569488
0.253547 0.16105 0.585403
0.346713 3.84928e-17 0.653287
0.210211 0.353213 0.436577
0.844651 0.155349 0
0.131267 0.3898 0.478933
0.462586 0.287414 0.25
3.44862e-17 0.62102 0.37898
1.49703e-17 0.269582 0.730418
0.0120957 0.671542 0.316363
0.922304 0.0776955 0
0.211897 0.471276 0.316827
0.75 8.32667e-17 0.25
0.29035 0.313538 0.396111
0.50263 5.58031e-17 0.49737
0.450729 0.108405 0.440866
0.408572 0.194903 0.396525
0.0742587 0.231193 0.694548
0.373793 0.278203 0.348004
6.63558e-17 0.0791787 0.920821
0.328209 0.671791 0
0.368573 0.631427 0
0.152737 0.190533 0.65673
0.199536 0.235455 0.565009
0.449083 0.550917 0
0.631439 0.0630803 0.30548
2.91708e-17 0.522057 0.477943
0.608573 0.391427 0
0.288447 0.197459 0.514094
5.55314e-17 1 0
0.489255 0.510745 0
0.120464 0.616026 0.263509
0.385193 0.364807 0.25
0.766566 0.233434 0
0.16475 0.83525 0
0.0585993 0.424558 0.516843
0.255653 0.393782 0.350566
1 0 0
0.0187393 0.199149 0.782112
0.327996 0.112061 0.559943
0.280315 0.0579543 0.66173
0.883622 0.116378 0
0.593062 0.156938 0.25
0.309069 0.428862 0.262069
