0.039119 0.960881 0
0 0 1
0.0921189 0.136337 0.771544
0.381399 0.257995 0.360606
0.0783254 0.921675 0
0.141436 0.037067 0.821497
0.0318837 0.0295191 0.938597
0.539638 0.184539 0.275823
0.196034 0.803966 0
0.378412 4.20122e-17 0.621588
0.206317 0 0.793683
0.0741292 0.279303 0.646567
0.634581 0.365419 0
0.638005 7.08328e-17 0.361995
0.117481 0.882519 0
0.221737 0.453598 0.324664
0.163232 0.0973891 0.739379
0.226498 0.201846 0.571656
0.448056 4.97442e-17 0.551944
0.87789 0.12211 0
0.393842 0.606158 0
0.303219 0.166892 0.529889
0.667843 0.0821573 0.25
0.75 8.32667e-17 0.25
0.342622 0.0847796 0.572599
0.190883 0.153992 0.655125
0.461801 0.0966338 0.441565
0.796544 0.203456 0
0.104702 0.32605 0.569248
0.424695 0.30377 0.271536
4.16334e-17 0.75 0.25
0.55406 0.44594 0
0.145145 0.369234 0.485622
0.49404 0.25596 0.25
5.55112e-17 1 0
0.594319 0.405681 0
0.0829645 0.667036 0.25
0.314507 0.685493 0
0.603772 0.146228 0.25
0.685283 0.0173988 0.297318
0.0340182 0.240983 0.724998
0.674898 0.325102 0
0.433688 0.566312 0
0.0649066 0.535759 0.399334
0.354073 0.645927 0
5.70857e-18 0.102836 0.897164
0.232761 0.0696821 0.697557
0.274982 0.725018 0
0.0197485 0.155503 0.824749
0.262798 0.249055 0.488147
0.83722 0.16278 0
0.0180819 0.36844 0.613478
0.223324 0.331646 0.44503
0.311784 0.0309078 0.657309
0.379843 0.135313 0.484844
0.258332 0.491668 0.25
0.267715 0.11736 0.614926
0.376501 0.373499 0.25
0.301308 0.293784 0.404908
0.156705 0.843295 0
0.0705078 0.0776923 0.8518
0.147762 0.602238 0.25
0.105193 1.16788e-17 0.894807
0.340134 0.335899 0.323968
1.18974e-17 0.214325 0.785675
0.473823 0.526177 0
0.18626 0.53707 0.27667
0.715375 0.284625 0
2.43671e-17 0.438958 0.561042
0.569577 0 0.430423
0.502182 0.0142811 0.483537
0.114672 0.191595 0.693732
0.457593 0.218572 0.323835
0.918603 0.0813971 0
0.755953 0.244047 0
0.142694 0.497753 0.359552
0.18466 0.286471 0.528869
0.0167421 0.683829 0.299428
0.0153741 0.494402 0.490224
0.263073 0.375906 0.361022
0.415623 0.0617622 0.522615
0.181311 0.414151 0.404537
0.306902 0.421505 0.271592
0.149832 0.239368 0.610801
0.502178 0.140376 0.357446
1 0 0
0.959302 0.0406979 0
0.585564 0.0929489 0.321487
3.1289e-17 0.563653 0.436347
0.420615 0.176175 0.40321
1.75652e-17 0.316427 0.683573
0.341282 0.214003 0.444715
0.100628 0.454847 0.444525
3.52133e-17 0.634346 0.365654
0.273805 3.03985e-17 0.726195
0.235451 0.764549 0
0.513917 0.486083 0
0.0693724 0.405951 0.524677
0.541104 0.0637687 0.395127
0.0937493 0.58285 0.323401
