0.0354028 0.627003 0.337595
0.0371624 0.0259337 0.936904
0.0992766 0.195621 0.705103
0.160284 0.839716 0
0.306675 0.299021 0.394304
0.239615 0.479351 0.281034
0.357262 0.642738 0
0.158643 0.512084 0.329273
0.814839 0.185161 0
0.289248 3.2113e-17 0.710752
0.740202 0.259798 0
0.0809547 0.55105 0.367995
0.428529 0.0376148 0.533857
0.500017 0.249983 0.25
0.278866 0.721134 0
0.192106 0.293219 0.514675
0.562826 6.24862e-17 0.437174
0.75 8.32667e-17 0.25
0.079027 0.0743672 0.846606
0.585715 0.0886179 0.325667
3.26828e-17 0.588761 0.411239
9.64957e-18 0.173831 0.826169
4.65829e-17 1.06073e-16 1
0.851971 0.148029 0
0.120566 0.348761 0.530673
0.180166 0.164449 0.655385
0.343618 0.341027 0.315355
0.503367 0.136284 0.360349
5.55112e-17 1 0
0.307074 0.442926 0.25
0.1117 1.24012e-17 0.8883
0.963114 0.0368858 0
0.231996 0.341748 0.426256
0.681788 0.0682122 0.25
0.3461 0.213718 0.440181
0.193867 0.0876577 0.718476
0.435295 0.564705 0
0.423968 0.172092 0.40394
0.88905 0.11095 0
0.627158 0.372842 0
0.0884097 0.318452 0.593138
0.385825 0.25826 0.355915
0.349141 0.0857309 0.565128
0.0598679 0.147806 0.792326
0.51246 0.48754 0
0.0804154 0.919585 0
0.326913 0.0303444 0.642743
0.120408 0.879592 0
0.225521 0.208061 0.566419
0.462043 0.214738 0.32322
0.268994 0.124751 0.606254
0.462837 0.0877808 0.449382
0.0835299 0.66647 0.25
0.589052 0.410948 0
3.83358e-17 0.690597 0.309403
2.64492e-17 0.476466 0.523534
0.495174 5.49753e-17 0.504826
0.550775 0.449225 0
0.0303221 0.404551 0.565127
4.16334e-17 0.75 0.25
0.124644 0.597193 0.278163
0.239473 0.760527 0
1.66801e-17 0.300483 0.699517
0.536195 0.0605591 0.403246
0.116035 0.471955 0.412011
0.159175 0.385484 0.455341
0.395492 4.39084e-17 0.604508
0.25193 0.068702 0.679368
0.926134 0.0738661 0
0.270837 0.390071 0.339093
0.200056 0.799944 0
0.02733 0.518931 0.453739
1 0 0
0.197108 0.552892 0.25
0.196784 0.430721 0.372495
0.129285 0.115831 0.754884
0.267538 0.254033 0.478429
0.665093 0.334907 0
0.146066 0.242534 0.6114
0.669246 0.0200373 0.310717
0.613564 0.136436 0.25
0.702873 0.297127 0
0.777559 0.222441 0
0.630546 7.00047e-17 0.369454
0.0127833 0.232629 0.754588
0.0643712 0.271471 0.664158
0.157572 0.0288731 0.813555
0.546395 0.178803 0.274802
0.473884 0.526116 0
0.386019 0.127713 0.486269
0.0790079 0.433091 0.487901
0.396283 0.603717 0
0.306089 0.170232 0.523679
2.05205e-17 0.369664 0.630336
0.0402656 0.959734 0
0.43009 0.301703 0.268207
0 0.100549 0.899451
0.37831 0.37169 0.25
0.318104 0.681896 0
0.221475 2.45887e-17 0.778525
