0.0972752 0.490329 0.412396
0.251303 0.120822 0.627874
0.370421 0.104541 0.525038
0.0399806 0.960019 0
0.10861 0.361932 0.529458
3.72029e-17 0.670188 0.329812
5.55112e-17 1 0
0 0 1
0.0948544 0.238296 0.666849
0.442591 0.557409 0
0.313036 3.4754e-17 0.686964
0.842481 0.157519 0
4.16334e-17 0.75 0.25
0.0634108 0.573837 0.362752
0.173658 0.453126 0.373216
0.485179 0.00170284 0.513119
0.168479 0.581521 0.25
1.96002e-17 0.353085 0.646915
0.120026 0.879974 0
0.235057 0.428725 0.336217
0.247307 0.359357 0.393335
0.280881 0.719119 0
8.23428e-18 0.148336 0.851664
0.240622 0.759378 0
0.325303 0.195292 0.479405
0.251597 0.030278 0.718125
0.284534 0.162192 0.553274
0.0961993 0.62188 0.281921
0.75 8.32667e-17 0.25
0.307777 0.40041 0.291813
0.0625326 0.687467 0.25
0.605435 0.0805863 0.313979
0.0876834 0.0422726 0.870044
0.364371 0.234092 0.401537
0.576956 0.0363795 0.386664
0.0800186 0.919981 0
0.649408 7.20987e-17 0.350592
0.0596935 0 0.940307
1.23287e-17 0.222094 0.777906
0.211841 0.510299 0.277861
0.493492 0.0920208 0.414487
0.0203293 0.403422 0.576249
0.763344 0.236656 0
0.208937 0.0987098 0.692354
0.127554 0.146825 0.725621
0.358948 0.0174565 0.623596
0.881948 0.118052 0
0.573293 0.171489 0.255217
0.48307 0.51693 0
0.073307 0.112467 0.814226
0.444601 0.179692 0.375706
0.213293 2.36802e-17 0.786707
0.0712235 0.315901 0.612876
0.523274 0.476726 0
0.422457 4.69021e-17 0.577543
0.96072 0.0392795 0
4.48236e-18 0.080747 0.919253
0.921411 0.0785888 0
0.0715241 0.440312 0.488164
0.603627 0.396373 0
0.200414 0.799586 0
0.643661 0.356339 0
0.72365 0.27635 0
0.16651 0.181717 0.651772
0.14837 1.64724e-17 0.85163
0.405933 0.146592 0.447475
0.689632 0.0327703 0.277598
0.0591693 0.190205 0.750626
0.0109548 0.28276 0.706286
0.284015 0.280677 0.435308
0.323883 0.0808859 0.595231
0.239817 0.245272 0.514911
0.150018 0.283374 0.566608
0.549478 6.10043e-17 0.450522
0.479936 0.211768 0.308296
0.563479 0.436521 0
0.321194 0.678806 0
0.196592 0.323283 0.480125
0.329199 0.32201 0.348791
0.447682 0.0660411 0.486277
0.160133 0.839867 0
0.014108 0.530129 0.455763
0.199217 0.210875 0.589908
0.374894 0.375106 0.25
0.402647 0.273513 0.323839
0.135759 0.535185 0.329056
1 0 0
0.644214 0.105786 0.25
0.683692 0.316308 0
0.437097 0.310205 0.252699
0.529997 0.130335 0.339669
0.278546 0.471454 0.25
0.361592 0.638408 0
0.15292 0.401162 0.445918
0.508205 0.241795 0.25
0.402108 0.597892 0
0.160061 0.069997 0.769942
0.802974 0.197026 0
3.32725e-17 0.599384 0.400616
2.6296e-17 0.473706 0.526294
