0.450499 0 0.549501
0.594617 6.60158e-17 0.405383
0.749999 8.32666e-17 0.250001
0.291194 0.321548 0.387257
0.257811 0.742189 0
0.360362 0.389637 0.250001
0.459561 0.130134 0.410305
0.926201 0.0737991 0
0.594014 0.130907 0.275079
0.629751 0.370249 0
0.296059 0.201415 0.502526
0.0308902 0.0295999 0.93951
0.406327 0.593673 0
0.210563 0.243533 0.545904
0.268304 0.0246184 0.707077
0 0 1
0.220884 0.779116 0
0.741229 0.258771 0
0.433249 0.31675 0.250001
0.33196 0.66804 0
0.506046 0.16591 0.328045
0.778266 0.221734 0
1.26909e-17 0.228619 0.771381
0.480804 0.519196 0
0.339172 0 0.660828
0.382201 0.282807 0.334992
0.289097 0.448201 0.262702
0.815295 0.184705 0
4.16333e-17 0.749999 0.250001
0.147073 0.852927 0
0.963102 0.0368984 0
0.0709874 0.0741011 0.854912
0.205549 0.364632 0.429819
0.153434 0.0223045 0.824262
0.625242 0.0411345 0.333623
2.90675e-17 0.523634 0.476366
0.231456 0.518543 0.250001
5.77853e-18 0.104097 0.895903
0.547151 0.08743 0.365419
0.0735015 0.926498 0
0.221098 0.115471 0.663431
0.256318 0.160711 0.58297
0.423113 0.207495 0.369392
1 0 0
2.26521e-17 0.408064 0.591936
0.299507 0.0780088 0.622484
0.690812 7.66955e-17 0.309188
0.139892 0.159578 0.70053
0.19726 0.483469 0.319271
0.0257067 0.452897 0.521397
0.546701 0.203298 0.250001
0.329901 0.357851 0.312248
0.0151448 0.159625 0.825231
0.0748949 0.602596 0.322509
0.665022 0.0849774 0.250001
0.666917 0.333083 0
0.0771689 0.486723 0.436109
0.0318249 0.335433 0.632742
0.106641 0.643358 0.250001
0.443529 0.556471 0
0.339601 0.117763 0.542635
0.889267 0.110733 0
0.247199 0.404532 0.348269
0.518046 0.481954 0
0.160122 0.444428 0.39545
1.6642e-17 0.299795 0.700205
0.161148 0.571844 0.267009
5.55112e-17 1 0
0.063829 0.198128 0.738043
0.294898 0.705102 0
0.17301 0.202631 0.624359
0.555277 0.444723 0
0.522591 5.80193e-17 0.477409
0.251069 0.282577 0.466354
0.110273 0.889727 0
0.10538 0 0.89462
0.0802391 0.367722 0.552038
3.57275e-17 0.643609 0.356391
0.123937 0.287372 0.588691
0.08735 0.248366 0.664284
0.182519 0.076693 0.740788
0.495852 0.0584406 0.445708
0.103008 0.115288 0.781705
0.472864 0.248613 0.278523
0.85229 0.14771 0
0.378933 0.163603 0.457464
0.418034 0.0820383 0.499928
0.369097 0.630903 0
0.592547 0.407453 0
0.165468 0.32528 0.509251
0.382608 0.028557 0.588835
0.704131 0.295869 0
0.0308918 0.688403 0.280706
0.337699 0.24305 0.419251
0.0367476 0.963252 0
0.223175 0 0.776825
0.0218233 0.572074 0.406102
0.117377 0.407425 0.475198
0.18397 0.81603 0
0.115215 0.528011 0.356774
