0.467184 5.18679e-17 0.532816
0.485985 0.191432 0.322583
2.86038e-17 0.515237 0.484763
0.530331 0.11146 0.358209
0.337585 0.154 0.508414
0.959723 0.0402774 0
5.55157e-17 1 0
0.104426 0.317189 0.578384
0.689382 0.0328391 0.277779
0.301055 0.0210728 0.677872
0.0400856 0.959914 0
0.0279252 0.239431 0.732643
0.439956 0.560044 0
0.75 8.32667e-17 0.25
0.281782 0.347702 0.370516
0.919516 0.0804842 0
0.252231 2.80032e-17 0.747769
0.559448 0.440552 0
0.195213 0.385243 0.419544
0.24033 0.75967 0
0.576829 0.0233157 0.399855
0.256562 0.10637 0.637068
0.479803 0.520197 0
0.642737 0.107263 0.25
0.448154 0.150403 0.401443
1.84197e-19 1.10838e-16 1
0.143485 1.59301e-17 0.856515
0.236141 0.308854 0.455005
0.20032 0.79968 0
0.0714616 0.274465 0.654073
0.369823 4.10587e-17 0.630177
0.0283583 0.690021 0.281621
0.0795535 7.36571e-05 0.920373
0.150839 0.349476 0.499685
0.335325 0.0753368 0.589338
0.0468345 0.148046 0.805119
0.213934 0.0738053 0.712261
0.242095 0.422057 0.335849
0.145617 0.232994 0.621389
0.296335 0.140563 0.563103
0.417068 0.100835 0.482097
0.679028 0.320972 0
0.520154 0.229846 0.25
0.0701165 0.606342 0.323541
0.718903 0.281097 0
0.360176 0.639824 0
0.647758 7.19156e-17 0.352242
0.0897964 0.0722038 0.838
0.321031 0.26919 0.409779
0.107468 0.535704 0.356829
6.60753e-18 0.119021 0.880979
3.57769e-17 0.644447 0.355553
4.16368e-17 0.75 0.25
0.45003 0.27856 0.271409
0.599284 0.400716 0
0.0133413 0.0528211 0.933838
0.604766 0.0748883 0.320346
0.839158 0.160842 0
0.519622 0.480378 0
0.292944 0.457056 0.25
0.132989 0.110645 0.756366
0.406977 0.233581 0.359441
0.879336 0.120664 0
1 0 0
0.0649194 0.398248 0.536832
0.0133382 0.575261 0.411401
0.080152 0.919848 0
2.44534e-17 0.440477 0.559523
0.75897 0.24103 0
0 0.209749 0.790251
0.104451 0.427004 0.468545
0.329448 0.390067 0.280485
0.533963 5.92818e-17 0.466037
0.120231 0.879769 0
0.101388 0.189512 0.7091
0.19011 0.270987 0.538903
0.363121 0.309484 0.327395
0.153514 0.578272 0.268214
0.191437 0.494628 0.313934
0.491813 0.0691104 0.439077
0.152581 0.458556 0.388863
0.223781 0.19209 0.584129
0.160274 0.839726 0
0.572044 0.160002 0.267954
0.401435 0.348565 0.25
0.180097 0.0272188 0.792684
0.222424 0.527576 0.25
0.274991 0.231882 0.493128
0.178263 0.152652 0.669085
0.320263 0.679737 0
0.402324 0.0402422 0.557433
0.0141785 0.366344 0.619477
0.799057 0.200943 0
0.280303 0.719697 0
0.639203 0.360797 0
0.102422 0.647578 0.25
0.367879 0.192381 0.43974
1.73743e-17 0.312962 0.687038
0.0692747 0.49357 0.437155
0.400047 0.599953 0
