0.377194 0.372805 0.250001
0.648618 0.351382 0
1 0 0
0.688156 0.311844 0
0.123666 0.876334 0
0.92254 0.0774605 0
0.388235 0.253428 0.358337
0.234999 0.214961 0.55004
0.490873 0.259126 0.250001
0.259435 0.490564 0.250001
0.11126 0.224136 0.664604
0.0753377 0.302934 0.621728
7.89808e-17 8.75526e-17 1
0.0931939 0.656805 0.250001
0.159777 0.385206 0.455016
0.350958 0.210643 0.438399
0.205595 0.794405 0
0.0824617 0.917538 0
0.727459 0.272541 0
0.4626 0.208706 0.328694
0.507288 5.63202e-17 0.492712
0.241442 0.089356 0.669202
3.59655e-17 0.647896 0.352104
0.223636 2.48286e-17 0.776364
0.437616 0.0284003 0.533983
2.52445e-17 0.454764 0.545236
0.536299 0.155987 0.307714
0.408903 0.591097 0
0.0288687 0.0312653 0.939866
5.84266e-18 0.105252 0.894748
0.62928 0.120719 0.250001
0.766595 0.233405 0
0.24655 0.75345 0
0.272383 0.256316 0.471301
0.272392 0.387705 0.339903
0.0809872 0.421275 0.497738
0.805693 0.194307 0
0.587483 0.0769525 0.335564
0.0872969 0.550816 0.361887
0.293227 9.76642e-17 0.706773
0.0412431 0.958757 0
0.449262 0.550738 0
0.304859 0.427607 0.267535
0.12965 0.46464 0.405709
0.670185 0.0613798 0.268435
5.55112e-17 1 0
0.325491 0.0347966 0.639712
0.0145715 0.585916 0.399512
1.24396e-17 0.224092 0.775908
0.111817 0.104919 0.783264
0.0743769 0.184362 0.741261
0.191176 0.558823 0.250001
0.155132 0.141712 0.703155
0.0722888 0.0717202 0.855991
0.11398 0.344048 0.541973
0.277956 0.127371 0.594673
0.313763 0.169593 0.516644
0.683062 7.58352e-17 0.316938
2.93071e-17 0.527949 0.472051
0.205352 0.432023 0.362624
0.102853 1.1419e-17 0.897147
0.749999 0 0.250001
0.327791 0.672209 0
0.155255 0.260213 0.584531
0.234549 0.343797 0.421654
0.396766 4.40499e-17 0.603234
0.392421 0.121984 0.485595
0.169202 0.509193 0.321605
0.0593286 0.496477 0.444194
0.529338 0.470662 0
4.16333e-17 0.749999 0.250001
0.616108 6.84017e-17 0.383892
0.345383 0.336065 0.318552
0.0222132 0.27119 0.706597
0.489483 0.510517 0
0.608915 0.391085 0
0.164632 0.835368 0
0.467673 0.0792096 0.453118
0.560064 0.189935 0.250001
0.356074 0.0828254 0.561101
1.89738e-17 0.341802 0.658198
0.427757 0.165563 0.40668
0.549377 0.028516 0.422107
0.569341 0.430659 0
0.19356 0.0645674 0.741873
0.118074 0.594452 0.287475
0.0205091 0.154691 0.8248
0.287288 0.712712 0
0.19598 0.176199 0.627821
0.194349 0.301394 0.504257
0.155478 0.017217 0.827305
0.0280852 0.684906 0.287009
0.42607 0.300643 0.273287
0.0263769 0.386815 0.586808
0.309751 0.297025 0.393225
0.844701 0.155299 0
0.368442 0.631558 0
0.883604 0.116396 0
0.505572 0.115747 0.378681
0.961271 0.0387293 0
