0.356724 3.96043e-17 0.643276
0.389793 0.299177 0.31103
0.314463 0.0926899 0.592847
0.314376 0.345739 0.339884
0.230692 0.136344 0.632964
0 0.375631 0.624369
0.5447 6.04738e-17 0.4553
0.350351 0.649649 0
0.0335421 0.595247 0.371211
0.485788 0.151949 0.362263
5.63394e-18 0.101492 0.898508
0.150708 0.423183 0.426109
0.0846841 0.222668 0.692648
0.0935225 0.506195 0.400282
0.353349 0.141747 0.504904
0.0585974 0.691403 0.25
0.661693 0.0321962 0.306111
0.286008 0.0414296 0.672563
0.15595 0.29551 0.54854
8.68706e-17 2.41517e-17 1
0.770717 0.229283 0
0.273426 0.301428 0.425146
0.127949 0.153184 0.718867
0.188504 2.09281e-17 0.811496
0.188217 0.528437 0.283346
0.0913656 0 0.908634
0.192832 0.340899 0.466269
0.23302 0.256332 0.510648
0.35309 0.39691 0.25
0.0782788 0.921721 0
0.110169 0.38113 0.508701
0.28173 0.426842 0.291428
0.120645 0.545015 0.334339
0.234269 0.765731 0
0.272761 0.176034 0.551205
0.11361 0.0384791 0.847911
0.618437 0.381563 0
0.678312 0.0716881 0.25
1 0 0
0.354185 0.260336 0.385479
0.195305 0.804695 0
0.0856796 0.62636 0.28796
1.47435e-17 0.265596 0.734404
0.885245 0.114755 0
0.0770646 0.33612 0.586815
0.427659 4.74797e-17 0.572341
0.923453 0.076547 0
0.436221 0.105458 0.458321
0.0270375 0.0371648 0.935798
4.16334e-17 0.75 0.25
0.694588 0.305412 0
0.311688 0.688312 0
0.190459 0.20903 0.600511
0.258543 2.8704e-17 0.741457
0.476496 0.0211976 0.502306
0.161798 0.0694622 0.768739
0.585643 0.0345433 0.379814
0.203925 0.0982363 0.697838
0.0673657 0.461722 0.470912
0.313844 0.219806 0.466349
0.545817 0.204183 0.25
0.44228 0.221062 0.336658
0.273045 0.726955 0
0.73267 0.26733 0
0.656505 0.343495 0
0.580263 0.419737 0
0.117391 0.882609 0
3.11665e-17 0.561446 0.438554
9.13022e-18 0.164475 0.835525
0.398612 0.181902 0.419487
0.0355585 0.194983 0.769459
0.15641 0.84359 0
0.0769455 0.115755 0.807299
0.0227748 0.421961 0.555264
0.195375 0.460314 0.344311
0.4655 0.5345 0
5.55112e-17 1 0
3.70224e-17 0.666935 0.333065
0.235025 0.383234 0.381741
0.0391921 0.960808 0
0.511217 0.0761664 0.412617
0.15461 0.59539 0.25
0.482869 0.252415 0.264717
0.119062 0.252357 0.628581
2.72751e-17 0.491344 0.508656
0.961742 0.0382585 0
0.425637 0.324363 0.25
0.427215 0.572785 0
0.255502 0.494498 0.25
0.75 8.32667e-17 0.25
0.0276932 0.305523 0.666784
0.642024 7.1279e-17 0.357976
0.388784 0.611216 0
0.390493 0.0656777 0.543829
0.503862 0.496138 0
0.564309 0.110108 0.325583
0.808882 0.191118 0
0.607258 0.137981 0.254761
0.847051 0.152949 0
0.542142 0.457858 0
