0.104042 0.62337 0.272588
2.54114e-17 0.4572 0.5428
0.293728 0 0.706272
0.0924385 0.284324 0.623237
0.0263811 0.0371848 0.936434
1.2725e-17 0.228948 0.771052
0.507269 0.492731 0
2.20364e-17 0.389819 0.610181
0.39108 0.60892 0
0.81226 0.18774 0
0.400628 0.282922 0.31645
0.491556 0.0333149 0.475129
0.352517 0.148579 0.498904
0.185545 0.356041 0.458414
4.16854e-17 0.75 0.25
0.433716 0.110638 0.455646
0.134229 0.205076 0.660695
0.106937 0.0428422 0.850221
0.641243 7.11923e-17 0.358757
6.18957e-17 0.100691 0.899309
0.176847 0.573153 0.25
0.224677 0.0298137 0.745509
0.332389 0.037249 0.630362
0.194408 0.466394 0.339198
0.00344093 0.609536 0.387023
0.56884 6.3154e-17 0.43116
0.179847 0.239905 0.580248
0.925025 0.0749751 0
0.505194 0.244806 0.25
5.55805e-17 1 0
0.14239 0.318835 0.538775
0.88751 0.11249 0
0.0629381 0.687062 0.25
0.274131 0.725869 0
0.313186 0.686814 0
3.74772e-17 0.674287 0.325713
0.583928 0.416072 0
0.0956077 0.401709 0.502683
0.0652911 0.124285 0.810423
0.690219 0.0270185 0.282762
0.318011 0.347652 0.334337
0.0783521 0.921648 0
0.3965 0.0619506 0.541549
0.184154 0 0.815846
0 0 1
0.148581 0.53723 0.314189
0.0391803 0.96082 0
0.143318 0.433745 0.422938
0.354836 0.262922 0.382242
0.429429 0.320571 0.25
0.479893 0.212518 0.307588
0.429951 0.570049 0
1 0 0
0.0976712 0.508098 0.394231
0.540392 0.124919 0.334689
0.19594 0.80406 0
0.774424 0.225576 0
0.177843 0.122169 0.699988
0.0436467 0.253008 0.703345
0.352218 0.647782 0
0.64713 0.10287 0.25
0.117543 0.882457 0
0.0899614 0 0.910039
1.79221e-17 0.322453 0.677547
0.284139 0.431585 0.284276
0.46745 0 0.53255
0.14311 0.0833633 0.773527
0.393027 0.194066 0.412907
0.233948 0.391445 0.374607
0.389941 4.32922e-17 0.610059
0.265967 0.193978 0.540055
0.622231 0.377769 0
0.271237 0.311323 0.417441
0.220296 0.159977 0.619727
0.306965 0.113329 0.579706
0.256173 0.0813542 0.662473
0.698583 0.301417 0
0.468735 0.531265 0
0.0473176 0.479484 0.473198
0.608296 0.0691901 0.322514
0.515877 0.081579 0.402544
0.0627479 0.359206 0.578046
0.235051 0.764949 0
0.577217 0.169752 0.253031
0.225992 0.275118 0.498889
0.356953 0.393047 0.25
0.0681942 0.581312 0.350494
0.849926 0.150074 0
0.962506 0.0374944 0
0.460682 0.164703 0.374615
0.156737 0.843263 0
0.660415 0.339585 0
0.309403 0.229829 0.460768
0.00083048 0.164516 0.834653
3.04705e-17 0.548223 0.451777
0.249535 0.500465 0.25
0.736551 0.263449 0
0.545714 0.454286 0
0.091215 0.170995 0.73779
0.75 8.32667e-17 0.25
