0.641486 0.358514 0
7.73498e-17 0.459907 0.540093
9.18084e-18 4.63303e-17 1
0.140733 0.261106 0.598162
0.100403 0.219123 0.680474
0.00956905 0.389499 0.600932
0.75 8.32667e-17 0.25
0.0694843 0.170732 0.759784
0.218279 0.219919 0.561802
0.424335 9.42212e-17 0.575665
5.55112e-17 1 0
0.0769128 0.60211 0.320977
0.145965 0.137359 0.716676
0.173723 0.307531 0.518746
0.35751 0.39249 0.25
0.359826 0.0350008 0.605174
0.96015 0.0398496 0
0.132923 0.392182 0.474895
0.428287 0.116737 0.454976
0.266855 0.127737 0.605409
0.669524 0.0804757 0.25
0.164024 0.438936 0.39704
0.627492 0.0313431 0.341165
3.57711e-17 0.644395 0.355605
0.337742 0.0995223 0.562736
0.44253 0.23554 0.321929
0.800777 0.199223 0
0.409435 0.322197 0.268369
0.250987 0.2683 0.480713
0.32848 0.229341 0.442179
1 0 0
0.181865 0.0630294 0.755105
0.106148 0.0912793 0.802573
0.119134 0.525777 0.355089
1.82579e-17 0.328905 0.671095
0.0833119 0.483328 0.43336
0.521768 0.478232 0
0.183363 0.177652 0.638985
4.16334e-17 0.75 0.25
0.323181 0.355797 0.321022
0.0940119 0.348068 0.55792
0.234093 0.515907 0.25
0.245906 0.399411 0.354683
0.561727 0.438273 0
0.529418 0.200058 0.270524
0.598515 0.151485 0.25
0.518011 1.72532e-16 0.481989
0.880457 0.119543 0
0.160818 0.839182 0
0.48177 0.51823 0
0.0401982 0.959802 0
0.601621 0.398379 0
0.287114 0.313104 0.399781
0.269503 0.0232607 0.707236
0.241209 0.758791 0
0.230489 0.0947219 0.674789
0.550466 0.0649093 0.384625
0.403521 0.192876 0.403603
0.441757 0.558243 0
3.92401e-17 0.531885 0.468115
3.38532e-17 0.202581 0.797419
0.920301 0.0796988 0
0.163819 0.570387 0.265794
0.120603 0.879397 0
0.361622 0.638378 0
0.0275311 0.571377 0.401092
0.330336 1.10024e-16 0.669664
0.690622 7.66745e-17 0.309378
0.199102 0.480625 0.320273
0.572442 0.113127 0.31443
0.47949 0.27051 0.25
0.446573 0.0418445 0.511583
4.60021e-18 0.0828701 0.91713
0.221379 2.4578e-17 0.778621
0.366502 0.276136 0.357361
0.587979 6.52788e-17 0.412021
0.721157 0.278843 0
0.0204378 0.131615 0.847948
0.321529 0.678471 0
0.0658671 0.298002 0.636131
0.0579695 6.43591e-18 0.942031
0.401709 0.598291 0
0.209874 0.35344 0.436686
0.107633 0.642367 0.25
0.492979 0.0859033 0.421117
0.760946 0.239054 0
0.840611 0.159389 0
0.0801918 0.0419474 0.877861
0.287396 0.445147 0.267457
0.281387 0.718613 0
0.681343 0.318657 0
0.0318887 0.688282 0.279829
0.0142259 0.259133 0.726641
0.150881 1.67511e-17 0.849119
0.201012 0.798988 0
0.292469 0.183405 0.524126
0.366377 0.142775 0.490848
0.060602 0.43007 0.509328
0.483296 0.15965 0.357054
0.0803889 0.919611 0
