0.564606 0.0132979 0.422096
0.0220775 0.322043 0.65588
0.127215 0.0444841 0.828301
0.387069 0.612931 0
0.278565 0.338795 0.38264
0.434915 0.144255 0.420829
2.14761e-17 0.386879 0.613121
0.61706 0.38294 0
0.476899 0.18581 0.337291
0.195667 0.126566 0.677767
0.540569 0.459431 0
0.168127 0.469954 0.361918
1 0 0
0.110438 0.286975 0.602587
0.0732046 0.451386 0.47541
4.16334e-17 0.75 0.25
0.341131 0.408869 0.25
0.155653 0.594347 0.25
1.02028e-16 6.4505e-17 1
0.120732 0.562335 0.316933
0.232792 0.767208 0
0.0253096 0.429738 0.544953
0.110166 0.172522 0.717312
3.82171e-17 0.688458 0.311542
0.42545 0.57455 0
0.769986 0.230014 0
0.0384464 0.108681 0.852872
0.233455 0.172192 0.594353
0.44382 0.268433 0.287746
0.116545 0.883455 0
0.203115 0 0.796885
0.155346 0.844654 0
0.655281 0.344719 0
0.135198 0.414376 0.450426
0.731704 0.268296 0
0.654941 0.0950587 0.25
0.10677 0 0.89323
0.578829 0.421171 0
0.0828933 0.667107 0.25
0.0456746 0.616474 0.337851
0.311982 0.138494 0.549525
0.75 0 0.25
1.48356e-17 0.267254 0.732746
0.47266 0.0670846 0.460256
0.314289 0.377577 0.308134
0.551829 0.140074 0.308096
0.380655 0 0.619345
0.194074 0.805926 0
0.0677038 0.241927 0.690369
0.0975595 0.509461 0.39298
0.271403 0.728597 0
0.463876 0.536124 0
0.0388881 0.961112 0
0.240763 0.0342681 0.724969
0.398508 0.223866 0.377626
2.75489e-17 0.496276 0.503724
0.361894 0.301259 0.336847
0.269613 0.480387 0.25
0.0776934 0.139599 0.782707
0.273179 0.087786 0.639035
0.355419 0.179957 0.464624
0.31766 0.259538 0.422802
0.599558 0.0678678 0.332574
0.961615 0.0383853 0
5.55112e-17 1 0
0.0278219 0.53833 0.433848
0.437651 0.0128898 0.54946
0.240104 0.428366 0.33153
0.310068 0.689932 0
0.412599 0.337401 0.25
0.884868 0.115132 0
0.693477 0.306523 0
0.688059 0.0214192 0.290522
0.0777338 0.922266 0
0.923244 0.076756 0
0.507947 0 0.492053
0.158356 0.333327 0.508317
0.347876 0.0629553 0.589169
0.512448 0.237552 0.25
0.502211 0.497789 0
0.192987 0.253803 0.55321
0.273984 0.217659 0.508357
0.236541 0.297226 0.466233
0.309193 0 0.690807
0.152467 0.209554 0.637979
0 0.191235 0.808765
0 0.598193 0.401807
0.583679 0.166321 0.25
0.203037 0.521422 0.27554
0.0414647 0.0238397 0.934696
0.516965 0.0991735 0.383861
0.808228 0.191772 0
0.635909 0 0.364091
0.204182 0.379892 0.415925
4.94959e-18 0.0891639 0.910836
0.159437 0.0869375 0.753626
0.394302 0.0985241 0.507174
0.0817438 0.360446 0.55781
0.846554 0.153446 0
0.348616 0.651384 0
