0.881066 0.118934 0
0.200323 0.195099 0.604578
0.0234892 0.282273 0.694238
0.279664 0.390888 0.329448
0.114747 0.11858 0.766674
0.62094 0.0327833 0.346277
0.012182 0.0535097 0.934308
0.401157 0.598843 0
0.369407 0.115515 0.515078
1 0 0
0.239501 0.352139 0.40836
0.0221859 0.399874 0.57794
0.0399833 0.960017 0
0.326196 0.423804 0.25
0.841336 0.158664 0
0.182862 0.567138 0.25
0.166147 0.0351588 0.798694
0.92076 0.0792397 0
0.320676 0.679324 0
5.55112e-17 1 0
0.0223775 0.517645 0.459977
0.561713 0.438287 0
0.0763592 0.197545 0.726096
0.280516 0.719484 0
0.423896 0.0397091 0.536395
0.343462 3.81319e-17 0.656538
0.109984 0.474428 0.415588
2.60775e-17 0.46977 0.53023
0.537415 0.177223 0.285362
0.436415 0.313585 0.25
0.139454 1.54825e-17 0.860546
0.198447 0.313324 0.488229
0.158119 0.15765 0.684231
4.16334e-17 0.75 0.25
0.592574 6.57889e-17 0.407426
0.688728 7.64642e-17 0.311272
0.120049 0.879951 0
0.75 8.32667e-17 0.25
0.521647 0.478353 0
0.505712 0.244288 0.25
0.327063 0.19474 0.478197
0.453343 0.0848883 0.461769
0.960384 0.0396165 0
3.25464e-17 0.586304 0.413696
0.455149 0.202613 0.342238
0.601795 0.398205 0
0.406488 4.51293e-17 0.593512
6.76801e-18 0.121922 0.878078
0.0300551 0.628612 0.341333
0.158262 0.274299 0.567439
0.285067 0.154244 0.560689
0.154815 0.391928 0.453257
0.761701 0.238299 0
0.0762031 0.0799111 0.843886
4.27785e-17 2.66104e-17 1
0.279075 0.0311728 0.689753
0.226734 0.466923 0.306343
0.499735 5.54817e-17 0.500265
0.495912 0.12656 0.377527
0.16013 0.83987 0
0.441353 0.558647 0
0.5737 0.100587 0.325713
0.200192 0.799808 0
0.0808613 0.669139 0.25
0.367919 0.23607 0.396011
0.531059 0.0435965 0.425345
0.607619 0.142381 0.25
1.95509e-17 0.352198 0.647802
0.113865 0.237816 0.64832
0.670167 0.0763926 0.25344
0.0800236 0.919976 0
0.325273 0.314557 0.36017
0.254524 0.495476 0.25
0.114155 0.600329 0.285516
0.240336 0.759664 0
0.481481 0.518519 0
0.151318 0.515956 0.332726
0.080601 8.94851e-18 0.919399
0.0753764 0.314949 0.609674
3.83538e-17 0.69091 0.30909
0.0757433 0.551593 0.372664
0.0741364 0.432684 0.49318
0.242728 0.233858 0.523414
0.721861 0.278139 0
0.80154 0.19846 0
0.360902 0.639098 0
0.681836 0.318164 0
0.198132 0.0800795 0.721789
0.408375 0.274842 0.316783
0.24285 0.114337 0.642813
0.641865 0.358135 0
0.411392 0.16019 0.428418
0.283783 0.273973 0.442245
0.0251179 0.165445 0.809437
0.239143 2.65503e-17 0.760857
0.367157 0.357026 0.275816
0 0.235877 0.764123
0.323949 0.0743152 0.601735
0.112168 0.354949 0.532883
0.191604 0.431056 0.377341
