0.0773843 0.424859 0.497756
0.0795757 2.6504e-17 0.920424
0.54183 0.20817 0.25
0.0773315 0.536756 0.385913
0.267908 0.145786 0.586306
0.717851 0.282149 0
0.0825447 0.183436 0.734019
0.318395 0.681605 0
0.119505 0.880495 0
1 0 0
0.358139 0.641861 0
0.517508 0.482492 0
0.677706 0.322294 0
0.577134 0.140439 0.282427
0.236714 0.0936299 0.669656
0.0297429 0.62211 0.348147
4.56682e-17 9.84296e-18 1
0.238868 0.761132 0
0.397911 0.602089 0
0.151611 0.268653 0.579736
0.109252 0.0374048 0.853343
0.878807 0.121193 0
0.0783721 0.670988 0.25064
0.0219496 0.393691 0.584359
0.838518 0.161482 0
0.347558 3.85867e-17 0.652442
0.225913 0.228927 0.54516
0.179565 5.98071e-17 0.820435
1.91663e-17 0.345269 0.654731
0.437741 0.562259 0
0.75 8.32667e-17 0.25
0.423278 0.0758897 0.500832
0.161706 0.135942 0.702352
0.191952 0.182901 0.625147
0.269235 0.330214 0.400551
0.248124 0.442339 0.309536
0.0742386 0.308179 0.617582
0.254917 0.277506 0.467577
0.210425 0.40984 0.379735
0.53559 0.0864656 0.377945
0.443873 0.242678 0.313449
0.459483 0.118466 0.422052
0.647876 0.102124 0.25
0.278658 0.471342 0.25
0.331185 0.241301 0.427515
0.758009 0.241991 0
0.606425 0.0631221 0.330453
0.0247023 0.507943 0.467354
0.159311 0.840689 0
0.597573 0.402427 0
0.278492 3.09188e-17 0.721508
0.110562 0.35065 0.538788
0.35146 0.39854 0.25
0.378653 0.156448 0.464899
0.0275281 0.0920508 0.880421
0.111038 0.575717 0.313245
0.572364 0 0.427636
0.399763 0.330595 0.269642
0.504984 0.0300585 0.464958
0.637656 0.362344 0
0.470103 0.279897 0.25
0.557555 0.442445 0
0.190105 0.314254 0.495641
0.464142 5.15301e-17 0.535858
0.301858 0.19186 0.506282
0.394453 0.0209612 0.584586
0.278629 0.721371 0
0.164053 0.38289 0.453056
0.0642637 0.130834 0.804903
0.495926 0.16616 0.337913
0.307007 0.366273 0.32672
0.689633 0.0285776 0.281789
0.135793 0.0884909 0.775716
3.21272e-17 0.578752 0.421248
0.30893 0.0658375 0.625232
0.360705 0.287341 0.351955
2.26877e-17 0.0583848 0.941615
0.798225 0.201775 0
0.477577 0.522423 0
0.147886 0.602114 0.25
0.16436 0.494334 0.341307
0.644661 7.15718e-17 0.355339
4.16334e-17 0.75 0.25
2.57073e-17 0.463102 0.536898
0.0398379 0.960162 0
0.411572 0.200909 0.387519
0.211398 0.0388476 0.749755
0.118886 0.46071 0.420404
0.207254 0.533606 0.259141
0.113239 0.226435 0.660326
5.55112e-17 1 0
0.0796721 0.920328 0
0.34659 0.107351 0.546059
6.3527e-17 0.163481 0.836519
0.0265748 0.273582 0.699843
1.29669e-17 0.23359 0.76641
0.959577 0.0404229 0
0.919148 0.0808519 0
3.81394e-17 0.687058 0.312942
0.199111 0.800889 0
