0.330346 0.419654 0.25
0.092611 0.536544 0.370845
0.483201 0.266799 0.25
0.178941 0.378381 0.442679
0.0823602 0.91764 0
1 1.11022e-16 0
0.47297 0.038289 0.488741
0.767538 0.232462 0
0.508039 0.206616 0.285346
0.57838 0.0607091 0.360911
4.16334e-17 0.75 0.25
0.349244 3.87739e-17 0.650756
0.0607386 0.377721 0.56154
0.297099 0.0989238 0.603978
0.253278 0.18579 0.560932
0.105701 0.306893 0.587406
0.0298958 0.689617 0.280487
7.63262e-19 5.47479e-17 1
6.20903e-18 0.111852 0.888148
0.728452 0.271548 0
0.215134 0.018117 0.766749
0.246706 0.753294 0
0.36909 0.63091 0
0.260655 0.330633 0.408712
5.55112e-17 1 0
0.175107 0.496604 0.328289
0.570243 0.429757 0
0.330366 0.149736 0.519898
0.0625011 0.0869111 0.850588
0.374263 0.206233 0.419504
0.146548 0.577156 0.276296
0.845217 0.154783 0
0.254013 0.0665255 0.679461
2.23097e-17 0.401895 0.598105
0.672642 0.00195842 0.3254
0.3669 0.343217 0.289883
0.450018 0.549982 0
0.54001 5.99531e-17 0.45999
0.228526 0.289774 0.4817
0.883965 0.116035 0
0.164286 1.82394e-17 0.835714
0.172715 0.101844 0.725441
0.0220401 0.0393869 0.938573
0.415336 0.251427 0.333237
0.164725 0.835275 0
0.29248 0.377549 0.329971
0.458527 0.172613 0.368861
0.0650099 0.606288 0.328702
0.500516 0.0885269 0.410957
0.607572 6.74541e-17 0.392428
0.13093 0.459661 0.409409
0.649439 0.350561 0
0.922748 0.0772525 0
0.260679 0.463458 0.275863
0.623207 0.095835 0.280958
0.418225 0.133659 0.448116
0.0877128 0.142696 0.769591
0.0900673 0.423973 0.485959
0.00138082 0.182296 0.816323
0.426703 0.323297 0.25
0.609915 0.390085 0
0.490259 0.509741 0
0.281825 3.12888e-17 0.718175
0.216675 0.418801 0.364524
0.0767202 0.272383 0.650897
0.216657 0.533343 0.25
0.131376 0.063745 0.804879
1.41801e-17 0.255446 0.744554
0.2876 0.7124 0
0.16258 0.223585 0.613835
0.538926 0.132227 0.328847
0.103466 0.646534 0.25
3.19066e-17 0.574779 0.425221
0.300055 0.236472 0.463472
0.143314 0.341621 0.515065
0.409695 0.590305 0
0.687353 0.0626467 0.25
0.21319 0.144369 0.642441
0.75 8.32667e-17 0.25
0.372433 0.0445106 0.583057
0.961202 0.0387983 0
0.196087 0.259908 0.544005
2.63614e-17 0.474885 0.525115
0.806265 0.193735 0
0.397221 0.0918808 0.510898
0.123534 0.876466 0
0.0411599 0.95884 0
0.130762 0.181875 0.687363
3.58613e-17 0.646019 0.353981
0.0392785 0.505905 0.454817
0.20574 0.79426 0
0.582404 0.167596 0.25
0.336178 0.289843 0.373979
0.328324 0.671676 0
0.0571292 0.220646 0.722225
0.0945122 1.0493e-17 0.905488
0.689046 0.310954 0
0.530137 0.469863 0
1.82629e-17 0.328995 0.671005
0.442509 4.91284e-17 0.557491
