0.331947 0.343257 0.324797
0.369107 0.630893 0
0.0794739 0.273664 0.646862
2.79692e-17 0.503847 0.496153
0.75 8.32667e-17 0.25
0.609364 0.390636 0
3.75752e-17 0.676894 0.323106
0.157151 0.115367 0.727481
0.254075 0.382193 0.363732
0.297252 0.428185 0.274564
0.417564 0.182213 0.400223
0.232895 0.0796227 0.687482
0.0379549 0.53785 0.424195
0.31294 0.0318219 0.655239
0.688391 0.311609 0
0.0927093 0.56774 0.339551
0.0922697 0.345112 0.562618
1.0629e-17 0.191475 0.808525
0.205867 0.794133 0
0.648996 0.351004 0
0.38037 4.22295e-17 0.61963
0.0768108 0.155475 0.767714
0.671543 0.0760122 0.252445
0.189859 0.163993 0.646148
0.45147 5.01232e-17 0.54853
0.415564 0.313105 0.271331
0.379008 0.138989 0.482003
0.578993 0.104836 0.316171
0.450101 0.549899 0
0.252339 0.497661 0.25
0.129474 0.382089 0.488437
0.268432 0.123118 0.608451
0.460425 0.101666 0.437909
0.922802 0.0771976 0
0.0271273 0.235992 0.73688
6.62874e-18 3.50046e-17 1
1 0 0
0.767189 0.232811 0
0.147442 0.24916 0.603398
0.0738322 0.676168 0.25
0.537093 0.0703627 0.392544
0.171463 0.419192 0.409345
0.130642 0.497215 0.372143
0.343788 0.0869748 0.569238
0.576365 6.39894e-17 0.423635
0.961414 0.0385861 0
0.224485 0.209946 0.565569
0.0577458 0.635053 0.307202
0.0385689 0.43161 0.529822
0.0289468 0.120444 0.850609
0.8062 0.1938 0
0.12377 0.87623 0
0.687212 7.62959e-17 0.312788
0.176321 0.297432 0.526247
0.845192 0.154808 0
0.506089 0.0147871 0.479124
3.35171e-17 0.603791 0.396209
0.213812 0.339478 0.44671
0.538463 0.195236 0.266301
0.569633 0.430367 0
0.338108 0.219792 0.4421
0.0826338 0.917366 0
0.529907 0.470093 0
0.484286 0.265714 0.25
0.058595 0 0.941405
5.55112e-17 1 0
0.366669 0.383331 0.25
0.0299554 0.339049 0.630996
0.294653 0.300457 0.40489
0.0875526 0.033359 0.879088
0.884023 0.115977 0
0.0869879 0.460988 0.452024
0.498737 0.149199 0.352064
0.164873 0.835127 0
4.53303e-18 0.0816598 0.91834
0.287759 0.712241 0
0.727914 0.272086 0
0.160305 1.77975e-17 0.839695
0.273094 3.03195e-17 0.726906
4.16334e-17 0.75 0.25
0.0414079 0.958592 0
1.67202e-17 0.301204 0.698796
0.606679 0.143321 0.25
0.328536 0.671464 0
0.257825 0.256438 0.485737
0.490074 0.509926 0
0.452665 0.226225 0.321111
0.180221 0.53694 0.282839
0.112626 0.198509 0.688866
0.147689 0.602311 0.25
0.20281 0.0261794 0.771011
0.302248 0.172059 0.525693
0.246904 0.753096 0
0.623115 0.0258309 0.351054
0 0.404427 0.595573
0.212851 0.458614 0.328535
0.117051 0.0787279 0.804221
0.417881 0.0632932 0.518826
0.409653 0.590347 0
0.37625 0.264612 0.359139
