0.84896 0.15104 0
1.91588e-17 0.345135 0.654865
0.275031 0.277403 0.447565
0.00783163 0.122202 0.869966
0.0112485 0.5358 0.452952
0.0672714 0.0120717 0.920657
0.108686 0.245024 0.64629
0.656671 0.0933292 0.25
0.466213 0.533787 0
0.438469 0.071105 0.490426
0.363729 0.360175 0.276096
0.886831 0.113169 0
0.234534 0 0.765466
0.520435 0.0304593 0.449106
0.516585 0.156215 0.3272
0.484591 0.242963 0.272445
0.161508 0.158251 0.680241
0.189428 0.319916 0.490656
0.962284 0.0377158 0
0.129978 0.115737 0.754286
0.0778234 0.211134 0.711042
3.37978e-17 0.608847 0.391153
0.58192 0.41808 0
0.318705 0.192904 0.488391
0.555434 0.194566 0.25
0.130589 0 0.869411
0.145907 0.400405 0.453688
0.182872 0.439411 0.377717
4.99719e-17 8.8806e-17 1
0.197057 0.196593 0.60635
5.55112e-17 1 0
0.0387698 0.96123 0
0.349792 0.650208 0
0.235046 0.237596 0.527357
0.321726 0.428274 0.25
0.0657195 0.316478 0.617802
0.20883 0.0716 0.71957
0.271911 0.728089 0
1 0 0
0.92459 0.0754101 0
0.27342 0.396283 0.330297
0.155215 0.844785 0
0.685639 0.0288646 0.285496
0.310845 0.689155 0
0.278987 0.154391 0.566623
0.811049 0.188951 0
0.479526 0.112741 0.407734
0.735111 0.264889 0
0.232983 0.767017 0
0.0581528 0.160215 0.781632
0.0988632 0.488641 0.412496
0.38865 0.61135 0
0.174236 0.575764 0.25
1.50627e-17 0.271345 0.728655
0.658642 0.341358 0
0.435987 0.314013 0.25
0.75 8.32667e-17 0.25
0.0860317 0.0781655 0.835803
0.0997129 0.612492 0.287795
0.299545 3.32562e-17 0.700455
2.64364e-17 0.476236 0.523764
4.16334e-17 0.75 0.25
0.076342 0.673658 0.25
0.245927 0.106494 0.647579
0.58644 6.51079e-17 0.41356
0.0643749 0.573281 0.362344
0.0678111 0.441572 0.490617
3.63019e-18 0.0653957 0.934604
0.15057 0.280073 0.569358
0.0775624 0.922438 0
0.231409 0.358246 0.410345
0.417716 4.63758e-17 0.582284
0.483217 5.36479e-17 0.516783
0.596612 0.117542 0.285846
0.543455 0.456545 0
0.219615 0.473821 0.306564
0.504889 0.495111 0
0.00229383 0.680606 0.3171
0.142074 0.52643 0.331496
0.116385 0.883615 0
0.320754 0.0739599 0.605286
0.773133 0.226867 0
0.102032 0.361409 0.536559
0.0125772 0.40533 0.582093
0.427387 0.572613 0
0.168009 0.0306562 0.801334
0.353665 0.00994537 0.63639
0.398031 0.275976 0.325992
0.357181 0.235773 0.407046
0.363864 0.104714 0.531421
0.562055 0.0736156 0.364329
1.09006e-17 0.196367 0.803633
0.69703 0.30297 0
0.439597 0.197217 0.363187
0.317177 0.318398 0.364425
0.194099 0.805901 0
0.399139 0.153517 0.447344
0.247969 0.502031 0.25
0.650143 7.21803e-17 0.349857
0.620363 0.379637 0
