0.385329 0.614671 0
0.24858 0.0926814 0.658739
0.0842801 0.588118 0.327602
0.474804 0.0834527 0.441743
0.683893 0.00487059 0.311237
0.0790349 0.076881 0.844084
0.376612 0.373388 0.25
1 0 0
0.131916 0.393293 0.474791
1.91249e-17 0.344523 0.655477
0.884917 0.115083 0
0.406192 0 0.593808
2.29785e-17 0.413944 0.586056
0.548924 0.175273 0.275803
0.670868 0.0709714 0.258161
0.261426 0.385971 0.352603
0.303924 3.37423e-17 0.696076
1.28347e-17 0.231209 0.768791
0.134507 0.615493 0.25
0.346878 0.653122 0
0.0637093 0.00032322 0.935967
0.539159 0.460841 0
0.282028 0.131553 0.58642
3.44739e-17 0.621027 0.378973
0.96164 0.0383596 0
0.0351146 0.553118 0.411768
0.0121702 0.0644056 0.923424
0.341999 0.338865 0.319136
0.127794 1.4188e-17 0.872206
0.362232 0.085388 0.55238
4.16334e-17 0.75 0.25
0.037821 0.443742 0.518437
2.86618e-17 0.516325 0.483675
0.502128 0.247872 0.25
0.423798 0.576202 0
0.119465 0.110294 0.770241
0.0674279 0.313882 0.61869
0.731381 0.268619 0
0.220417 0.346974 0.432608
0.19769 0.181696 0.620614
0.396896 0.125519 0.477585
0.654522 0.345478 0
0.923279 0.0767209 0
0.616069 0.383931 0
0.462245 0.537755 0
0.84656 0.15344 0
0.304449 0.300335 0.395215
0.305098 0.42937 0.265532
0.808175 0.191825 0
0.500703 0.499297 0
0.148879 0.268776 0.582345
5.7961e-17 1.01957e-18 1
0.614901 0.135099 0.25
0.622618 6.91245e-17 0.377382
0.431171 0.169535 0.399294
0.249711 0.500289 0.25
0.128279 0.511523 0.360199
0.0306614 0.160754 0.808585
0.308427 0.691573 0
0.466662 0.210747 0.322591
0.213684 0.464732 0.321583
0.115841 0.884159 0
0.351152 0.214968 0.43388
0.0934391 0.358313 0.548248
0.111562 0.230979 0.657459
7.01858e-18 0.126435 0.873565
0.166028 0.026321 0.807651
0.769778 0.230222 0
0.173656 0.428675 0.397669
0.0871096 0.473418 0.439472
0.17717 0.548637 0.274193
0.192899 0.807101 0
0.0386338 0.961366 0
0.235451 2.61403e-17 0.764549
0.315374 0.173905 0.510721
0.431694 0.301839 0.266467
0.554842 0.0326446 0.412514
0.232653 0.220781 0.546565
0.067241 0.682759 0.25
0.231445 0.768555 0
0.692949 0.307051 0
0.20436 0.0670094 0.728631
0.512914 0.125192 0.361894
0.160446 0.146296 0.693258
0.388769 0.257646 0.353585
0.515716 5.7256e-17 0.484284
0.445074 0.0311075 0.523818
0.57762 0.42238 0
0.15437 0.84563 0
0.0772457 0.922754 0
0.0239319 0.275337 0.700731
0.0781687 0.190648 0.731183
0.588992 0.0835261 0.327482
0.75 8.32667e-17 0.25
0.01422 0.670339 0.315441
0.182276 0.308851 0.508873
0.333421 0.0369615 0.629617
5.55112e-17 1 0
0.269974 0.730026 0
0.267391 0.261163 0.471446
